5714	1
0	0	17	1.0
1	0	58	1.0
2	0	64	1.0
3	0	82	1.0
4	0	96	1.0
5	0	127	1.0
6	0	134	1.0
7	0	163	1.0
8	0	252	1.0
9	0	310	1.0
10	0	379	1.0
11	0	383	1.0
12	0	395	1.0
13	1	12	1.0
14	1	50	1.0
15	1	113	1.0
16	1	132	1.0
17	1	160	1.0
18	1	172	1.0
19	1	230	1.0
20	1	323	1.0
21	1	335	1.0
22	1	372	1.0
23	1	393	1.0
24	1	401	1.0
25	1	444	1.0
26	1	487	1.0
27	1	491	1.0
28	2	27	1.0
29	2	43	1.0
30	2	54	1.0
31	2	81	1.0
32	2	99	1.0
33	2	171	1.0
34	2	185	1.0
35	2	208	1.0
36	2	334	1.0
37	2	443	1.0
38	2	499	1.0
39	3	53	1.0
40	3	56	1.0
41	3	168	1.0
42	3	245	1.0
43	3	352	1.0
44	3	367	1.0
45	3	371	1.0
46	3	385	1.0
47	3	415	1.0
48	3	428	1.0
49	3	462	1.0
50	4	23	1.0
51	4	115	1.0
52	4	123	1.0
53	4	241	1.0
54	4	246	1.0
55	4	268	1.0
56	4	302	1.0
57	4	361	1.0
58	4	364	1.0
59	4	389	1.0
60	4	402	1.0
61	4	433	1.0
62	4	436	1.0
63	5	118	1.0
64	5	250	1.0
65	5	288	1.0
66	5	377	1.0
67	5	396	1.0
68	5	417	1.0
69	5	441	1.0
70	5	447	1.0
71	5	480	1.0
72	5	493	1.0
73	6	21	1.0
74	6	26	1.0
75	6	88	1.0
76	6	204	1.0
77	6	270	1.0
78	6	271	1.0
79	6	289	1.0
80	6	350	1.0
81	6	370	1.0
82	6	423	1.0
83	6	497	1.0
84	7	8	1.0
85	7	36	1.0
86	7	37	1.0
87	7	47	1.0
88	7	52	1.0
89	7	190	1.0
90	7	236	1.0
91	7	315	1.0
92	7	422	1.0
93	7	497	1.0
94	8	36	1.0
95	8	37	1.0
96	8	190	1.0
97	8	236	1.0
98	8	315	1.0
99	8	350	1.0
100	8	408	1.0
101	8	422	1.0
102	8	497	1.0
103	9	16	1.0
104	9	25	1.0
105	9	114	1.0
106	9	175	1.0
107	9	206	1.0
108	9	233	1.0
109	9	248	1.0
110	9	256	1.0
111	9	373	1.0
112	9	386	1.0
113	9	417	1.0
114	9	441	1.0
115	10	35	1.0
116	10	48	1.0
117	10	57	1.0
118	10	87	1.0
119	10	110	1.0
120	10	154	1.0
121	10	219	1.0
122	10	255	1.0
123	10	296	1.0
124	10	408	1.0
125	10	410	1.0
126	10	431	1.0
127	10	478	1.0
128	11	24	1.0
129	11	146	1.0
130	11	151	1.0
131	11	189	1.0
132	11	286	1.0
133	11	312	1.0
134	11	341	1.0
135	11	356	1.0
136	11	392	1.0
137	11	446	1.0
138	11	460	1.0
139	11	492	1.0
140	12	132	1.0
141	12	143	1.0
142	12	155	1.0
143	12	230	1.0
144	12	323	1.0
145	12	324	1.0
146	12	335	1.0
147	12	393	1.0
148	12	401	1.0
149	13	31	1.0
150	13	49	1.0
151	13	85	1.0
152	13	126	1.0
153	13	244	1.0
154	13	272	1.0
155	13	329	1.0
156	13	416	1.0
157	13	435	1.0
158	13	456	1.0
159	14	22	1.0
160	14	75	1.0
161	14	76	1.0
162	14	101	1.0
163	14	148	1.0
164	14	213	1.0
165	14	266	1.0
166	14	297	1.0
167	14	397	1.0
168	14	403	1.0
169	14	413	1.0
170	14	439	1.0
171	14	450	1.0
172	15	34	1.0
173	15	68	1.0
174	15	151	1.0
175	15	191	1.0
176	15	197	1.0
177	15	202	1.0
178	15	242	1.0
179	15	267	1.0
180	15	300	1.0
181	15	392	1.0
182	16	25	1.0
183	16	114	1.0
184	16	175	1.0
185	16	206	1.0
186	16	233	1.0
187	16	248	1.0
188	16	373	1.0
189	16	386	1.0
190	16	441	1.0
191	17	58	1.0
192	17	127	1.0
193	17	134	1.0
194	17	163	1.0
195	17	260	1.0
196	17	264	1.0
197	17	308	1.0
198	17	309	1.0
199	17	310	1.0
200	17	395	1.0
201	17	432	1.0
202	18	46	1.0
203	18	71	1.0
204	18	144	1.0
205	18	194	1.0
206	18	209	1.0
207	18	262	1.0
208	18	333	1.0
209	18	357	1.0
210	18	360	1.0
211	18	378	1.0
212	18	453	1.0
213	18	484	1.0
214	19	98	1.0
215	19	102	1.0
216	19	145	1.0
217	19	150	1.0
218	19	152	1.0
219	19	156	1.0
220	19	169	1.0
221	19	186	1.0
222	19	276	1.0
223	19	320	1.0
224	19	353	1.0
225	19	473	1.0
226	20	62	1.0
227	20	116	1.0
228	20	187	1.0
229	20	193	1.0
230	20	196	1.0
231	20	205	1.0
232	20	304	1.0
233	20	340	1.0
234	20	458	1.0
235	20	486	1.0
236	20	488	1.0
237	21	26	1.0
238	21	115	1.0
239	21	117	1.0
240	21	123	1.0
241	21	188	1.0
242	21	277	1.0
243	21	289	1.0
244	21	389	1.0
245	21	423	1.0
246	21	481	1.0
247	22	44	1.0
248	22	76	1.0
249	22	140	1.0
250	22	142	1.0
251	22	148	1.0
252	22	225	1.0
253	22	266	1.0
254	22	275	1.0
255	22	297	1.0
256	22	397	1.0
257	22	439	1.0
258	22	445	1.0
259	22	450	1.0
260	23	72	1.0
261	23	180	1.0
262	23	241	1.0
263	23	246	1.0
264	23	268	1.0
265	23	338	1.0
266	23	364	1.0
267	23	402	1.0
268	23	409	1.0
269	23	411	1.0
270	23	433	1.0
271	23	436	1.0
272	24	146	1.0
273	24	151	1.0
274	24	286	1.0
275	24	312	1.0
276	24	358	1.0
277	24	381	1.0
278	24	449	1.0
279	24	475	1.0
280	24	492	1.0
281	25	73	1.0
282	25	114	1.0
283	25	174	1.0
284	25	175	1.0
285	25	206	1.0
286	25	233	1.0
287	25	256	1.0
288	25	298	1.0
289	25	322	1.0
290	25	373	1.0
291	25	386	1.0
292	25	419	1.0
293	25	421	1.0
294	25	441	1.0
295	26	115	1.0
296	26	123	1.0
297	26	188	1.0
298	26	270	1.0
299	26	271	1.0
300	26	289	1.0
301	26	302	1.0
302	26	306	1.0
303	26	370	1.0
304	26	389	1.0
305	27	30	1.0
306	27	54	1.0
307	27	81	1.0
308	27	99	1.0
309	27	167	1.0
310	27	171	1.0
311	27	208	1.0
312	27	249	1.0
313	27	334	1.0
314	27	347	1.0
315	27	457	1.0
316	27	465	1.0
317	28	45	1.0
318	28	74	1.0
319	28	84	1.0
320	28	127	1.0
321	28	166	1.0
322	28	182	1.0
323	28	220	1.0
324	28	318	1.0
325	28	434	1.0
326	28	467	1.0
327	29	47	1.0
328	29	52	1.0
329	29	87	1.0
330	29	165	1.0
331	29	236	1.0
332	29	237	1.0
333	29	243	1.0
334	29	339	1.0
335	29	363	1.0
336	29	418	1.0
337	30	54	1.0
338	30	93	1.0
339	30	122	1.0
340	30	124	1.0
341	30	131	1.0
342	30	164	1.0
343	30	231	1.0
344	30	334	1.0
345	30	347	1.0
346	30	366	1.0
347	30	443	1.0
348	30	457	1.0
349	31	49	1.0
350	31	119	1.0
351	31	126	1.0
352	31	244	1.0
353	31	329	1.0
354	31	435	1.0
355	31	456	1.0
356	31	459	1.0
357	31	471	1.0
358	32	57	1.0
359	32	66	1.0
360	32	109	1.0
361	32	112	1.0
362	32	120	1.0
363	32	282	1.0
364	32	284	1.0
365	32	294	1.0
366	32	325	1.0
367	32	355	1.0
368	32	429	1.0
369	32	478	1.0
370	33	114	1.0
371	33	174	1.0
372	33	256	1.0
373	33	267	1.0
374	33	285	1.0
375	33	322	1.0
376	33	343	1.0
377	33	396	1.0
378	33	400	1.0
379	33	419	1.0
380	33	421	1.0
381	34	55	1.0
382	34	68	1.0
383	34	83	1.0
384	34	97	1.0
385	34	151	1.0
386	34	191	1.0
387	34	197	1.0
388	34	242	1.0
389	34	313	1.0
390	34	358	1.0
391	34	449	1.0
392	34	475	1.0
393	35	48	1.0
394	35	57	1.0
395	35	110	1.0
396	35	120	1.0
397	35	154	1.0
398	35	219	1.0
399	35	255	1.0
400	35	316	1.0
401	35	325	1.0
402	35	408	1.0
403	35	410	1.0
404	35	431	1.0
405	35	472	1.0
406	35	478	1.0
407	36	37	1.0
408	36	190	1.0
409	36	204	1.0
410	36	236	1.0
411	36	315	1.0
412	36	325	1.0
413	36	350	1.0
414	36	355	1.0
415	36	408	1.0
416	36	422	1.0
417	37	47	1.0
418	37	236	1.0
419	37	279	1.0
420	37	299	1.0
421	37	363	1.0
422	37	422	1.0
423	37	497	1.0
424	38	111	1.0
425	38	133	1.0
426	38	135	1.0
427	38	147	1.0
428	38	247	1.0
429	38	306	1.0
430	38	351	1.0
431	38	361	1.0
432	38	370	1.0
433	38	474	1.0
434	38	479	1.0
435	39	42	1.0
436	39	46	1.0
437	39	213	1.0
438	39	248	1.0
439	39	321	1.0
440	39	333	1.0
441	39	360	1.0
442	39	388	1.0
443	39	453	1.0
444	39	477	1.0
445	39	484	1.0
446	40	67	1.0
447	40	116	1.0
448	40	130	1.0
449	40	179	1.0
450	40	193	1.0
451	40	196	1.0
452	40	254	1.0
453	40	317	1.0
454	40	319	1.0
455	40	344	1.0
456	40	463	1.0
457	40	469	1.0
458	41	44	1.0
459	41	77	1.0
460	41	136	1.0
461	41	140	1.0
462	41	200	1.0
463	41	229	1.0
464	41	259	1.0
465	41	376	1.0
466	41	384	1.0
467	41	399	1.0
468	41	407	1.0
469	41	468	1.0
470	42	104	1.0
471	42	137	1.0
472	42	192	1.0
473	42	232	1.0
474	42	248	1.0
475	42	314	1.0
476	42	321	1.0
477	42	327	1.0
478	42	337	1.0
479	42	345	1.0
480	42	477	1.0
481	43	81	1.0
482	43	99	1.0
483	43	113	1.0
484	43	171	1.0
485	43	208	1.0
486	43	263	1.0
487	43	269	1.0
488	43	464	1.0
489	43	499	1.0
490	44	59	1.0
491	44	94	1.0
492	44	140	1.0
493	44	142	1.0
494	44	225	1.0
495	44	275	1.0
496	44	376	1.0
497	44	399	1.0
498	44	439	1.0
499	44	445	1.0
500	44	450	1.0
501	45	74	1.0
502	45	84	1.0
503	45	166	1.0
504	45	220	1.0
505	45	303	1.0
506	45	318	1.0
507	45	332	1.0
508	45	434	1.0
509	45	467	1.0
510	46	144	1.0
511	46	194	1.0
512	46	262	1.0
513	46	321	1.0
514	46	333	1.0
515	46	360	1.0
516	46	388	1.0
517	46	426	1.0
518	46	453	1.0
519	46	484	1.0
520	47	52	1.0
521	47	165	1.0
522	47	236	1.0
523	47	237	1.0
524	47	243	1.0
525	47	339	1.0
526	47	363	1.0
527	47	418	1.0
528	47	422	1.0
529	47	497	1.0
530	48	52	1.0
531	48	57	1.0
532	48	110	1.0
533	48	120	1.0
534	48	236	1.0
535	48	255	1.0
536	48	325	1.0
537	48	408	1.0
538	49	119	1.0
539	49	126	1.0
540	49	244	1.0
541	49	272	1.0
542	49	329	1.0
543	49	416	1.0
544	49	435	1.0
545	49	456	1.0
546	50	113	1.0
547	50	132	1.0
548	50	160	1.0
549	50	172	1.0
550	50	230	1.0
551	50	269	1.0
552	50	372	1.0
553	50	444	1.0
554	50	487	1.0
555	50	491	1.0
556	51	86	1.0
557	51	95	1.0
558	51	198	1.0
559	51	213	1.0
560	51	214	1.0
561	51	239	1.0
562	51	380	1.0
563	51	388	1.0
564	51	477	1.0
565	51	484	1.0
566	52	87	1.0
567	52	110	1.0
568	52	165	1.0
569	52	236	1.0
570	52	237	1.0
571	52	243	1.0
572	52	339	1.0
573	52	363	1.0
574	52	418	1.0
575	53	56	1.0
576	53	130	1.0
577	53	245	1.0
578	53	305	1.0
579	53	367	1.0
580	53	371	1.0
581	53	385	1.0
582	53	394	1.0
583	53	470	1.0
584	54	81	1.0
585	54	124	1.0
586	54	131	1.0
587	54	171	1.0
588	54	334	1.0
589	54	347	1.0
590	54	443	1.0
591	54	457	1.0
592	55	68	1.0
593	55	83	1.0
594	55	191	1.0
595	55	197	1.0
596	55	242	1.0
597	55	258	1.0
598	55	267	1.0
599	55	278	1.0
600	55	326	1.0
601	55	343	1.0
602	55	365	1.0
603	56	89	1.0
604	56	107	1.0
605	56	168	1.0
606	56	245	1.0
607	56	352	1.0
608	56	367	1.0
609	56	371	1.0
610	56	385	1.0
611	56	415	1.0
612	56	428	1.0
613	57	110	1.0
614	57	120	1.0
615	57	219	1.0
616	57	255	1.0
617	57	282	1.0
618	57	316	1.0
619	57	325	1.0
620	57	408	1.0
621	57	410	1.0
622	57	472	1.0
623	57	478	1.0
624	58	64	1.0
625	58	82	1.0
626	58	96	1.0
627	58	134	1.0
628	58	195	1.0
629	58	252	1.0
630	58	310	1.0
631	58	379	1.0
632	58	383	1.0
633	58	395	1.0
634	59	94	1.0
635	59	140	1.0
636	59	225	1.0
637	59	275	1.0
638	59	297	1.0
639	59	342	1.0
640	59	376	1.0
641	59	390	1.0
642	59	399	1.0
643	59	450	1.0
644	59	461	1.0
645	60	61	1.0
646	60	80	1.0
647	60	91	1.0
648	60	159	1.0
649	60	173	1.0
650	60	375	1.0
651	60	404	1.0
652	60	481	1.0
653	60	495	1.0
654	60	498	1.0
655	61	80	1.0
656	61	91	1.0
657	61	117	1.0
658	61	159	1.0
659	61	173	1.0
660	61	277	1.0
661	61	375	1.0
662	61	481	1.0
663	61	498	1.0
664	62	187	1.0
665	62	193	1.0
666	62	196	1.0
667	62	205	1.0
668	62	304	1.0
669	62	340	1.0
670	62	344	1.0
671	62	382	1.0
672	62	458	1.0
673	62	486	1.0
674	62	488	1.0
675	63	102	1.0
676	63	145	1.0
677	63	154	1.0
678	63	169	1.0
679	63	199	1.0
680	63	261	1.0
681	63	296	1.0
682	63	316	1.0
683	63	410	1.0
684	63	472	1.0
685	63	473	1.0
686	64	96	1.0
687	64	127	1.0
688	64	163	1.0
689	64	182	1.0
690	64	195	1.0
691	64	226	1.0
692	64	252	1.0
693	64	310	1.0
694	64	379	1.0
695	64	383	1.0
696	64	395	1.0
697	64	467	1.0
698	65	93	1.0
699	65	122	1.0
700	65	158	1.0
701	65	167	1.0
702	65	231	1.0
703	65	249	1.0
704	65	347	1.0
705	65	366	1.0
706	65	451	1.0
707	65	465	1.0
708	66	109	1.0
709	66	190	1.0
710	66	204	1.0
711	66	207	1.0
712	66	223	1.0
713	66	238	1.0
714	66	311	1.0
715	66	315	1.0
716	66	336	1.0
717	66	355	1.0
718	66	420	1.0
719	67	121	1.0
720	67	130	1.0
721	67	161	1.0
722	67	179	1.0
723	67	254	1.0
724	67	317	1.0
725	67	319	1.0
726	67	394	1.0
727	67	463	1.0
728	67	469	1.0
729	67	470	1.0
730	68	83	1.0
731	68	151	1.0
732	68	191	1.0
733	68	197	1.0
734	68	202	1.0
735	68	242	1.0
736	68	300	1.0
737	68	365	1.0
738	69	99	1.0
739	69	125	1.0
740	69	134	1.0
741	69	208	1.0
742	69	211	1.0
743	69	257	1.0
744	69	260	1.0
745	69	287	1.0
746	69	308	1.0
747	69	309	1.0
748	69	414	1.0
749	69	432	1.0
750	69	451	1.0
751	69	465	1.0
752	70	78	1.0
753	70	100	1.0
754	70	170	1.0
755	70	228	1.0
756	70	273	1.0
757	70	349	1.0
758	70	424	1.0
759	70	430	1.0
760	70	448	1.0
761	70	485	1.0
762	71	155	1.0
763	71	178	1.0
764	71	198	1.0
765	71	209	1.0
766	71	214	1.0
767	71	274	1.0
768	71	357	1.0
769	71	362	1.0
770	71	378	1.0
771	71	453	1.0
772	72	77	1.0
773	72	103	1.0
774	72	200	1.0
775	72	241	1.0
776	72	301	1.0
777	72	338	1.0
778	72	384	1.0
779	72	406	1.0
780	72	411	1.0
781	72	468	1.0
782	73	104	1.0
783	73	114	1.0
784	73	149	1.0
785	73	175	1.0
786	73	203	1.0
787	73	251	1.0
788	73	298	1.0
789	73	322	1.0
790	73	373	1.0
791	73	419	1.0
792	73	421	1.0
793	74	84	1.0
794	74	85	1.0
795	74	166	1.0
796	74	220	1.0
797	74	303	1.0
798	74	318	1.0
799	74	332	1.0
800	74	434	1.0
801	75	76	1.0
802	75	101	1.0
803	75	148	1.0
804	75	266	1.0
805	75	403	1.0
806	75	413	1.0
807	75	438	1.0
808	75	442	1.0
809	75	482	1.0
810	76	101	1.0
811	76	142	1.0
812	76	148	1.0
813	76	266	1.0
814	76	403	1.0
815	76	413	1.0
816	76	439	1.0
817	76	450	1.0
818	77	103	1.0
819	77	200	1.0
820	77	229	1.0
821	77	259	1.0
822	77	301	1.0
823	77	338	1.0
824	77	384	1.0
825	77	406	1.0
826	77	468	1.0
827	78	100	1.0
828	78	141	1.0
829	78	170	1.0
830	78	349	1.0
831	78	359	1.0
832	78	424	1.0
833	78	430	1.0
834	78	448	1.0
835	78	485	1.0
836	79	92	1.0
837	79	108	1.0
838	79	207	1.0
839	79	223	1.0
840	79	274	1.0
841	79	311	1.0
842	79	328	1.0
843	79	336	1.0
844	79	362	1.0
845	79	374	1.0
846	79	420	1.0
847	80	91	1.0
848	80	117	1.0
849	80	159	1.0
850	80	173	1.0
851	80	188	1.0
852	80	277	1.0
853	80	375	1.0
854	80	423	1.0
855	80	481	1.0
856	81	99	1.0
857	81	171	1.0
858	81	208	1.0
859	81	257	1.0
860	81	334	1.0
861	81	499	1.0
862	82	100	1.0
863	82	134	1.0
864	82	228	1.0
865	82	240	1.0
866	82	252	1.0
867	82	260	1.0
868	82	273	1.0
869	82	287	1.0
870	82	310	1.0
871	82	379	1.0
872	82	383	1.0
873	82	391	1.0
874	82	395	1.0
875	82	414	1.0
876	83	97	1.0
877	83	191	1.0
878	83	197	1.0
879	83	242	1.0
880	83	258	1.0
881	83	278	1.0
882	83	358	1.0
883	84	85	1.0
884	84	139	1.0
885	84	166	1.0
886	84	220	1.0
887	84	221	1.0
888	84	303	1.0
889	84	318	1.0
890	84	332	1.0
891	84	434	1.0
892	84	454	1.0
893	85	139	1.0
894	85	166	1.0
895	85	221	1.0
896	85	272	1.0
897	85	303	1.0
898	85	332	1.0
899	85	435	1.0
900	86	95	1.0
901	86	198	1.0
902	86	213	1.0
903	86	239	1.0
904	86	342	1.0
905	86	380	1.0
906	86	388	1.0
907	86	390	1.0
908	86	397	1.0
909	86	489	1.0
910	87	110	1.0
911	87	154	1.0
912	87	165	1.0
913	87	237	1.0
914	87	243	1.0
915	87	296	1.0
916	87	339	1.0
917	87	418	1.0
918	87	431	1.0
919	88	190	1.0
920	88	204	1.0
921	88	238	1.0
922	88	270	1.0
923	88	271	1.0
924	88	315	1.0
925	88	350	1.0
926	88	370	1.0
927	88	479	1.0
928	89	107	1.0
929	89	157	1.0
930	89	162	1.0
931	89	245	1.0
932	89	348	1.0
933	89	367	1.0
934	89	371	1.0
935	89	490	1.0
936	89	496	1.0
937	90	150	1.0
938	90	156	1.0
939	90	181	1.0
940	90	186	1.0
941	90	227	1.0
942	90	283	1.0
943	90	295	1.0
944	90	323	1.0
945	90	324	1.0
946	90	353	1.0
947	91	117	1.0
948	91	159	1.0
949	91	173	1.0
950	91	188	1.0
951	91	277	1.0
952	91	375	1.0
953	91	423	1.0
954	91	481	1.0
955	92	108	1.0
956	92	109	1.0
957	92	112	1.0
958	92	143	1.0
959	92	282	1.0
960	92	284	1.0
961	92	294	1.0
962	92	311	1.0
963	92	328	1.0
964	92	362	1.0
965	92	368	1.0
966	92	374	1.0
967	92	429	1.0
968	93	122	1.0
969	93	124	1.0
970	93	131	1.0
971	93	158	1.0
972	93	164	1.0
973	93	231	1.0
974	93	347	1.0
975	93	366	1.0
976	94	140	1.0
977	94	225	1.0
978	94	275	1.0
979	94	297	1.0
980	94	342	1.0
981	94	376	1.0
982	94	390	1.0
983	94	399	1.0
984	94	450	1.0
985	94	461	1.0
986	95	178	1.0
987	95	198	1.0
988	95	214	1.0
989	95	239	1.0
990	95	274	1.0
991	95	342	1.0
992	95	380	1.0
993	95	489	1.0
994	96	127	1.0
995	96	163	1.0
996	96	182	1.0
997	96	310	1.0
998	96	379	1.0
999	96	395	1.0
1000	96	467	1.0
1001	97	119	1.0
1002	97	244	1.0
1003	97	258	1.0
1004	97	278	1.0
1005	97	313	1.0
1006	97	329	1.0
1007	97	440	1.0
1008	97	456	1.0
1009	97	471	1.0
1010	98	152	1.0
1011	98	156	1.0
1012	98	181	1.0
1013	98	185	1.0
1014	98	186	1.0
1015	98	276	1.0
1016	98	283	1.0
1017	98	320	1.0
1018	98	353	1.0
1019	99	171	1.0
1020	99	208	1.0
1021	99	257	1.0
1022	99	334	1.0
1023	99	464	1.0
1024	99	499	1.0
1025	100	170	1.0
1026	100	195	1.0
1027	100	228	1.0
1028	100	240	1.0
1029	100	273	1.0
1030	100	349	1.0
1031	100	391	1.0
1032	100	414	1.0
1033	100	424	1.0
1034	100	447	1.0
1035	101	142	1.0
1036	101	148	1.0
1037	101	210	1.0
1038	101	216	1.0
1039	101	235	1.0
1040	101	265	1.0
1041	101	266	1.0
1042	101	387	1.0
1043	101	403	1.0
1044	101	413	1.0
1045	101	442	1.0
1046	102	145	1.0
1047	102	156	1.0
1048	102	169	1.0
1049	102	199	1.0
1050	102	276	1.0
1051	102	320	1.0
1052	102	353	1.0
1053	102	473	1.0
1054	103	200	1.0
1055	103	215	1.0
1056	103	229	1.0
1057	103	301	1.0
1058	103	338	1.0
1059	103	384	1.0
1060	103	406	1.0
1061	103	468	1.0
1062	104	137	1.0
1063	104	192	1.0
1064	104	203	1.0
1065	104	298	1.0
1066	104	327	1.0
1067	104	345	1.0
1068	104	373	1.0
1069	104	386	1.0
1070	105	141	1.0
1071	105	144	1.0
1072	105	184	1.0
1073	105	209	1.0
1074	105	230	1.0
1075	105	357	1.0
1076	105	393	1.0
1077	105	401	1.0
1078	105	430	1.0
1079	105	448	1.0
1080	105	485	1.0
1081	106	168	1.0
1082	106	177	1.0
1083	106	201	1.0
1084	106	212	1.0
1085	106	290	1.0
1086	106	291	1.0
1087	106	341	1.0
1088	106	352	1.0
1089	106	412	1.0
1090	106	415	1.0
1091	106	428	1.0
1092	106	437	1.0
1093	106	462	1.0
1094	107	157	1.0
1095	107	162	1.0
1096	107	245	1.0
1097	107	348	1.0
1098	107	367	1.0
1099	107	371	1.0
1100	107	483	1.0
1101	107	490	1.0
1102	107	496	1.0
1103	108	155	1.0
1104	108	274	1.0
1105	108	284	1.0
1106	108	294	1.0
1107	108	311	1.0
1108	108	328	1.0
1109	108	336	1.0
1110	108	362	1.0
1111	108	374	1.0
1112	108	420	1.0
1113	109	120	1.0
1114	109	190	1.0
1115	109	207	1.0
1116	109	223	1.0
1117	109	284	1.0
1118	109	294	1.0
1119	109	311	1.0
1120	109	325	1.0
1121	109	336	1.0
1122	109	355	1.0
1123	109	420	1.0
1124	110	120	1.0
1125	110	255	1.0
1126	110	325	1.0
1127	110	408	1.0
1128	110	431	1.0
1129	110	478	1.0
1130	111	133	1.0
1131	111	135	1.0
1132	111	147	1.0
1133	111	247	1.0
1134	111	306	1.0
1135	111	351	1.0
1136	111	361	1.0
1137	111	364	1.0
1138	111	370	1.0
1139	111	433	1.0
1140	112	143	1.0
1141	112	282	1.0
1142	112	284	1.0
1143	112	294	1.0
1144	112	324	1.0
1145	112	328	1.0
1146	112	368	1.0
1147	112	374	1.0
1148	112	429	1.0
1149	113	141	1.0
1150	113	160	1.0
1151	113	172	1.0
1152	113	184	1.0
1153	113	263	1.0
1154	113	269	1.0
1155	113	359	1.0
1156	113	372	1.0
1157	113	444	1.0
1158	113	487	1.0
1159	113	499	1.0
1160	114	174	1.0
1161	114	175	1.0
1162	114	206	1.0
1163	114	256	1.0
1164	114	298	1.0
1165	114	322	1.0
1166	114	396	1.0
1167	114	419	1.0
1168	114	421	1.0
1169	114	441	1.0
1170	115	123	1.0
1171	115	188	1.0
1172	115	277	1.0
1173	115	289	1.0
1174	115	302	1.0
1175	115	306	1.0
1176	115	389	1.0
1177	116	179	1.0
1178	116	193	1.0
1179	116	196	1.0
1180	116	317	1.0
1181	116	319	1.0
1182	116	458	1.0
1183	116	463	1.0
1184	116	488	1.0
1185	117	159	1.0
1186	117	188	1.0
1187	117	277	1.0
1188	117	289	1.0
1189	117	375	1.0
1190	117	423	1.0
1191	117	481	1.0
1192	118	170	1.0
1193	118	195	1.0
1194	118	250	1.0
1195	118	288	1.0
1196	118	377	1.0
1197	118	417	1.0
1198	118	441	1.0
1199	118	447	1.0
1200	118	480	1.0
1201	118	493	1.0
1202	119	126	1.0
1203	119	244	1.0
1204	119	253	1.0
1205	119	329	1.0
1206	119	346	1.0
1207	119	427	1.0
1208	119	440	1.0
1209	119	455	1.0
1210	119	456	1.0
1211	119	459	1.0
1212	119	471	1.0
1213	119	494	1.0
1214	120	282	1.0
1215	120	294	1.0
1216	120	325	1.0
1217	120	355	1.0
1218	120	408	1.0
1219	120	478	1.0
1220	121	130	1.0
1221	121	161	1.0
1222	121	217	1.0
1223	121	254	1.0
1224	121	305	1.0
1225	121	307	1.0
1226	121	330	1.0
1227	121	369	1.0
1228	121	394	1.0
1229	121	470	1.0
1230	122	124	1.0
1231	122	131	1.0
1232	122	158	1.0
1233	122	164	1.0
1234	122	231	1.0
1235	122	347	1.0
1236	122	366	1.0
1237	123	135	1.0
1238	123	188	1.0
1239	123	289	1.0
1240	123	302	1.0
1241	123	306	1.0
1242	123	389	1.0
1243	124	131	1.0
1244	124	158	1.0
1245	124	164	1.0
1246	124	231	1.0
1247	124	347	1.0
1248	124	366	1.0
1249	124	443	1.0
1250	124	457	1.0
1251	125	167	1.0
1252	125	176	1.0
1253	125	211	1.0
1254	125	249	1.0
1255	125	257	1.0
1256	125	264	1.0
1257	125	308	1.0
1258	125	309	1.0
1259	125	432	1.0
1260	125	451	1.0
1261	125	465	1.0
1262	126	244	1.0
1263	126	253	1.0
1264	126	329	1.0
1265	126	416	1.0
1266	126	427	1.0
1267	126	456	1.0
1268	126	459	1.0
1269	126	471	1.0
1270	127	163	1.0
1271	127	182	1.0
1272	127	264	1.0
1273	127	310	1.0
1274	127	395	1.0
1275	127	467	1.0
1276	128	216	1.0
1277	128	217	1.0
1278	128	235	1.0
1279	128	305	1.0
1280	128	307	1.0
1281	128	330	1.0
1282	128	369	1.0
1283	128	382	1.0
1284	128	387	1.0
1285	128	442	1.0
1286	128	452	1.0
1287	129	136	1.0
1288	129	187	1.0
1289	129	205	1.0
1290	129	210	1.0
1291	129	215	1.0
1292	129	265	1.0
1293	129	304	1.0
1294	129	407	1.0
1295	129	445	1.0
1296	129	476	1.0
1297	129	486	1.0
1298	130	161	1.0
1299	130	179	1.0
1300	130	317	1.0
1301	130	319	1.0
1302	130	369	1.0
1303	130	385	1.0
1304	130	394	1.0
1305	130	463	1.0
1306	130	469	1.0
1307	130	470	1.0
1308	131	158	1.0
1309	131	164	1.0
1310	131	231	1.0
1311	131	347	1.0
1312	131	366	1.0
1313	131	443	1.0
1314	131	457	1.0
1315	132	160	1.0
1316	132	230	1.0
1317	132	323	1.0
1318	132	335	1.0
1319	132	372	1.0
1320	132	393	1.0
1321	132	401	1.0
1322	133	135	1.0
1323	133	147	1.0
1324	133	247	1.0
1325	133	351	1.0
1326	133	361	1.0
1327	133	364	1.0
1328	133	409	1.0
1329	133	433	1.0
1330	133	436	1.0
1331	133	461	1.0
1332	134	163	1.0
1333	134	260	1.0
1334	134	264	1.0
1335	134	287	1.0
1336	134	308	1.0
1337	134	309	1.0
1338	134	391	1.0
1339	134	395	1.0
1340	134	414	1.0
1341	134	432	1.0
1342	135	147	1.0
1343	135	247	1.0
1344	135	270	1.0
1345	135	271	1.0
1346	135	306	1.0
1347	135	351	1.0
1348	135	361	1.0
1349	135	370	1.0
1350	135	479	1.0
1351	136	200	1.0
1352	136	229	1.0
1353	136	259	1.0
1354	136	376	1.0
1355	136	384	1.0
1356	136	399	1.0
1357	136	407	1.0
1358	136	445	1.0
1359	136	468	1.0
1360	137	192	1.0
1361	137	232	1.0
1362	137	314	1.0
1363	137	321	1.0
1364	137	327	1.0
1365	137	337	1.0
1366	137	345	1.0
1367	137	477	1.0
1368	138	149	1.0
1369	138	202	1.0
1370	138	203	1.0
1371	138	222	1.0
1372	138	251	1.0
1373	138	291	1.0
1374	138	292	1.0
1375	138	293	1.0
1376	138	300	1.0
1377	138	398	1.0
1378	138	405	1.0
1379	139	221	1.0
1380	139	272	1.0
1381	139	303	1.0
1382	139	318	1.0
1383	139	332	1.0
1384	139	434	1.0
1385	139	435	1.0
1386	139	454	1.0
1387	140	225	1.0
1388	140	275	1.0
1389	140	297	1.0
1390	140	376	1.0
1391	140	390	1.0
1392	140	399	1.0
1393	140	439	1.0
1394	140	445	1.0
1395	140	450	1.0
1396	141	184	1.0
1397	141	230	1.0
1398	141	263	1.0
1399	141	269	1.0
1400	141	359	1.0
1401	141	393	1.0
1402	141	401	1.0
1403	141	430	1.0
1404	141	485	1.0
1405	142	210	1.0
1406	142	265	1.0
1407	142	407	1.0
1408	142	439	1.0
1409	142	445	1.0
1410	142	476	1.0
1411	143	155	1.0
1412	143	284	1.0
1413	143	294	1.0
1414	143	324	1.0
1415	143	328	1.0
1416	143	335	1.0
1417	143	368	1.0
1418	143	374	1.0
1419	143	429	1.0
1420	144	194	1.0
1421	144	209	1.0
1422	144	262	1.0
1423	144	357	1.0
1424	144	360	1.0
1425	144	378	1.0
1426	144	426	1.0
1427	144	453	1.0
1428	145	150	1.0
1429	145	156	1.0
1430	145	169	1.0
1431	145	199	1.0
1432	145	227	1.0
1433	145	276	1.0
1434	145	295	1.0
1435	145	320	1.0
1436	145	353	1.0
1437	145	473	1.0
1438	146	286	1.0
1439	146	312	1.0
1440	146	356	1.0
1441	146	358	1.0
1442	146	381	1.0
1443	146	449	1.0
1444	146	475	1.0
1445	146	492	1.0
1446	147	247	1.0
1447	147	306	1.0
1448	147	351	1.0
1449	147	361	1.0
1450	147	364	1.0
1451	147	409	1.0
1452	147	461	1.0
1453	147	474	1.0
1454	147	479	1.0
1455	148	213	1.0
1456	148	266	1.0
1457	148	397	1.0
1458	148	403	1.0
1459	148	413	1.0
1460	148	438	1.0
1461	148	482	1.0
1462	149	202	1.0
1463	149	203	1.0
1464	149	251	1.0
1465	149	267	1.0
1466	149	298	1.0
1467	149	322	1.0
1468	149	419	1.0
1469	149	421	1.0
1470	150	156	1.0
1471	150	169	1.0
1472	150	181	1.0
1473	150	186	1.0
1474	150	227	1.0
1475	150	276	1.0
1476	150	295	1.0
1477	150	320	1.0
1478	150	323	1.0
1479	150	353	1.0
1480	151	191	1.0
1481	151	197	1.0
1482	151	242	1.0
1483	151	300	1.0
1484	151	312	1.0
1485	151	356	1.0
1486	151	358	1.0
1487	151	381	1.0
1488	151	449	1.0
1489	151	475	1.0
1490	152	156	1.0
1491	152	181	1.0
1492	152	186	1.0
1493	152	276	1.0
1494	152	283	1.0
1495	152	320	1.0
1496	152	353	1.0
1497	152	443	1.0
1498	153	253	1.0
1499	153	313	1.0
1500	153	346	1.0
1501	153	358	1.0
1502	153	381	1.0
1503	153	427	1.0
1504	153	440	1.0
1505	153	455	1.0
1506	153	459	1.0
1507	153	471	1.0
1508	153	475	1.0
1509	153	494	1.0
1510	154	199	1.0
1511	154	219	1.0
1512	154	255	1.0
1513	154	296	1.0
1514	154	410	1.0
1515	154	431	1.0
1516	154	472	1.0
1517	155	209	1.0
1518	155	274	1.0
1519	155	328	1.0
1520	155	335	1.0
1521	155	357	1.0
1522	155	362	1.0
1523	155	374	1.0
1524	155	378	1.0
1525	156	186	1.0
1526	156	276	1.0
1527	156	320	1.0
1528	156	353	1.0
1529	156	473	1.0
1530	157	162	1.0
1531	157	222	1.0
1532	157	232	1.0
1533	157	337	1.0
1534	157	348	1.0
1535	157	367	1.0
1536	157	371	1.0
1537	157	483	1.0
1538	157	490	1.0
1539	157	496	1.0
1540	158	164	1.0
1541	158	231	1.0
1542	158	347	1.0
1543	158	366	1.0
1544	158	457	1.0
1545	159	173	1.0
1546	159	277	1.0
1547	159	279	1.0
1548	159	299	1.0
1549	159	375	1.0
1550	159	404	1.0
1551	159	423	1.0
1552	159	481	1.0
1553	159	498	1.0
1554	160	172	1.0
1555	160	230	1.0
1556	160	263	1.0
1557	160	269	1.0
1558	160	372	1.0
1559	160	393	1.0
1560	160	401	1.0
1561	160	444	1.0
1562	160	487	1.0
1563	160	491	1.0
1564	161	217	1.0
1565	161	254	1.0
1566	161	305	1.0
1567	161	330	1.0
1568	161	344	1.0
1569	161	369	1.0
1570	161	394	1.0
1571	161	469	1.0
1572	161	470	1.0
1573	162	192	1.0
1574	162	222	1.0
1575	162	232	1.0
1576	162	291	1.0
1577	162	314	1.0
1578	162	327	1.0
1579	162	337	1.0
1580	162	348	1.0
1581	162	483	1.0
1582	162	490	1.0
1583	162	496	1.0
1584	163	260	1.0
1585	163	264	1.0
1586	163	310	1.0
1587	163	395	1.0
1588	163	432	1.0
1589	164	231	1.0
1590	164	347	1.0
1591	164	366	1.0
1592	164	457	1.0
1593	165	183	1.0
1594	165	224	1.0
1595	165	236	1.0
1596	165	237	1.0
1597	165	243	1.0
1598	165	339	1.0
1599	165	354	1.0
1600	165	363	1.0
1601	165	418	1.0
1602	166	220	1.0
1603	166	221	1.0
1604	166	303	1.0
1605	166	318	1.0
1606	166	332	1.0
1607	166	434	1.0
1608	167	171	1.0
1609	167	176	1.0
1610	167	211	1.0
1611	167	249	1.0
1612	167	257	1.0
1613	167	451	1.0
1614	167	465	1.0
1615	168	201	1.0
1616	168	245	1.0
1617	168	331	1.0
1618	168	352	1.0
1619	168	367	1.0
1620	168	371	1.0
1621	168	385	1.0
1622	168	415	1.0
1623	168	428	1.0
1624	168	462	1.0
1625	169	199	1.0
1626	169	261	1.0
1627	169	295	1.0
1628	169	472	1.0
1629	169	473	1.0
1630	170	195	1.0
1631	170	228	1.0
1632	170	240	1.0
1633	170	273	1.0
1634	170	377	1.0
1635	170	391	1.0
1636	170	424	1.0
1637	170	447	1.0
1638	171	208	1.0
1639	171	211	1.0
1640	171	249	1.0
1641	171	257	1.0
1642	171	334	1.0
1643	172	185	1.0
1644	172	269	1.0
1645	172	283	1.0
1646	172	372	1.0
1647	172	444	1.0
1648	172	487	1.0
1649	172	491	1.0
1650	173	277	1.0
1651	173	375	1.0
1652	173	404	1.0
1653	173	481	1.0
1654	173	495	1.0
1655	173	498	1.0
1656	174	256	1.0
1657	174	285	1.0
1658	174	322	1.0
1659	174	396	1.0
1660	174	400	1.0
1661	174	419	1.0
1662	174	421	1.0
1663	174	480	1.0
1664	175	206	1.0
1665	175	233	1.0
1666	175	248	1.0
1667	175	298	1.0
1668	175	373	1.0
1669	175	386	1.0
1670	176	211	1.0
1671	176	249	1.0
1672	176	257	1.0
1673	176	264	1.0
1674	176	308	1.0
1675	176	309	1.0
1676	176	432	1.0
1677	176	451	1.0
1678	176	465	1.0
1679	177	222	1.0
1680	177	291	1.0
1681	177	292	1.0
1682	177	293	1.0
1683	177	398	1.0
1684	177	405	1.0
1685	177	428	1.0
1686	177	462	1.0
1687	177	483	1.0
1688	178	198	1.0
1689	178	214	1.0
1690	178	239	1.0
1691	178	274	1.0
1692	178	362	1.0
1693	178	378	1.0
1694	178	380	1.0
1695	178	489	1.0
1696	179	196	1.0
1697	179	254	1.0
1698	179	317	1.0
1699	179	319	1.0
1700	179	463	1.0
1701	179	469	1.0
1702	180	241	1.0
1703	180	246	1.0
1704	180	268	1.0
1705	180	338	1.0
1706	180	361	1.0
1707	180	364	1.0
1708	180	402	1.0
1709	180	409	1.0
1710	180	411	1.0
1711	180	433	1.0
1712	180	436	1.0
1713	181	185	1.0
1714	181	186	1.0
1715	181	283	1.0
1716	181	323	1.0
1717	181	353	1.0
1718	181	444	1.0
1719	181	487	1.0
1720	181	491	1.0
1721	182	220	1.0
1722	182	226	1.0
1723	182	280	1.0
1724	182	281	1.0
1725	182	379	1.0
1726	182	467	1.0
1727	183	224	1.0
1728	183	279	1.0
1729	183	299	1.0
1730	183	339	1.0
1731	183	354	1.0
1732	183	363	1.0
1733	183	404	1.0
1734	183	495	1.0
1735	183	498	1.0
1736	184	230	1.0
1737	184	263	1.0
1738	184	269	1.0
1739	184	359	1.0
1740	184	393	1.0
1741	184	401	1.0
1742	184	485	1.0
1743	185	283	1.0
1744	185	334	1.0
1745	185	443	1.0
1746	185	444	1.0
1747	185	487	1.0
1748	185	491	1.0
1749	186	227	1.0
1750	186	283	1.0
1751	186	295	1.0
1752	186	323	1.0
1753	186	353	1.0
1754	187	196	1.0
1755	187	205	1.0
1756	187	304	1.0
1757	187	340	1.0
1758	187	458	1.0
1759	187	476	1.0
1760	187	486	1.0
1761	187	488	1.0
1762	188	277	1.0
1763	188	289	1.0
1764	188	389	1.0
1765	188	481	1.0
1766	189	286	1.0
1767	189	290	1.0
1768	189	341	1.0
1769	189	356	1.0
1770	189	392	1.0
1771	189	412	1.0
1772	189	437	1.0
1773	189	446	1.0
1774	189	460	1.0
1775	189	492	1.0
1776	190	204	1.0
1777	190	315	1.0
1778	190	325	1.0
1779	190	350	1.0
1780	190	355	1.0
1781	190	422	1.0
1782	191	197	1.0
1783	191	202	1.0
1784	191	242	1.0
1785	191	267	1.0
1786	191	300	1.0
1787	192	203	1.0
1788	192	222	1.0
1789	192	232	1.0
1790	192	314	1.0
1791	192	327	1.0
1792	192	337	1.0
1793	192	345	1.0
1794	192	483	1.0
1795	193	196	1.0
1796	193	254	1.0
1797	193	319	1.0
1798	193	340	1.0
1799	193	458	1.0
1800	193	463	1.0
1801	193	488	1.0
1802	194	209	1.0
1803	194	233	1.0
1804	194	262	1.0
1805	194	333	1.0
1806	194	360	1.0
1807	194	426	1.0
1808	194	453	1.0
1809	195	226	1.0
1810	195	240	1.0
1811	195	252	1.0
1812	195	273	1.0
1813	195	280	1.0
1814	195	377	1.0
1815	195	379	1.0
1816	195	383	1.0
1817	195	447	1.0
1818	196	254	1.0
1819	196	317	1.0
1820	196	319	1.0
1821	196	344	1.0
1822	196	458	1.0
1823	196	469	1.0
1824	196	488	1.0
1825	197	202	1.0
1826	197	242	1.0
1827	197	300	1.0
1828	198	214	1.0
1829	198	239	1.0
1830	198	274	1.0
1831	198	378	1.0
1832	198	380	1.0
1833	198	453	1.0
1834	198	484	1.0
1835	198	489	1.0
1836	199	219	1.0
1837	199	296	1.0
1838	199	431	1.0
1839	199	472	1.0
1840	199	473	1.0
1841	200	229	1.0
1842	200	259	1.0
1843	200	301	1.0
1844	200	338	1.0
1845	200	384	1.0
1846	200	399	1.0
1847	200	406	1.0
1848	200	411	1.0
1849	200	468	1.0
1850	201	212	1.0
1851	201	290	1.0
1852	201	331	1.0
1853	201	352	1.0
1854	201	412	1.0
1855	201	415	1.0
1856	201	428	1.0
1857	201	437	1.0
1858	201	462	1.0
1859	202	242	1.0
1860	202	251	1.0
1861	202	267	1.0
1862	202	300	1.0
1863	203	222	1.0
1864	203	251	1.0
1865	203	298	1.0
1866	203	373	1.0
1867	203	398	1.0
1868	204	207	1.0
1869	204	223	1.0
1870	204	238	1.0
1871	204	270	1.0
1872	204	315	1.0
1873	204	350	1.0
1874	205	215	1.0
1875	205	304	1.0
1876	205	340	1.0
1877	205	458	1.0
1878	205	476	1.0
1879	205	486	1.0
1880	206	233	1.0
1881	206	256	1.0
1882	206	322	1.0
1883	206	386	1.0
1884	206	417	1.0
1885	206	441	1.0
1886	207	223	1.0
1887	207	238	1.0
1888	207	336	1.0
1889	207	420	1.0
1890	207	474	1.0
1891	207	479	1.0
1892	208	257	1.0
1893	208	464	1.0
1894	208	499	1.0
1895	209	262	1.0
1896	209	357	1.0
1897	209	360	1.0
1898	209	378	1.0
1899	209	453	1.0
1900	210	216	1.0
1901	210	235	1.0
1902	210	265	1.0
1903	210	304	1.0
1904	210	407	1.0
1905	210	445	1.0
1906	210	476	1.0
1907	210	486	1.0
1908	211	249	1.0
1909	211	257	1.0
1910	211	308	1.0
1911	211	309	1.0
1912	211	432	1.0
1913	211	451	1.0
1914	211	465	1.0
1915	212	290	1.0
1916	212	331	1.0
1917	212	352	1.0
1918	212	412	1.0
1919	212	415	1.0
1920	212	428	1.0
1921	212	437	1.0
1922	212	462	1.0
1923	213	321	1.0
1924	213	388	1.0
1925	213	397	1.0
1926	213	477	1.0
1927	213	482	1.0
1928	214	239	1.0
1929	214	274	1.0
1930	214	378	1.0
1931	214	380	1.0
1932	214	453	1.0
1933	214	489	1.0
1934	215	229	1.0
1935	215	301	1.0
1936	215	304	1.0
1937	215	340	1.0
1938	215	384	1.0
1939	215	406	1.0
1940	215	486	1.0
1941	216	235	1.0
1942	216	265	1.0
1943	216	307	1.0
1944	216	382	1.0
1945	216	387	1.0
1946	216	403	1.0
1947	216	442	1.0
1948	216	452	1.0
1949	216	476	1.0
1950	217	235	1.0
1951	217	254	1.0
1952	217	307	1.0
1953	217	330	1.0
1954	217	344	1.0
1955	217	369	1.0
1956	217	382	1.0
1957	217	394	1.0
1958	217	452	1.0
1959	218	244	1.0
1960	218	258	1.0
1961	218	272	1.0
1962	218	278	1.0
1963	218	326	1.0
1964	218	343	1.0
1965	218	365	1.0
1966	218	400	1.0
1967	218	416	1.0
1968	218	435	1.0
1969	218	456	1.0
1970	219	255	1.0
1971	219	261	1.0
1972	219	296	1.0
1973	219	316	1.0
1974	219	410	1.0
1975	219	431	1.0
1976	219	472	1.0
1977	219	478	1.0
1978	220	281	1.0
1979	220	318	1.0
1980	220	425	1.0
1981	220	434	1.0
1982	220	454	1.0
1983	220	467	1.0
1984	221	272	1.0
1985	221	303	1.0
1986	221	318	1.0
1987	221	332	1.0
1988	221	425	1.0
1989	221	434	1.0
1990	221	454	1.0
1991	221	466	1.0
1992	222	291	1.0
1993	222	292	1.0
1994	222	293	1.0
1995	222	398	1.0
1996	222	483	1.0
1997	223	238	1.0
1998	223	311	1.0
1999	223	336	1.0
2000	223	355	1.0
2001	223	420	1.0
2002	223	474	1.0
2003	224	279	1.0
2004	224	299	1.0
2005	224	339	1.0
2006	224	354	1.0
2007	224	363	1.0
2008	224	404	1.0
2009	224	495	1.0
2010	224	498	1.0
2011	225	275	1.0
2012	225	297	1.0
2013	225	342	1.0
2014	225	376	1.0
2015	225	390	1.0
2016	225	450	1.0
2017	225	461	1.0
2018	226	250	1.0
2019	226	252	1.0
2020	226	280	1.0
2021	226	281	1.0
2022	226	288	1.0
2023	226	379	1.0
2024	226	467	1.0
2025	226	493	1.0
2026	227	261	1.0
2027	227	295	1.0
2028	227	316	1.0
2029	227	323	1.0
2030	227	324	1.0
2031	227	335	1.0
2032	227	353	1.0
2033	228	240	1.0
2034	228	273	1.0
2035	228	287	1.0
2036	228	349	1.0
2037	228	383	1.0
2038	228	391	1.0
2039	228	414	1.0
2040	228	464	1.0
2041	229	259	1.0
2042	229	301	1.0
2043	229	384	1.0
2044	229	406	1.0
2045	229	468	1.0
2046	230	269	1.0
2047	230	372	1.0
2048	230	393	1.0
2049	230	401	1.0
2050	231	347	1.0
2051	231	366	1.0
2052	231	457	1.0
2053	232	314	1.0
2054	232	327	1.0
2055	232	337	1.0
2056	232	345	1.0
2057	232	348	1.0
2058	232	482	1.0
2059	232	483	1.0
2060	232	490	1.0
2061	232	496	1.0
2062	233	248	1.0
2063	233	262	1.0
2064	233	386	1.0
2065	233	417	1.0
2066	233	426	1.0
2067	233	441	1.0
2068	234	250	1.0
2069	234	280	1.0
2070	234	281	1.0
2071	234	288	1.0
2072	234	425	1.0
2073	234	434	1.0
2074	234	454	1.0
2075	234	466	1.0
2076	234	480	1.0
2077	234	493	1.0
2078	235	265	1.0
2079	235	382	1.0
2080	235	403	1.0
2081	235	442	1.0
2082	235	452	1.0
2083	235	476	1.0
2084	236	237	1.0
2085	236	363	1.0
2086	236	408	1.0
2087	236	418	1.0
2088	236	422	1.0
2089	236	497	1.0
2090	237	243	1.0
2091	237	339	1.0
2092	237	363	1.0
2093	237	418	1.0
2094	238	336	1.0
2095	238	350	1.0
2096	238	420	1.0
2097	238	474	1.0
2098	238	479	1.0
2099	239	342	1.0
2100	239	380	1.0
2101	239	388	1.0
2102	239	489	1.0
2103	240	252	1.0
2104	240	273	1.0
2105	240	377	1.0
2106	240	379	1.0
2107	240	383	1.0
2108	240	447	1.0
2109	241	246	1.0
2110	241	268	1.0
2111	241	302	1.0
2112	241	338	1.0
2113	241	361	1.0
2114	241	364	1.0
2115	241	402	1.0
2116	241	409	1.0
2117	241	411	1.0
2118	241	433	1.0
2119	241	436	1.0
2120	242	267	1.0
2121	242	300	1.0
2122	243	296	1.0
2123	243	339	1.0
2124	243	363	1.0
2125	243	418	1.0
2126	243	431	1.0
2127	244	258	1.0
2128	244	272	1.0
2129	244	278	1.0
2130	244	329	1.0
2131	244	416	1.0
2132	244	435	1.0
2133	244	456	1.0
2134	245	305	1.0
2135	245	367	1.0
2136	245	371	1.0
2137	245	385	1.0
2138	246	268	1.0
2139	246	302	1.0
2140	246	364	1.0
2141	246	389	1.0
2142	246	402	1.0
2143	246	433	1.0
2144	246	436	1.0
2145	247	271	1.0
2146	247	306	1.0
2147	247	351	1.0
2148	247	361	1.0
2149	247	370	1.0
2150	247	409	1.0
2151	247	474	1.0
2152	247	479	1.0
2153	248	321	1.0
2154	248	333	1.0
2155	248	373	1.0
2156	248	386	1.0
2157	249	257	1.0
2158	249	451	1.0
2159	249	465	1.0
2160	250	280	1.0
2161	250	288	1.0
2162	250	377	1.0
2163	250	425	1.0
2164	250	466	1.0
2165	250	480	1.0
2166	250	493	1.0
2167	251	292	1.0
2168	251	293	1.0
2169	251	298	1.0
2170	251	398	1.0
2171	251	405	1.0
2172	252	273	1.0
2173	252	310	1.0
2174	252	379	1.0
2175	252	383	1.0
2176	252	395	1.0
2177	253	346	1.0
2178	253	427	1.0
2179	253	440	1.0
2180	253	455	1.0
2181	253	459	1.0
2182	253	471	1.0
2183	253	494	1.0
2184	254	317	1.0
2185	254	344	1.0
2186	254	369	1.0
2187	254	463	1.0
2188	254	469	1.0
2189	254	470	1.0
2190	255	296	1.0
2191	255	325	1.0
2192	255	408	1.0
2193	255	410	1.0
2194	255	431	1.0
2195	255	472	1.0
2196	255	478	1.0
2197	256	322	1.0
2198	256	396	1.0
2199	256	419	1.0
2200	256	421	1.0
2201	256	441	1.0
2202	257	260	1.0
2203	257	287	1.0
2204	257	308	1.0
2205	257	309	1.0
2206	257	414	1.0
2207	257	432	1.0
2208	257	451	1.0
2209	257	465	1.0
2210	258	278	1.0
2211	258	326	1.0
2212	258	343	1.0
2213	258	365	1.0
2214	258	416	1.0
2215	259	301	1.0
2216	259	376	1.0
2217	259	384	1.0
2218	259	399	1.0
2219	259	406	1.0
2220	259	407	1.0
2221	259	468	1.0
2222	260	264	1.0
2223	260	287	1.0
2224	260	308	1.0
2225	260	309	1.0
2226	260	414	1.0
2227	260	432	1.0
2228	261	295	1.0
2229	261	316	1.0
2230	261	324	1.0
2231	261	410	1.0
2232	261	429	1.0
2233	261	472	1.0
2234	262	333	1.0
2235	262	357	1.0
2236	262	360	1.0
2237	262	426	1.0
2238	263	269	1.0
2239	263	349	1.0
2240	263	359	1.0
2241	263	464	1.0
2242	263	499	1.0
2243	264	308	1.0
2244	264	309	1.0
2245	264	432	1.0
2246	265	304	1.0
2247	265	407	1.0
2248	265	445	1.0
2249	265	476	1.0
2250	266	297	1.0
2251	266	397	1.0
2252	266	439	1.0
2253	266	450	1.0
2254	267	285	1.0
2255	267	300	1.0
2256	267	343	1.0
2257	267	365	1.0
2258	268	302	1.0
2259	268	338	1.0
2260	268	389	1.0
2261	268	402	1.0
2262	268	433	1.0
2263	269	359	1.0
2264	269	372	1.0
2265	269	401	1.0
2266	269	487	1.0
2267	269	499	1.0
2268	270	271	1.0
2269	270	289	1.0
2270	270	306	1.0
2271	270	350	1.0
2272	270	370	1.0
2273	271	289	1.0
2274	271	306	1.0
2275	271	350	1.0
2276	271	370	1.0
2277	271	479	1.0
2278	272	278	1.0
2279	272	326	1.0
2280	272	416	1.0
2281	272	435	1.0
2282	273	377	1.0
2283	273	383	1.0
2284	273	391	1.0
2285	273	447	1.0
2286	274	328	1.0
2287	274	362	1.0
2288	274	380	1.0
2289	274	489	1.0
2290	275	297	1.0
2291	275	342	1.0
2292	275	390	1.0
2293	275	397	1.0
2294	275	450	1.0
2295	275	461	1.0
2296	276	320	1.0
2297	276	353	1.0
2298	276	473	1.0
2299	277	289	1.0
2300	277	375	1.0
2301	277	423	1.0
2302	277	481	1.0
2303	278	326	1.0
2304	278	329	1.0
2305	278	343	1.0
2306	278	365	1.0
2307	278	416	1.0
2308	278	456	1.0
2309	278	471	1.0
2310	279	299	1.0
2311	279	354	1.0
2312	279	404	1.0
2313	279	423	1.0
2314	279	495	1.0
2315	279	497	1.0
2316	280	281	1.0
2317	280	288	1.0
2318	280	425	1.0
2319	280	467	1.0
2320	280	480	1.0
2321	280	493	1.0
2322	281	288	1.0
2323	281	425	1.0
2324	281	434	1.0
2325	281	454	1.0
2326	281	466	1.0
2327	281	467	1.0
2328	282	284	1.0
2329	282	294	1.0
2330	282	316	1.0
2331	282	355	1.0
2332	282	368	1.0
2333	282	429	1.0
2334	282	478	1.0
2335	283	353	1.0
2336	283	444	1.0
2337	283	487	1.0
2338	283	491	1.0
2339	284	294	1.0
2340	284	311	1.0
2341	284	328	1.0
2342	284	362	1.0
2343	284	368	1.0
2344	284	374	1.0
2345	284	429	1.0
2346	285	326	1.0
2347	285	343	1.0
2348	285	365	1.0
2349	285	396	1.0
2350	285	400	1.0
2351	285	419	1.0
2352	285	421	1.0
2353	286	312	1.0
2354	286	356	1.0
2355	286	381	1.0
2356	286	446	1.0
2357	286	449	1.0
2358	286	492	1.0
2359	287	308	1.0
2360	287	391	1.0
2361	287	414	1.0
2362	287	464	1.0
2363	288	377	1.0
2364	288	425	1.0
2365	288	466	1.0
2366	288	480	1.0
2367	288	493	1.0
2368	289	370	1.0
2369	289	423	1.0
2370	290	331	1.0
2371	290	352	1.0
2372	290	412	1.0
2373	290	415	1.0
2374	290	437	1.0
2375	290	462	1.0
2376	291	292	1.0
2377	291	293	1.0
2378	291	398	1.0
2379	291	405	1.0
2380	291	483	1.0
2381	292	293	1.0
2382	292	341	1.0
2383	292	392	1.0
2384	292	398	1.0
2385	292	405	1.0
2386	292	446	1.0
2387	292	460	1.0
2388	293	341	1.0
2389	293	392	1.0
2390	293	398	1.0
2391	293	405	1.0
2392	293	446	1.0
2393	293	460	1.0
2394	294	311	1.0
2395	294	355	1.0
2396	294	368	1.0
2397	294	374	1.0
2398	294	429	1.0
2399	295	316	1.0
2400	295	323	1.0
2401	295	324	1.0
2402	295	353	1.0
2403	295	368	1.0
2404	296	431	1.0
2405	296	472	1.0
2406	297	342	1.0
2407	297	390	1.0
2408	297	397	1.0
2409	297	450	1.0
2410	298	373	1.0
2411	298	386	1.0
2412	299	354	1.0
2413	299	404	1.0
2414	299	423	1.0
2415	299	495	1.0
2416	299	497	1.0
2417	300	392	1.0
2418	301	338	1.0
2419	301	384	1.0
2420	301	406	1.0
2421	301	468	1.0
2422	302	361	1.0
2423	302	389	1.0
2424	302	402	1.0
2425	303	318	1.0
2426	303	332	1.0
2427	303	434	1.0
2428	304	340	1.0
2429	304	458	1.0
2430	304	476	1.0
2431	304	486	1.0
2432	305	307	1.0
2433	305	330	1.0
2434	305	367	1.0
2435	305	369	1.0
2436	305	371	1.0
2437	305	394	1.0
2438	305	470	1.0
2439	306	370	1.0
2440	306	479	1.0
2441	307	330	1.0
2442	307	369	1.0
2443	307	382	1.0
2444	307	387	1.0
2445	307	394	1.0
2446	307	442	1.0
2447	307	452	1.0
2448	307	470	1.0
2449	308	309	1.0
2450	308	432	1.0
2451	309	432	1.0
2452	309	451	1.0
2453	310	379	1.0
2454	310	383	1.0
2455	310	395	1.0
2456	311	336	1.0
2457	311	355	1.0
2458	311	362	1.0
2459	311	374	1.0
2460	311	420	1.0
2461	312	356	1.0
2462	312	381	1.0
2463	312	449	1.0
2464	312	475	1.0
2465	312	492	1.0
2466	313	346	1.0
2467	313	358	1.0
2468	313	381	1.0
2469	313	440	1.0
2470	313	449	1.0
2471	313	455	1.0
2472	313	471	1.0
2473	313	475	1.0
2474	313	494	1.0
2475	314	327	1.0
2476	314	337	1.0
2477	314	345	1.0
2478	314	348	1.0
2479	314	477	1.0
2480	314	482	1.0
2481	315	350	1.0
2482	315	355	1.0
2483	315	422	1.0
2484	316	410	1.0
2485	316	429	1.0
2486	316	472	1.0
2487	316	478	1.0
2488	317	319	1.0
2489	317	344	1.0
2490	317	463	1.0
2491	317	469	1.0
2492	318	332	1.0
2493	318	434	1.0
2494	318	454	1.0
2495	318	467	1.0
2496	319	463	1.0
2497	319	469	1.0
2498	320	353	1.0
2499	320	473	1.0
2500	321	333	1.0
2501	321	345	1.0
2502	321	388	1.0
2503	321	477	1.0
2504	322	396	1.0
2505	322	419	1.0
2506	322	421	1.0
2507	323	324	1.0
2508	323	335	1.0
2509	323	353	1.0
2510	324	335	1.0
2511	324	368	1.0
2512	324	429	1.0
2513	325	355	1.0
2514	325	408	1.0
2515	326	343	1.0
2516	326	365	1.0
2517	326	400	1.0
2518	326	466	1.0
2519	327	337	1.0
2520	327	345	1.0
2521	327	348	1.0
2522	327	482	1.0
2523	327	490	1.0
2524	328	335	1.0
2525	328	362	1.0
2526	328	368	1.0
2527	328	374	1.0
2528	329	416	1.0
2529	329	435	1.0
2530	329	456	1.0
2531	329	471	1.0
2532	330	369	1.0
2533	330	387	1.0
2534	330	394	1.0
2535	330	452	1.0
2536	330	470	1.0
2537	331	352	1.0
2538	331	412	1.0
2539	331	415	1.0
2540	331	428	1.0
2541	331	437	1.0
2542	331	462	1.0
2543	332	434	1.0
2544	333	360	1.0
2545	333	388	1.0
2546	333	426	1.0
2547	333	453	1.0
2548	333	477	1.0
2549	333	484	1.0
2550	334	347	1.0
2551	334	443	1.0
2552	334	457	1.0
2553	335	368	1.0
2554	336	420	1.0
2555	336	474	1.0
2556	337	345	1.0
2557	337	348	1.0
2558	337	483	1.0
2559	337	490	1.0
2560	337	496	1.0
2561	338	384	1.0
2562	338	406	1.0
2563	338	411	1.0
2564	338	468	1.0
2565	339	354	1.0
2566	339	363	1.0
2567	339	418	1.0
2568	340	458	1.0
2569	340	486	1.0
2570	340	488	1.0
2571	341	356	1.0
2572	341	392	1.0
2573	341	398	1.0
2574	341	405	1.0
2575	341	412	1.0
2576	341	446	1.0
2577	341	460	1.0
2578	342	390	1.0
2579	342	397	1.0
2580	342	461	1.0
2581	342	489	1.0
2582	343	365	1.0
2583	343	400	1.0
2584	344	369	1.0
2585	344	382	1.0
2586	344	452	1.0
2587	344	488	1.0
2588	345	477	1.0
2589	346	427	1.0
2590	346	440	1.0
2591	346	455	1.0
2592	346	459	1.0
2593	346	471	1.0
2594	346	494	1.0
2595	347	366	1.0
2596	347	443	1.0
2597	347	457	1.0
2598	348	438	1.0
2599	348	482	1.0
2600	348	483	1.0
2601	348	490	1.0
2602	348	496	1.0
2603	349	359	1.0
2604	349	391	1.0
2605	349	424	1.0
2606	349	430	1.0
2607	349	448	1.0
2608	349	464	1.0
2609	349	485	1.0
2610	350	370	1.0
2611	350	422	1.0
2612	351	361	1.0
2613	351	364	1.0
2614	351	409	1.0
2615	351	436	1.0
2616	351	461	1.0
2617	351	479	1.0
2618	352	412	1.0
2619	352	415	1.0
2620	352	428	1.0
2621	352	437	1.0
2622	352	462	1.0
2623	353	473	1.0
2624	354	363	1.0
2625	354	404	1.0
2626	354	495	1.0
2627	354	498	1.0
2628	356	392	1.0
2629	356	446	1.0
2630	356	460	1.0
2631	356	492	1.0
2632	357	360	1.0
2633	357	378	1.0
2634	357	453	1.0
2635	358	381	1.0
2636	358	440	1.0
2637	358	449	1.0
2638	358	475	1.0
2639	359	393	1.0
2640	359	401	1.0
2641	359	448	1.0
2642	359	485	1.0
2643	359	499	1.0
2644	360	378	1.0
2645	360	426	1.0
2646	360	453	1.0
2647	360	484	1.0
2648	361	364	1.0
2649	361	402	1.0
2650	361	409	1.0
2651	361	433	1.0
2652	361	436	1.0
2653	362	374	1.0
2654	362	420	1.0
2655	363	418	1.0
2656	364	402	1.0
2657	364	409	1.0
2658	364	411	1.0
2659	364	433	1.0
2660	364	436	1.0
2661	365	400	1.0
2662	366	457	1.0
2663	367	371	1.0
2664	367	385	1.0
2665	367	428	1.0
2666	368	374	1.0
2667	368	429	1.0
2668	369	382	1.0
2669	369	394	1.0
2670	369	452	1.0
2671	369	470	1.0
2672	370	479	1.0
2673	371	385	1.0
2674	372	444	1.0
2675	372	487	1.0
2676	372	491	1.0
2677	373	386	1.0
2678	374	429	1.0
2679	375	404	1.0
2680	375	423	1.0
2681	375	481	1.0
2682	375	495	1.0
2683	375	498	1.0
2684	376	399	1.0
2685	376	407	1.0
2686	376	439	1.0
2687	376	445	1.0
2688	377	417	1.0
2689	377	447	1.0
2690	377	493	1.0
2691	378	453	1.0
2692	378	484	1.0
2693	379	383	1.0
2694	379	395	1.0
2695	380	420	1.0
2696	380	489	1.0
2697	381	449	1.0
2698	381	475	1.0
2699	381	492	1.0
2700	382	387	1.0
2701	382	442	1.0
2702	382	452	1.0
2703	383	395	1.0
2704	384	406	1.0
2705	384	468	1.0
2706	385	415	1.0
2707	385	470	1.0
2708	387	403	1.0
2709	387	413	1.0
2710	387	438	1.0
2711	387	442	1.0
2712	387	452	1.0
2713	388	477	1.0
2714	388	484	1.0
2715	389	402	1.0
2716	390	450	1.0
2717	390	461	1.0
2718	391	414	1.0
2719	391	464	1.0
2720	392	398	1.0
2721	392	405	1.0
2722	392	446	1.0
2723	392	460	1.0
2724	393	401	1.0
2725	394	470	1.0
2726	396	400	1.0
2727	396	419	1.0
2728	396	421	1.0
2729	396	480	1.0
2730	397	450	1.0
2731	398	405	1.0
2732	398	460	1.0
2733	399	411	1.0
2734	399	468	1.0
2735	400	466	1.0
2736	400	480	1.0
2737	402	433	1.0
2738	402	436	1.0
2739	403	413	1.0
2740	403	438	1.0
2741	403	442	1.0
2742	404	495	1.0
2743	404	498	1.0
2744	405	446	1.0
2745	405	460	1.0
2746	406	468	1.0
2747	407	445	1.0
2748	407	476	1.0
2749	409	411	1.0
2750	409	433	1.0
2751	409	436	1.0
2752	410	431	1.0
2753	410	472	1.0
2754	410	478	1.0
2755	411	433	1.0
2756	411	436	1.0
2757	411	468	1.0
2758	412	415	1.0
2759	412	428	1.0
2760	412	437	1.0
2761	412	462	1.0
2762	413	438	1.0
2763	413	442	1.0
2764	413	482	1.0
2765	414	464	1.0
2766	415	428	1.0
2767	415	437	1.0
2768	415	462	1.0
2769	416	435	1.0
2770	416	456	1.0
2771	417	424	1.0
2772	417	426	1.0
2773	417	430	1.0
2774	417	441	1.0
2775	417	447	1.0
2776	417	448	1.0
2777	419	421	1.0
2778	420	474	1.0
2779	420	489	1.0
2780	422	497	1.0
2781	423	481	1.0
2782	423	497	1.0
2783	424	430	1.0
2784	424	447	1.0
2785	424	448	1.0
2786	424	485	1.0
2787	425	434	1.0
2788	425	454	1.0
2789	425	466	1.0
2790	425	480	1.0
2791	425	493	1.0
2792	426	430	1.0
2793	426	448	1.0
2794	427	440	1.0
2795	427	455	1.0
2796	427	459	1.0
2797	427	471	1.0
2798	427	494	1.0
2799	428	462	1.0
2800	429	478	1.0
2801	430	448	1.0
2802	430	485	1.0
2803	431	472	1.0
2804	433	436	1.0
2805	434	454	1.0
2806	434	466	1.0
2807	434	467	1.0
2808	435	456	1.0
2809	437	462	1.0
2810	438	442	1.0
2811	438	482	1.0
2812	438	490	1.0
2813	438	496	1.0
2814	439	445	1.0
2815	439	450	1.0
2816	440	455	1.0
2817	440	459	1.0
2818	440	471	1.0
2819	440	475	1.0
2820	440	494	1.0
2821	442	452	1.0
2822	443	457	1.0
2823	444	487	1.0
2824	444	491	1.0
2825	445	476	1.0
2826	446	460	1.0
2827	447	493	1.0
2828	448	485	1.0
2829	449	475	1.0
2830	449	492	1.0
2831	451	465	1.0
2832	453	484	1.0
2833	454	466	1.0
2834	455	459	1.0
2835	455	471	1.0
2836	455	494	1.0
2837	456	471	1.0
2838	458	486	1.0
2839	458	488	1.0
2840	459	471	1.0
2841	459	494	1.0
2842	461	474	1.0
2843	463	469	1.0
2844	464	499	1.0
2845	466	480	1.0
2846	471	494	1.0
2847	474	479	1.0
2848	475	492	1.0
2849	476	486	1.0
2850	480	493	1.0
2851	482	490	1.0
2852	482	496	1.0
2853	486	488	1.0
2854	487	491	1.0
2855	490	496	1.0
2856	495	498	1.0
2857	17	0	1.0
2858	58	0	1.0
2859	64	0	1.0
2860	82	0	1.0
2861	96	0	1.0
2862	127	0	1.0
2863	134	0	1.0
2864	163	0	1.0
2865	252	0	1.0
2866	310	0	1.0
2867	379	0	1.0
2868	383	0	1.0
2869	395	0	1.0
2870	12	1	1.0
2871	50	1	1.0
2872	113	1	1.0
2873	132	1	1.0
2874	160	1	1.0
2875	172	1	1.0
2876	230	1	1.0
2877	323	1	1.0
2878	335	1	1.0
2879	372	1	1.0
2880	393	1	1.0
2881	401	1	1.0
2882	444	1	1.0
2883	487	1	1.0
2884	491	1	1.0
2885	27	2	1.0
2886	43	2	1.0
2887	54	2	1.0
2888	81	2	1.0
2889	99	2	1.0
2890	171	2	1.0
2891	185	2	1.0
2892	208	2	1.0
2893	334	2	1.0
2894	443	2	1.0
2895	499	2	1.0
2896	53	3	1.0
2897	56	3	1.0
2898	168	3	1.0
2899	245	3	1.0
2900	352	3	1.0
2901	367	3	1.0
2902	371	3	1.0
2903	385	3	1.0
2904	415	3	1.0
2905	428	3	1.0
2906	462	3	1.0
2907	23	4	1.0
2908	115	4	1.0
2909	123	4	1.0
2910	241	4	1.0
2911	246	4	1.0
2912	268	4	1.0
2913	302	4	1.0
2914	361	4	1.0
2915	364	4	1.0
2916	389	4	1.0
2917	402	4	1.0
2918	433	4	1.0
2919	436	4	1.0
2920	118	5	1.0
2921	250	5	1.0
2922	288	5	1.0
2923	377	5	1.0
2924	396	5	1.0
2925	417	5	1.0
2926	441	5	1.0
2927	447	5	1.0
2928	480	5	1.0
2929	493	5	1.0
2930	21	6	1.0
2931	26	6	1.0
2932	88	6	1.0
2933	204	6	1.0
2934	270	6	1.0
2935	271	6	1.0
2936	289	6	1.0
2937	350	6	1.0
2938	370	6	1.0
2939	423	6	1.0
2940	497	6	1.0
2941	8	7	1.0
2942	36	7	1.0
2943	37	7	1.0
2944	47	7	1.0
2945	52	7	1.0
2946	190	7	1.0
2947	236	7	1.0
2948	315	7	1.0
2949	422	7	1.0
2950	497	7	1.0
2951	36	8	1.0
2952	37	8	1.0
2953	190	8	1.0
2954	236	8	1.0
2955	315	8	1.0
2956	350	8	1.0
2957	408	8	1.0
2958	422	8	1.0
2959	497	8	1.0
2960	16	9	1.0
2961	25	9	1.0
2962	114	9	1.0
2963	175	9	1.0
2964	206	9	1.0
2965	233	9	1.0
2966	248	9	1.0
2967	256	9	1.0
2968	373	9	1.0
2969	386	9	1.0
2970	417	9	1.0
2971	441	9	1.0
2972	35	10	1.0
2973	48	10	1.0
2974	57	10	1.0
2975	87	10	1.0
2976	110	10	1.0
2977	154	10	1.0
2978	219	10	1.0
2979	255	10	1.0
2980	296	10	1.0
2981	408	10	1.0
2982	410	10	1.0
2983	431	10	1.0
2984	478	10	1.0
2985	24	11	1.0
2986	146	11	1.0
2987	151	11	1.0
2988	189	11	1.0
2989	286	11	1.0
2990	312	11	1.0
2991	341	11	1.0
2992	356	11	1.0
2993	392	11	1.0
2994	446	11	1.0
2995	460	11	1.0
2996	492	11	1.0
2997	132	12	1.0
2998	143	12	1.0
2999	155	12	1.0
3000	230	12	1.0
3001	323	12	1.0
3002	324	12	1.0
3003	335	12	1.0
3004	393	12	1.0
3005	401	12	1.0
3006	31	13	1.0
3007	49	13	1.0
3008	85	13	1.0
3009	126	13	1.0
3010	244	13	1.0
3011	272	13	1.0
3012	329	13	1.0
3013	416	13	1.0
3014	435	13	1.0
3015	456	13	1.0
3016	22	14	1.0
3017	75	14	1.0
3018	76	14	1.0
3019	101	14	1.0
3020	148	14	1.0
3021	213	14	1.0
3022	266	14	1.0
3023	297	14	1.0
3024	397	14	1.0
3025	403	14	1.0
3026	413	14	1.0
3027	439	14	1.0
3028	450	14	1.0
3029	34	15	1.0
3030	68	15	1.0
3031	151	15	1.0
3032	191	15	1.0
3033	197	15	1.0
3034	202	15	1.0
3035	242	15	1.0
3036	267	15	1.0
3037	300	15	1.0
3038	392	15	1.0
3039	25	16	1.0
3040	114	16	1.0
3041	175	16	1.0
3042	206	16	1.0
3043	233	16	1.0
3044	248	16	1.0
3045	373	16	1.0
3046	386	16	1.0
3047	441	16	1.0
3048	58	17	1.0
3049	127	17	1.0
3050	134	17	1.0
3051	163	17	1.0
3052	260	17	1.0
3053	264	17	1.0
3054	308	17	1.0
3055	309	17	1.0
3056	310	17	1.0
3057	395	17	1.0
3058	432	17	1.0
3059	46	18	1.0
3060	71	18	1.0
3061	144	18	1.0
3062	194	18	1.0
3063	209	18	1.0
3064	262	18	1.0
3065	333	18	1.0
3066	357	18	1.0
3067	360	18	1.0
3068	378	18	1.0
3069	453	18	1.0
3070	484	18	1.0
3071	98	19	1.0
3072	102	19	1.0
3073	145	19	1.0
3074	150	19	1.0
3075	152	19	1.0
3076	156	19	1.0
3077	169	19	1.0
3078	186	19	1.0
3079	276	19	1.0
3080	320	19	1.0
3081	353	19	1.0
3082	473	19	1.0
3083	62	20	1.0
3084	116	20	1.0
3085	187	20	1.0
3086	193	20	1.0
3087	196	20	1.0
3088	205	20	1.0
3089	304	20	1.0
3090	340	20	1.0
3091	458	20	1.0
3092	486	20	1.0
3093	488	20	1.0
3094	26	21	1.0
3095	115	21	1.0
3096	117	21	1.0
3097	123	21	1.0
3098	188	21	1.0
3099	277	21	1.0
3100	289	21	1.0
3101	389	21	1.0
3102	423	21	1.0
3103	481	21	1.0
3104	44	22	1.0
3105	76	22	1.0
3106	140	22	1.0
3107	142	22	1.0
3108	148	22	1.0
3109	225	22	1.0
3110	266	22	1.0
3111	275	22	1.0
3112	297	22	1.0
3113	397	22	1.0
3114	439	22	1.0
3115	445	22	1.0
3116	450	22	1.0
3117	72	23	1.0
3118	180	23	1.0
3119	241	23	1.0
3120	246	23	1.0
3121	268	23	1.0
3122	338	23	1.0
3123	364	23	1.0
3124	402	23	1.0
3125	409	23	1.0
3126	411	23	1.0
3127	433	23	1.0
3128	436	23	1.0
3129	146	24	1.0
3130	151	24	1.0
3131	286	24	1.0
3132	312	24	1.0
3133	358	24	1.0
3134	381	24	1.0
3135	449	24	1.0
3136	475	24	1.0
3137	492	24	1.0
3138	73	25	1.0
3139	114	25	1.0
3140	174	25	1.0
3141	175	25	1.0
3142	206	25	1.0
3143	233	25	1.0
3144	256	25	1.0
3145	298	25	1.0
3146	322	25	1.0
3147	373	25	1.0
3148	386	25	1.0
3149	419	25	1.0
3150	421	25	1.0
3151	441	25	1.0
3152	115	26	1.0
3153	123	26	1.0
3154	188	26	1.0
3155	270	26	1.0
3156	271	26	1.0
3157	289	26	1.0
3158	302	26	1.0
3159	306	26	1.0
3160	370	26	1.0
3161	389	26	1.0
3162	30	27	1.0
3163	54	27	1.0
3164	81	27	1.0
3165	99	27	1.0
3166	167	27	1.0
3167	171	27	1.0
3168	208	27	1.0
3169	249	27	1.0
3170	334	27	1.0
3171	347	27	1.0
3172	457	27	1.0
3173	465	27	1.0
3174	45	28	1.0
3175	74	28	1.0
3176	84	28	1.0
3177	127	28	1.0
3178	166	28	1.0
3179	182	28	1.0
3180	220	28	1.0
3181	318	28	1.0
3182	434	28	1.0
3183	467	28	1.0
3184	47	29	1.0
3185	52	29	1.0
3186	87	29	1.0
3187	165	29	1.0
3188	236	29	1.0
3189	237	29	1.0
3190	243	29	1.0
3191	339	29	1.0
3192	363	29	1.0
3193	418	29	1.0
3194	54	30	1.0
3195	93	30	1.0
3196	122	30	1.0
3197	124	30	1.0
3198	131	30	1.0
3199	164	30	1.0
3200	231	30	1.0
3201	334	30	1.0
3202	347	30	1.0
3203	366	30	1.0
3204	443	30	1.0
3205	457	30	1.0
3206	49	31	1.0
3207	119	31	1.0
3208	126	31	1.0
3209	244	31	1.0
3210	329	31	1.0
3211	435	31	1.0
3212	456	31	1.0
3213	459	31	1.0
3214	471	31	1.0
3215	57	32	1.0
3216	66	32	1.0
3217	109	32	1.0
3218	112	32	1.0
3219	120	32	1.0
3220	282	32	1.0
3221	284	32	1.0
3222	294	32	1.0
3223	325	32	1.0
3224	355	32	1.0
3225	429	32	1.0
3226	478	32	1.0
3227	114	33	1.0
3228	174	33	1.0
3229	256	33	1.0
3230	267	33	1.0
3231	285	33	1.0
3232	322	33	1.0
3233	343	33	1.0
3234	396	33	1.0
3235	400	33	1.0
3236	419	33	1.0
3237	421	33	1.0
3238	55	34	1.0
3239	68	34	1.0
3240	83	34	1.0
3241	97	34	1.0
3242	151	34	1.0
3243	191	34	1.0
3244	197	34	1.0
3245	242	34	1.0
3246	313	34	1.0
3247	358	34	1.0
3248	449	34	1.0
3249	475	34	1.0
3250	48	35	1.0
3251	57	35	1.0
3252	110	35	1.0
3253	120	35	1.0
3254	154	35	1.0
3255	219	35	1.0
3256	255	35	1.0
3257	316	35	1.0
3258	325	35	1.0
3259	408	35	1.0
3260	410	35	1.0
3261	431	35	1.0
3262	472	35	1.0
3263	478	35	1.0
3264	37	36	1.0
3265	190	36	1.0
3266	204	36	1.0
3267	236	36	1.0
3268	315	36	1.0
3269	325	36	1.0
3270	350	36	1.0
3271	355	36	1.0
3272	408	36	1.0
3273	422	36	1.0
3274	47	37	1.0
3275	236	37	1.0
3276	279	37	1.0
3277	299	37	1.0
3278	363	37	1.0
3279	422	37	1.0
3280	497	37	1.0
3281	111	38	1.0
3282	133	38	1.0
3283	135	38	1.0
3284	147	38	1.0
3285	247	38	1.0
3286	306	38	1.0
3287	351	38	1.0
3288	361	38	1.0
3289	370	38	1.0
3290	474	38	1.0
3291	479	38	1.0
3292	42	39	1.0
3293	46	39	1.0
3294	213	39	1.0
3295	248	39	1.0
3296	321	39	1.0
3297	333	39	1.0
3298	360	39	1.0
3299	388	39	1.0
3300	453	39	1.0
3301	477	39	1.0
3302	484	39	1.0
3303	67	40	1.0
3304	116	40	1.0
3305	130	40	1.0
3306	179	40	1.0
3307	193	40	1.0
3308	196	40	1.0
3309	254	40	1.0
3310	317	40	1.0
3311	319	40	1.0
3312	344	40	1.0
3313	463	40	1.0
3314	469	40	1.0
3315	44	41	1.0
3316	77	41	1.0
3317	136	41	1.0
3318	140	41	1.0
3319	200	41	1.0
3320	229	41	1.0
3321	259	41	1.0
3322	376	41	1.0
3323	384	41	1.0
3324	399	41	1.0
3325	407	41	1.0
3326	468	41	1.0
3327	104	42	1.0
3328	137	42	1.0
3329	192	42	1.0
3330	232	42	1.0
3331	248	42	1.0
3332	314	42	1.0
3333	321	42	1.0
3334	327	42	1.0
3335	337	42	1.0
3336	345	42	1.0
3337	477	42	1.0
3338	81	43	1.0
3339	99	43	1.0
3340	113	43	1.0
3341	171	43	1.0
3342	208	43	1.0
3343	263	43	1.0
3344	269	43	1.0
3345	464	43	1.0
3346	499	43	1.0
3347	59	44	1.0
3348	94	44	1.0
3349	140	44	1.0
3350	142	44	1.0
3351	225	44	1.0
3352	275	44	1.0
3353	376	44	1.0
3354	399	44	1.0
3355	439	44	1.0
3356	445	44	1.0
3357	450	44	1.0
3358	74	45	1.0
3359	84	45	1.0
3360	166	45	1.0
3361	220	45	1.0
3362	303	45	1.0
3363	318	45	1.0
3364	332	45	1.0
3365	434	45	1.0
3366	467	45	1.0
3367	144	46	1.0
3368	194	46	1.0
3369	262	46	1.0
3370	321	46	1.0
3371	333	46	1.0
3372	360	46	1.0
3373	388	46	1.0
3374	426	46	1.0
3375	453	46	1.0
3376	484	46	1.0
3377	52	47	1.0
3378	165	47	1.0
3379	236	47	1.0
3380	237	47	1.0
3381	243	47	1.0
3382	339	47	1.0
3383	363	47	1.0
3384	418	47	1.0
3385	422	47	1.0
3386	497	47	1.0
3387	52	48	1.0
3388	57	48	1.0
3389	110	48	1.0
3390	120	48	1.0
3391	236	48	1.0
3392	255	48	1.0
3393	325	48	1.0
3394	408	48	1.0
3395	119	49	1.0
3396	126	49	1.0
3397	244	49	1.0
3398	272	49	1.0
3399	329	49	1.0
3400	416	49	1.0
3401	435	49	1.0
3402	456	49	1.0
3403	113	50	1.0
3404	132	50	1.0
3405	160	50	1.0
3406	172	50	1.0
3407	230	50	1.0
3408	269	50	1.0
3409	372	50	1.0
3410	444	50	1.0
3411	487	50	1.0
3412	491	50	1.0
3413	86	51	1.0
3414	95	51	1.0
3415	198	51	1.0
3416	213	51	1.0
3417	214	51	1.0
3418	239	51	1.0
3419	380	51	1.0
3420	388	51	1.0
3421	477	51	1.0
3422	484	51	1.0
3423	87	52	1.0
3424	110	52	1.0
3425	165	52	1.0
3426	236	52	1.0
3427	237	52	1.0
3428	243	52	1.0
3429	339	52	1.0
3430	363	52	1.0
3431	418	52	1.0
3432	56	53	1.0
3433	130	53	1.0
3434	245	53	1.0
3435	305	53	1.0
3436	367	53	1.0
3437	371	53	1.0
3438	385	53	1.0
3439	394	53	1.0
3440	470	53	1.0
3441	81	54	1.0
3442	124	54	1.0
3443	131	54	1.0
3444	171	54	1.0
3445	334	54	1.0
3446	347	54	1.0
3447	443	54	1.0
3448	457	54	1.0
3449	68	55	1.0
3450	83	55	1.0
3451	191	55	1.0
3452	197	55	1.0
3453	242	55	1.0
3454	258	55	1.0
3455	267	55	1.0
3456	278	55	1.0
3457	326	55	1.0
3458	343	55	1.0
3459	365	55	1.0
3460	89	56	1.0
3461	107	56	1.0
3462	168	56	1.0
3463	245	56	1.0
3464	352	56	1.0
3465	367	56	1.0
3466	371	56	1.0
3467	385	56	1.0
3468	415	56	1.0
3469	428	56	1.0
3470	110	57	1.0
3471	120	57	1.0
3472	219	57	1.0
3473	255	57	1.0
3474	282	57	1.0
3475	316	57	1.0
3476	325	57	1.0
3477	408	57	1.0
3478	410	57	1.0
3479	472	57	1.0
3480	478	57	1.0
3481	64	58	1.0
3482	82	58	1.0
3483	96	58	1.0
3484	134	58	1.0
3485	195	58	1.0
3486	252	58	1.0
3487	310	58	1.0
3488	379	58	1.0
3489	383	58	1.0
3490	395	58	1.0
3491	94	59	1.0
3492	140	59	1.0
3493	225	59	1.0
3494	275	59	1.0
3495	297	59	1.0
3496	342	59	1.0
3497	376	59	1.0
3498	390	59	1.0
3499	399	59	1.0
3500	450	59	1.0
3501	461	59	1.0
3502	61	60	1.0
3503	80	60	1.0
3504	91	60	1.0
3505	159	60	1.0
3506	173	60	1.0
3507	375	60	1.0
3508	404	60	1.0
3509	481	60	1.0
3510	495	60	1.0
3511	498	60	1.0
3512	80	61	1.0
3513	91	61	1.0
3514	117	61	1.0
3515	159	61	1.0
3516	173	61	1.0
3517	277	61	1.0
3518	375	61	1.0
3519	481	61	1.0
3520	498	61	1.0
3521	187	62	1.0
3522	193	62	1.0
3523	196	62	1.0
3524	205	62	1.0
3525	304	62	1.0
3526	340	62	1.0
3527	344	62	1.0
3528	382	62	1.0
3529	458	62	1.0
3530	486	62	1.0
3531	488	62	1.0
3532	102	63	1.0
3533	145	63	1.0
3534	154	63	1.0
3535	169	63	1.0
3536	199	63	1.0
3537	261	63	1.0
3538	296	63	1.0
3539	316	63	1.0
3540	410	63	1.0
3541	472	63	1.0
3542	473	63	1.0
3543	96	64	1.0
3544	127	64	1.0
3545	163	64	1.0
3546	182	64	1.0
3547	195	64	1.0
3548	226	64	1.0
3549	252	64	1.0
3550	310	64	1.0
3551	379	64	1.0
3552	383	64	1.0
3553	395	64	1.0
3554	467	64	1.0
3555	93	65	1.0
3556	122	65	1.0
3557	158	65	1.0
3558	167	65	1.0
3559	231	65	1.0
3560	249	65	1.0
3561	347	65	1.0
3562	366	65	1.0
3563	451	65	1.0
3564	465	65	1.0
3565	109	66	1.0
3566	190	66	1.0
3567	204	66	1.0
3568	207	66	1.0
3569	223	66	1.0
3570	238	66	1.0
3571	311	66	1.0
3572	315	66	1.0
3573	336	66	1.0
3574	355	66	1.0
3575	420	66	1.0
3576	121	67	1.0
3577	130	67	1.0
3578	161	67	1.0
3579	179	67	1.0
3580	254	67	1.0
3581	317	67	1.0
3582	319	67	1.0
3583	394	67	1.0
3584	463	67	1.0
3585	469	67	1.0
3586	470	67	1.0
3587	83	68	1.0
3588	151	68	1.0
3589	191	68	1.0
3590	197	68	1.0
3591	202	68	1.0
3592	242	68	1.0
3593	300	68	1.0
3594	365	68	1.0
3595	99	69	1.0
3596	125	69	1.0
3597	134	69	1.0
3598	208	69	1.0
3599	211	69	1.0
3600	257	69	1.0
3601	260	69	1.0
3602	287	69	1.0
3603	308	69	1.0
3604	309	69	1.0
3605	414	69	1.0
3606	432	69	1.0
3607	451	69	1.0
3608	465	69	1.0
3609	78	70	1.0
3610	100	70	1.0
3611	170	70	1.0
3612	228	70	1.0
3613	273	70	1.0
3614	349	70	1.0
3615	424	70	1.0
3616	430	70	1.0
3617	448	70	1.0
3618	485	70	1.0
3619	155	71	1.0
3620	178	71	1.0
3621	198	71	1.0
3622	209	71	1.0
3623	214	71	1.0
3624	274	71	1.0
3625	357	71	1.0
3626	362	71	1.0
3627	378	71	1.0
3628	453	71	1.0
3629	77	72	1.0
3630	103	72	1.0
3631	200	72	1.0
3632	241	72	1.0
3633	301	72	1.0
3634	338	72	1.0
3635	384	72	1.0
3636	406	72	1.0
3637	411	72	1.0
3638	468	72	1.0
3639	104	73	1.0
3640	114	73	1.0
3641	149	73	1.0
3642	175	73	1.0
3643	203	73	1.0
3644	251	73	1.0
3645	298	73	1.0
3646	322	73	1.0
3647	373	73	1.0
3648	419	73	1.0
3649	421	73	1.0
3650	84	74	1.0
3651	85	74	1.0
3652	166	74	1.0
3653	220	74	1.0
3654	303	74	1.0
3655	318	74	1.0
3656	332	74	1.0
3657	434	74	1.0
3658	76	75	1.0
3659	101	75	1.0
3660	148	75	1.0
3661	266	75	1.0
3662	403	75	1.0
3663	413	75	1.0
3664	438	75	1.0
3665	442	75	1.0
3666	482	75	1.0
3667	101	76	1.0
3668	142	76	1.0
3669	148	76	1.0
3670	266	76	1.0
3671	403	76	1.0
3672	413	76	1.0
3673	439	76	1.0
3674	450	76	1.0
3675	103	77	1.0
3676	200	77	1.0
3677	229	77	1.0
3678	259	77	1.0
3679	301	77	1.0
3680	338	77	1.0
3681	384	77	1.0
3682	406	77	1.0
3683	468	77	1.0
3684	100	78	1.0
3685	141	78	1.0
3686	170	78	1.0
3687	349	78	1.0
3688	359	78	1.0
3689	424	78	1.0
3690	430	78	1.0
3691	448	78	1.0
3692	485	78	1.0
3693	92	79	1.0
3694	108	79	1.0
3695	207	79	1.0
3696	223	79	1.0
3697	274	79	1.0
3698	311	79	1.0
3699	328	79	1.0
3700	336	79	1.0
3701	362	79	1.0
3702	374	79	1.0
3703	420	79	1.0
3704	91	80	1.0
3705	117	80	1.0
3706	159	80	1.0
3707	173	80	1.0
3708	188	80	1.0
3709	277	80	1.0
3710	375	80	1.0
3711	423	80	1.0
3712	481	80	1.0
3713	99	81	1.0
3714	171	81	1.0
3715	208	81	1.0
3716	257	81	1.0
3717	334	81	1.0
3718	499	81	1.0
3719	100	82	1.0
3720	134	82	1.0
3721	228	82	1.0
3722	240	82	1.0
3723	252	82	1.0
3724	260	82	1.0
3725	273	82	1.0
3726	287	82	1.0
3727	310	82	1.0
3728	379	82	1.0
3729	383	82	1.0
3730	391	82	1.0
3731	395	82	1.0
3732	414	82	1.0
3733	97	83	1.0
3734	191	83	1.0
3735	197	83	1.0
3736	242	83	1.0
3737	258	83	1.0
3738	278	83	1.0
3739	358	83	1.0
3740	85	84	1.0
3741	139	84	1.0
3742	166	84	1.0
3743	220	84	1.0
3744	221	84	1.0
3745	303	84	1.0
3746	318	84	1.0
3747	332	84	1.0
3748	434	84	1.0
3749	454	84	1.0
3750	139	85	1.0
3751	166	85	1.0
3752	221	85	1.0
3753	272	85	1.0
3754	303	85	1.0
3755	332	85	1.0
3756	435	85	1.0
3757	95	86	1.0
3758	198	86	1.0
3759	213	86	1.0
3760	239	86	1.0
3761	342	86	1.0
3762	380	86	1.0
3763	388	86	1.0
3764	390	86	1.0
3765	397	86	1.0
3766	489	86	1.0
3767	110	87	1.0
3768	154	87	1.0
3769	165	87	1.0
3770	237	87	1.0
3771	243	87	1.0
3772	296	87	1.0
3773	339	87	1.0
3774	418	87	1.0
3775	431	87	1.0
3776	190	88	1.0
3777	204	88	1.0
3778	238	88	1.0
3779	270	88	1.0
3780	271	88	1.0
3781	315	88	1.0
3782	350	88	1.0
3783	370	88	1.0
3784	479	88	1.0
3785	107	89	1.0
3786	157	89	1.0
3787	162	89	1.0
3788	245	89	1.0
3789	348	89	1.0
3790	367	89	1.0
3791	371	89	1.0
3792	490	89	1.0
3793	496	89	1.0
3794	150	90	1.0
3795	156	90	1.0
3796	181	90	1.0
3797	186	90	1.0
3798	227	90	1.0
3799	283	90	1.0
3800	295	90	1.0
3801	323	90	1.0
3802	324	90	1.0
3803	353	90	1.0
3804	117	91	1.0
3805	159	91	1.0
3806	173	91	1.0
3807	188	91	1.0
3808	277	91	1.0
3809	375	91	1.0
3810	423	91	1.0
3811	481	91	1.0
3812	108	92	1.0
3813	109	92	1.0
3814	112	92	1.0
3815	143	92	1.0
3816	282	92	1.0
3817	284	92	1.0
3818	294	92	1.0
3819	311	92	1.0
3820	328	92	1.0
3821	362	92	1.0
3822	368	92	1.0
3823	374	92	1.0
3824	429	92	1.0
3825	122	93	1.0
3826	124	93	1.0
3827	131	93	1.0
3828	158	93	1.0
3829	164	93	1.0
3830	231	93	1.0
3831	347	93	1.0
3832	366	93	1.0
3833	140	94	1.0
3834	225	94	1.0
3835	275	94	1.0
3836	297	94	1.0
3837	342	94	1.0
3838	376	94	1.0
3839	390	94	1.0
3840	399	94	1.0
3841	450	94	1.0
3842	461	94	1.0
3843	178	95	1.0
3844	198	95	1.0
3845	214	95	1.0
3846	239	95	1.0
3847	274	95	1.0
3848	342	95	1.0
3849	380	95	1.0
3850	489	95	1.0
3851	127	96	1.0
3852	163	96	1.0
3853	182	96	1.0
3854	310	96	1.0
3855	379	96	1.0
3856	395	96	1.0
3857	467	96	1.0
3858	119	97	1.0
3859	244	97	1.0
3860	258	97	1.0
3861	278	97	1.0
3862	313	97	1.0
3863	329	97	1.0
3864	440	97	1.0
3865	456	97	1.0
3866	471	97	1.0
3867	152	98	1.0
3868	156	98	1.0
3869	181	98	1.0
3870	185	98	1.0
3871	186	98	1.0
3872	276	98	1.0
3873	283	98	1.0
3874	320	98	1.0
3875	353	98	1.0
3876	171	99	1.0
3877	208	99	1.0
3878	257	99	1.0
3879	334	99	1.0
3880	464	99	1.0
3881	499	99	1.0
3882	170	100	1.0
3883	195	100	1.0
3884	228	100	1.0
3885	240	100	1.0
3886	273	100	1.0
3887	349	100	1.0
3888	391	100	1.0
3889	414	100	1.0
3890	424	100	1.0
3891	447	100	1.0
3892	142	101	1.0
3893	148	101	1.0
3894	210	101	1.0
3895	216	101	1.0
3896	235	101	1.0
3897	265	101	1.0
3898	266	101	1.0
3899	387	101	1.0
3900	403	101	1.0
3901	413	101	1.0
3902	442	101	1.0
3903	145	102	1.0
3904	156	102	1.0
3905	169	102	1.0
3906	199	102	1.0
3907	276	102	1.0
3908	320	102	1.0
3909	353	102	1.0
3910	473	102	1.0
3911	200	103	1.0
3912	215	103	1.0
3913	229	103	1.0
3914	301	103	1.0
3915	338	103	1.0
3916	384	103	1.0
3917	406	103	1.0
3918	468	103	1.0
3919	137	104	1.0
3920	192	104	1.0
3921	203	104	1.0
3922	298	104	1.0
3923	327	104	1.0
3924	345	104	1.0
3925	373	104	1.0
3926	386	104	1.0
3927	141	105	1.0
3928	144	105	1.0
3929	184	105	1.0
3930	209	105	1.0
3931	230	105	1.0
3932	357	105	1.0
3933	393	105	1.0
3934	401	105	1.0
3935	430	105	1.0
3936	448	105	1.0
3937	485	105	1.0
3938	168	106	1.0
3939	177	106	1.0
3940	201	106	1.0
3941	212	106	1.0
3942	290	106	1.0
3943	291	106	1.0
3944	341	106	1.0
3945	352	106	1.0
3946	412	106	1.0
3947	415	106	1.0
3948	428	106	1.0
3949	437	106	1.0
3950	462	106	1.0
3951	157	107	1.0
3952	162	107	1.0
3953	245	107	1.0
3954	348	107	1.0
3955	367	107	1.0
3956	371	107	1.0
3957	483	107	1.0
3958	490	107	1.0
3959	496	107	1.0
3960	155	108	1.0
3961	274	108	1.0
3962	284	108	1.0
3963	294	108	1.0
3964	311	108	1.0
3965	328	108	1.0
3966	336	108	1.0
3967	362	108	1.0
3968	374	108	1.0
3969	420	108	1.0
3970	120	109	1.0
3971	190	109	1.0
3972	207	109	1.0
3973	223	109	1.0
3974	284	109	1.0
3975	294	109	1.0
3976	311	109	1.0
3977	325	109	1.0
3978	336	109	1.0
3979	355	109	1.0
3980	420	109	1.0
3981	120	110	1.0
3982	255	110	1.0
3983	325	110	1.0
3984	408	110	1.0
3985	431	110	1.0
3986	478	110	1.0
3987	133	111	1.0
3988	135	111	1.0
3989	147	111	1.0
3990	247	111	1.0
3991	306	111	1.0
3992	351	111	1.0
3993	361	111	1.0
3994	364	111	1.0
3995	370	111	1.0
3996	433	111	1.0
3997	143	112	1.0
3998	282	112	1.0
3999	284	112	1.0
4000	294	112	1.0
4001	324	112	1.0
4002	328	112	1.0
4003	368	112	1.0
4004	374	112	1.0
4005	429	112	1.0
4006	141	113	1.0
4007	160	113	1.0
4008	172	113	1.0
4009	184	113	1.0
4010	263	113	1.0
4011	269	113	1.0
4012	359	113	1.0
4013	372	113	1.0
4014	444	113	1.0
4015	487	113	1.0
4016	499	113	1.0
4017	174	114	1.0
4018	175	114	1.0
4019	206	114	1.0
4020	256	114	1.0
4021	298	114	1.0
4022	322	114	1.0
4023	396	114	1.0
4024	419	114	1.0
4025	421	114	1.0
4026	441	114	1.0
4027	123	115	1.0
4028	188	115	1.0
4029	277	115	1.0
4030	289	115	1.0
4031	302	115	1.0
4032	306	115	1.0
4033	389	115	1.0
4034	179	116	1.0
4035	193	116	1.0
4036	196	116	1.0
4037	317	116	1.0
4038	319	116	1.0
4039	458	116	1.0
4040	463	116	1.0
4041	488	116	1.0
4042	159	117	1.0
4043	188	117	1.0
4044	277	117	1.0
4045	289	117	1.0
4046	375	117	1.0
4047	423	117	1.0
4048	481	117	1.0
4049	170	118	1.0
4050	195	118	1.0
4051	250	118	1.0
4052	288	118	1.0
4053	377	118	1.0
4054	417	118	1.0
4055	441	118	1.0
4056	447	118	1.0
4057	480	118	1.0
4058	493	118	1.0
4059	126	119	1.0
4060	244	119	1.0
4061	253	119	1.0
4062	329	119	1.0
4063	346	119	1.0
4064	427	119	1.0
4065	440	119	1.0
4066	455	119	1.0
4067	456	119	1.0
4068	459	119	1.0
4069	471	119	1.0
4070	494	119	1.0
4071	282	120	1.0
4072	294	120	1.0
4073	325	120	1.0
4074	355	120	1.0
4075	408	120	1.0
4076	478	120	1.0
4077	130	121	1.0
4078	161	121	1.0
4079	217	121	1.0
4080	254	121	1.0
4081	305	121	1.0
4082	307	121	1.0
4083	330	121	1.0
4084	369	121	1.0
4085	394	121	1.0
4086	470	121	1.0
4087	124	122	1.0
4088	131	122	1.0
4089	158	122	1.0
4090	164	122	1.0
4091	231	122	1.0
4092	347	122	1.0
4093	366	122	1.0
4094	135	123	1.0
4095	188	123	1.0
4096	289	123	1.0
4097	302	123	1.0
4098	306	123	1.0
4099	389	123	1.0
4100	131	124	1.0
4101	158	124	1.0
4102	164	124	1.0
4103	231	124	1.0
4104	347	124	1.0
4105	366	124	1.0
4106	443	124	1.0
4107	457	124	1.0
4108	167	125	1.0
4109	176	125	1.0
4110	211	125	1.0
4111	249	125	1.0
4112	257	125	1.0
4113	264	125	1.0
4114	308	125	1.0
4115	309	125	1.0
4116	432	125	1.0
4117	451	125	1.0
4118	465	125	1.0
4119	244	126	1.0
4120	253	126	1.0
4121	329	126	1.0
4122	416	126	1.0
4123	427	126	1.0
4124	456	126	1.0
4125	459	126	1.0
4126	471	126	1.0
4127	163	127	1.0
4128	182	127	1.0
4129	264	127	1.0
4130	310	127	1.0
4131	395	127	1.0
4132	467	127	1.0
4133	216	128	1.0
4134	217	128	1.0
4135	235	128	1.0
4136	305	128	1.0
4137	307	128	1.0
4138	330	128	1.0
4139	369	128	1.0
4140	382	128	1.0
4141	387	128	1.0
4142	442	128	1.0
4143	452	128	1.0
4144	136	129	1.0
4145	187	129	1.0
4146	205	129	1.0
4147	210	129	1.0
4148	215	129	1.0
4149	265	129	1.0
4150	304	129	1.0
4151	407	129	1.0
4152	445	129	1.0
4153	476	129	1.0
4154	486	129	1.0
4155	161	130	1.0
4156	179	130	1.0
4157	317	130	1.0
4158	319	130	1.0
4159	369	130	1.0
4160	385	130	1.0
4161	394	130	1.0
4162	463	130	1.0
4163	469	130	1.0
4164	470	130	1.0
4165	158	131	1.0
4166	164	131	1.0
4167	231	131	1.0
4168	347	131	1.0
4169	366	131	1.0
4170	443	131	1.0
4171	457	131	1.0
4172	160	132	1.0
4173	230	132	1.0
4174	323	132	1.0
4175	335	132	1.0
4176	372	132	1.0
4177	393	132	1.0
4178	401	132	1.0
4179	135	133	1.0
4180	147	133	1.0
4181	247	133	1.0
4182	351	133	1.0
4183	361	133	1.0
4184	364	133	1.0
4185	409	133	1.0
4186	433	133	1.0
4187	436	133	1.0
4188	461	133	1.0
4189	163	134	1.0
4190	260	134	1.0
4191	264	134	1.0
4192	287	134	1.0
4193	308	134	1.0
4194	309	134	1.0
4195	391	134	1.0
4196	395	134	1.0
4197	414	134	1.0
4198	432	134	1.0
4199	147	135	1.0
4200	247	135	1.0
4201	270	135	1.0
4202	271	135	1.0
4203	306	135	1.0
4204	351	135	1.0
4205	361	135	1.0
4206	370	135	1.0
4207	479	135	1.0
4208	200	136	1.0
4209	229	136	1.0
4210	259	136	1.0
4211	376	136	1.0
4212	384	136	1.0
4213	399	136	1.0
4214	407	136	1.0
4215	445	136	1.0
4216	468	136	1.0
4217	192	137	1.0
4218	232	137	1.0
4219	314	137	1.0
4220	321	137	1.0
4221	327	137	1.0
4222	337	137	1.0
4223	345	137	1.0
4224	477	137	1.0
4225	149	138	1.0
4226	202	138	1.0
4227	203	138	1.0
4228	222	138	1.0
4229	251	138	1.0
4230	291	138	1.0
4231	292	138	1.0
4232	293	138	1.0
4233	300	138	1.0
4234	398	138	1.0
4235	405	138	1.0
4236	221	139	1.0
4237	272	139	1.0
4238	303	139	1.0
4239	318	139	1.0
4240	332	139	1.0
4241	434	139	1.0
4242	435	139	1.0
4243	454	139	1.0
4244	225	140	1.0
4245	275	140	1.0
4246	297	140	1.0
4247	376	140	1.0
4248	390	140	1.0
4249	399	140	1.0
4250	439	140	1.0
4251	445	140	1.0
4252	450	140	1.0
4253	184	141	1.0
4254	230	141	1.0
4255	263	141	1.0
4256	269	141	1.0
4257	359	141	1.0
4258	393	141	1.0
4259	401	141	1.0
4260	430	141	1.0
4261	485	141	1.0
4262	210	142	1.0
4263	265	142	1.0
4264	407	142	1.0
4265	439	142	1.0
4266	445	142	1.0
4267	476	142	1.0
4268	155	143	1.0
4269	284	143	1.0
4270	294	143	1.0
4271	324	143	1.0
4272	328	143	1.0
4273	335	143	1.0
4274	368	143	1.0
4275	374	143	1.0
4276	429	143	1.0
4277	194	144	1.0
4278	209	144	1.0
4279	262	144	1.0
4280	357	144	1.0
4281	360	144	1.0
4282	378	144	1.0
4283	426	144	1.0
4284	453	144	1.0
4285	150	145	1.0
4286	156	145	1.0
4287	169	145	1.0
4288	199	145	1.0
4289	227	145	1.0
4290	276	145	1.0
4291	295	145	1.0
4292	320	145	1.0
4293	353	145	1.0
4294	473	145	1.0
4295	286	146	1.0
4296	312	146	1.0
4297	356	146	1.0
4298	358	146	1.0
4299	381	146	1.0
4300	449	146	1.0
4301	475	146	1.0
4302	492	146	1.0
4303	247	147	1.0
4304	306	147	1.0
4305	351	147	1.0
4306	361	147	1.0
4307	364	147	1.0
4308	409	147	1.0
4309	461	147	1.0
4310	474	147	1.0
4311	479	147	1.0
4312	213	148	1.0
4313	266	148	1.0
4314	397	148	1.0
4315	403	148	1.0
4316	413	148	1.0
4317	438	148	1.0
4318	482	148	1.0
4319	202	149	1.0
4320	203	149	1.0
4321	251	149	1.0
4322	267	149	1.0
4323	298	149	1.0
4324	322	149	1.0
4325	419	149	1.0
4326	421	149	1.0
4327	156	150	1.0
4328	169	150	1.0
4329	181	150	1.0
4330	186	150	1.0
4331	227	150	1.0
4332	276	150	1.0
4333	295	150	1.0
4334	320	150	1.0
4335	323	150	1.0
4336	353	150	1.0
4337	191	151	1.0
4338	197	151	1.0
4339	242	151	1.0
4340	300	151	1.0
4341	312	151	1.0
4342	356	151	1.0
4343	358	151	1.0
4344	381	151	1.0
4345	449	151	1.0
4346	475	151	1.0
4347	156	152	1.0
4348	181	152	1.0
4349	186	152	1.0
4350	276	152	1.0
4351	283	152	1.0
4352	320	152	1.0
4353	353	152	1.0
4354	443	152	1.0
4355	253	153	1.0
4356	313	153	1.0
4357	346	153	1.0
4358	358	153	1.0
4359	381	153	1.0
4360	427	153	1.0
4361	440	153	1.0
4362	455	153	1.0
4363	459	153	1.0
4364	471	153	1.0
4365	475	153	1.0
4366	494	153	1.0
4367	199	154	1.0
4368	219	154	1.0
4369	255	154	1.0
4370	296	154	1.0
4371	410	154	1.0
4372	431	154	1.0
4373	472	154	1.0
4374	209	155	1.0
4375	274	155	1.0
4376	328	155	1.0
4377	335	155	1.0
4378	357	155	1.0
4379	362	155	1.0
4380	374	155	1.0
4381	378	155	1.0
4382	186	156	1.0
4383	276	156	1.0
4384	320	156	1.0
4385	353	156	1.0
4386	473	156	1.0
4387	162	157	1.0
4388	222	157	1.0
4389	232	157	1.0
4390	337	157	1.0
4391	348	157	1.0
4392	367	157	1.0
4393	371	157	1.0
4394	483	157	1.0
4395	490	157	1.0
4396	496	157	1.0
4397	164	158	1.0
4398	231	158	1.0
4399	347	158	1.0
4400	366	158	1.0
4401	457	158	1.0
4402	173	159	1.0
4403	277	159	1.0
4404	279	159	1.0
4405	299	159	1.0
4406	375	159	1.0
4407	404	159	1.0
4408	423	159	1.0
4409	481	159	1.0
4410	498	159	1.0
4411	172	160	1.0
4412	230	160	1.0
4413	263	160	1.0
4414	269	160	1.0
4415	372	160	1.0
4416	393	160	1.0
4417	401	160	1.0
4418	444	160	1.0
4419	487	160	1.0
4420	491	160	1.0
4421	217	161	1.0
4422	254	161	1.0
4423	305	161	1.0
4424	330	161	1.0
4425	344	161	1.0
4426	369	161	1.0
4427	394	161	1.0
4428	469	161	1.0
4429	470	161	1.0
4430	192	162	1.0
4431	222	162	1.0
4432	232	162	1.0
4433	291	162	1.0
4434	314	162	1.0
4435	327	162	1.0
4436	337	162	1.0
4437	348	162	1.0
4438	483	162	1.0
4439	490	162	1.0
4440	496	162	1.0
4441	260	163	1.0
4442	264	163	1.0
4443	310	163	1.0
4444	395	163	1.0
4445	432	163	1.0
4446	231	164	1.0
4447	347	164	1.0
4448	366	164	1.0
4449	457	164	1.0
4450	183	165	1.0
4451	224	165	1.0
4452	236	165	1.0
4453	237	165	1.0
4454	243	165	1.0
4455	339	165	1.0
4456	354	165	1.0
4457	363	165	1.0
4458	418	165	1.0
4459	220	166	1.0
4460	221	166	1.0
4461	303	166	1.0
4462	318	166	1.0
4463	332	166	1.0
4464	434	166	1.0
4465	171	167	1.0
4466	176	167	1.0
4467	211	167	1.0
4468	249	167	1.0
4469	257	167	1.0
4470	451	167	1.0
4471	465	167	1.0
4472	201	168	1.0
4473	245	168	1.0
4474	331	168	1.0
4475	352	168	1.0
4476	367	168	1.0
4477	371	168	1.0
4478	385	168	1.0
4479	415	168	1.0
4480	428	168	1.0
4481	462	168	1.0
4482	199	169	1.0
4483	261	169	1.0
4484	295	169	1.0
4485	472	169	1.0
4486	473	169	1.0
4487	195	170	1.0
4488	228	170	1.0
4489	240	170	1.0
4490	273	170	1.0
4491	377	170	1.0
4492	391	170	1.0
4493	424	170	1.0
4494	447	170	1.0
4495	208	171	1.0
4496	211	171	1.0
4497	249	171	1.0
4498	257	171	1.0
4499	334	171	1.0
4500	185	172	1.0
4501	269	172	1.0
4502	283	172	1.0
4503	372	172	1.0
4504	444	172	1.0
4505	487	172	1.0
4506	491	172	1.0
4507	277	173	1.0
4508	375	173	1.0
4509	404	173	1.0
4510	481	173	1.0
4511	495	173	1.0
4512	498	173	1.0
4513	256	174	1.0
4514	285	174	1.0
4515	322	174	1.0
4516	396	174	1.0
4517	400	174	1.0
4518	419	174	1.0
4519	421	174	1.0
4520	480	174	1.0
4521	206	175	1.0
4522	233	175	1.0
4523	248	175	1.0
4524	298	175	1.0
4525	373	175	1.0
4526	386	175	1.0
4527	211	176	1.0
4528	249	176	1.0
4529	257	176	1.0
4530	264	176	1.0
4531	308	176	1.0
4532	309	176	1.0
4533	432	176	1.0
4534	451	176	1.0
4535	465	176	1.0
4536	222	177	1.0
4537	291	177	1.0
4538	292	177	1.0
4539	293	177	1.0
4540	398	177	1.0
4541	405	177	1.0
4542	428	177	1.0
4543	462	177	1.0
4544	483	177	1.0
4545	198	178	1.0
4546	214	178	1.0
4547	239	178	1.0
4548	274	178	1.0
4549	362	178	1.0
4550	378	178	1.0
4551	380	178	1.0
4552	489	178	1.0
4553	196	179	1.0
4554	254	179	1.0
4555	317	179	1.0
4556	319	179	1.0
4557	463	179	1.0
4558	469	179	1.0
4559	241	180	1.0
4560	246	180	1.0
4561	268	180	1.0
4562	338	180	1.0
4563	361	180	1.0
4564	364	180	1.0
4565	402	180	1.0
4566	409	180	1.0
4567	411	180	1.0
4568	433	180	1.0
4569	436	180	1.0
4570	185	181	1.0
4571	186	181	1.0
4572	283	181	1.0
4573	323	181	1.0
4574	353	181	1.0
4575	444	181	1.0
4576	487	181	1.0
4577	491	181	1.0
4578	220	182	1.0
4579	226	182	1.0
4580	280	182	1.0
4581	281	182	1.0
4582	379	182	1.0
4583	467	182	1.0
4584	224	183	1.0
4585	279	183	1.0
4586	299	183	1.0
4587	339	183	1.0
4588	354	183	1.0
4589	363	183	1.0
4590	404	183	1.0
4591	495	183	1.0
4592	498	183	1.0
4593	230	184	1.0
4594	263	184	1.0
4595	269	184	1.0
4596	359	184	1.0
4597	393	184	1.0
4598	401	184	1.0
4599	485	184	1.0
4600	283	185	1.0
4601	334	185	1.0
4602	443	185	1.0
4603	444	185	1.0
4604	487	185	1.0
4605	491	185	1.0
4606	227	186	1.0
4607	283	186	1.0
4608	295	186	1.0
4609	323	186	1.0
4610	353	186	1.0
4611	196	187	1.0
4612	205	187	1.0
4613	304	187	1.0
4614	340	187	1.0
4615	458	187	1.0
4616	476	187	1.0
4617	486	187	1.0
4618	488	187	1.0
4619	277	188	1.0
4620	289	188	1.0
4621	389	188	1.0
4622	481	188	1.0
4623	286	189	1.0
4624	290	189	1.0
4625	341	189	1.0
4626	356	189	1.0
4627	392	189	1.0
4628	412	189	1.0
4629	437	189	1.0
4630	446	189	1.0
4631	460	189	1.0
4632	492	189	1.0
4633	204	190	1.0
4634	315	190	1.0
4635	325	190	1.0
4636	350	190	1.0
4637	355	190	1.0
4638	422	190	1.0
4639	197	191	1.0
4640	202	191	1.0
4641	242	191	1.0
4642	267	191	1.0
4643	300	191	1.0
4644	203	192	1.0
4645	222	192	1.0
4646	232	192	1.0
4647	314	192	1.0
4648	327	192	1.0
4649	337	192	1.0
4650	345	192	1.0
4651	483	192	1.0
4652	196	193	1.0
4653	254	193	1.0
4654	319	193	1.0
4655	340	193	1.0
4656	458	193	1.0
4657	463	193	1.0
4658	488	193	1.0
4659	209	194	1.0
4660	233	194	1.0
4661	262	194	1.0
4662	333	194	1.0
4663	360	194	1.0
4664	426	194	1.0
4665	453	194	1.0
4666	226	195	1.0
4667	240	195	1.0
4668	252	195	1.0
4669	273	195	1.0
4670	280	195	1.0
4671	377	195	1.0
4672	379	195	1.0
4673	383	195	1.0
4674	447	195	1.0
4675	254	196	1.0
4676	317	196	1.0
4677	319	196	1.0
4678	344	196	1.0
4679	458	196	1.0
4680	469	196	1.0
4681	488	196	1.0
4682	202	197	1.0
4683	242	197	1.0
4684	300	197	1.0
4685	214	198	1.0
4686	239	198	1.0
4687	274	198	1.0
4688	378	198	1.0
4689	380	198	1.0
4690	453	198	1.0
4691	484	198	1.0
4692	489	198	1.0
4693	219	199	1.0
4694	296	199	1.0
4695	431	199	1.0
4696	472	199	1.0
4697	473	199	1.0
4698	229	200	1.0
4699	259	200	1.0
4700	301	200	1.0
4701	338	200	1.0
4702	384	200	1.0
4703	399	200	1.0
4704	406	200	1.0
4705	411	200	1.0
4706	468	200	1.0
4707	212	201	1.0
4708	290	201	1.0
4709	331	201	1.0
4710	352	201	1.0
4711	412	201	1.0
4712	415	201	1.0
4713	428	201	1.0
4714	437	201	1.0
4715	462	201	1.0
4716	242	202	1.0
4717	251	202	1.0
4718	267	202	1.0
4719	300	202	1.0
4720	222	203	1.0
4721	251	203	1.0
4722	298	203	1.0
4723	373	203	1.0
4724	398	203	1.0
4725	207	204	1.0
4726	223	204	1.0
4727	238	204	1.0
4728	270	204	1.0
4729	315	204	1.0
4730	350	204	1.0
4731	215	205	1.0
4732	304	205	1.0
4733	340	205	1.0
4734	458	205	1.0
4735	476	205	1.0
4736	486	205	1.0
4737	233	206	1.0
4738	256	206	1.0
4739	322	206	1.0
4740	386	206	1.0
4741	417	206	1.0
4742	441	206	1.0
4743	223	207	1.0
4744	238	207	1.0
4745	336	207	1.0
4746	420	207	1.0
4747	474	207	1.0
4748	479	207	1.0
4749	257	208	1.0
4750	464	208	1.0
4751	499	208	1.0
4752	262	209	1.0
4753	357	209	1.0
4754	360	209	1.0
4755	378	209	1.0
4756	453	209	1.0
4757	216	210	1.0
4758	235	210	1.0
4759	265	210	1.0
4760	304	210	1.0
4761	407	210	1.0
4762	445	210	1.0
4763	476	210	1.0
4764	486	210	1.0
4765	249	211	1.0
4766	257	211	1.0
4767	308	211	1.0
4768	309	211	1.0
4769	432	211	1.0
4770	451	211	1.0
4771	465	211	1.0
4772	290	212	1.0
4773	331	212	1.0
4774	352	212	1.0
4775	412	212	1.0
4776	415	212	1.0
4777	428	212	1.0
4778	437	212	1.0
4779	462	212	1.0
4780	321	213	1.0
4781	388	213	1.0
4782	397	213	1.0
4783	477	213	1.0
4784	482	213	1.0
4785	239	214	1.0
4786	274	214	1.0
4787	378	214	1.0
4788	380	214	1.0
4789	453	214	1.0
4790	489	214	1.0
4791	229	215	1.0
4792	301	215	1.0
4793	304	215	1.0
4794	340	215	1.0
4795	384	215	1.0
4796	406	215	1.0
4797	486	215	1.0
4798	235	216	1.0
4799	265	216	1.0
4800	307	216	1.0
4801	382	216	1.0
4802	387	216	1.0
4803	403	216	1.0
4804	442	216	1.0
4805	452	216	1.0
4806	476	216	1.0
4807	235	217	1.0
4808	254	217	1.0
4809	307	217	1.0
4810	330	217	1.0
4811	344	217	1.0
4812	369	217	1.0
4813	382	217	1.0
4814	394	217	1.0
4815	452	217	1.0
4816	244	218	1.0
4817	258	218	1.0
4818	272	218	1.0
4819	278	218	1.0
4820	326	218	1.0
4821	343	218	1.0
4822	365	218	1.0
4823	400	218	1.0
4824	416	218	1.0
4825	435	218	1.0
4826	456	218	1.0
4827	255	219	1.0
4828	261	219	1.0
4829	296	219	1.0
4830	316	219	1.0
4831	410	219	1.0
4832	431	219	1.0
4833	472	219	1.0
4834	478	219	1.0
4835	281	220	1.0
4836	318	220	1.0
4837	425	220	1.0
4838	434	220	1.0
4839	454	220	1.0
4840	467	220	1.0
4841	272	221	1.0
4842	303	221	1.0
4843	318	221	1.0
4844	332	221	1.0
4845	425	221	1.0
4846	434	221	1.0
4847	454	221	1.0
4848	466	221	1.0
4849	291	222	1.0
4850	292	222	1.0
4851	293	222	1.0
4852	398	222	1.0
4853	483	222	1.0
4854	238	223	1.0
4855	311	223	1.0
4856	336	223	1.0
4857	355	223	1.0
4858	420	223	1.0
4859	474	223	1.0
4860	279	224	1.0
4861	299	224	1.0
4862	339	224	1.0
4863	354	224	1.0
4864	363	224	1.0
4865	404	224	1.0
4866	495	224	1.0
4867	498	224	1.0
4868	275	225	1.0
4869	297	225	1.0
4870	342	225	1.0
4871	376	225	1.0
4872	390	225	1.0
4873	450	225	1.0
4874	461	225	1.0
4875	250	226	1.0
4876	252	226	1.0
4877	280	226	1.0
4878	281	226	1.0
4879	288	226	1.0
4880	379	226	1.0
4881	467	226	1.0
4882	493	226	1.0
4883	261	227	1.0
4884	295	227	1.0
4885	316	227	1.0
4886	323	227	1.0
4887	324	227	1.0
4888	335	227	1.0
4889	353	227	1.0
4890	240	228	1.0
4891	273	228	1.0
4892	287	228	1.0
4893	349	228	1.0
4894	383	228	1.0
4895	391	228	1.0
4896	414	228	1.0
4897	464	228	1.0
4898	259	229	1.0
4899	301	229	1.0
4900	384	229	1.0
4901	406	229	1.0
4902	468	229	1.0
4903	269	230	1.0
4904	372	230	1.0
4905	393	230	1.0
4906	401	230	1.0
4907	347	231	1.0
4908	366	231	1.0
4909	457	231	1.0
4910	314	232	1.0
4911	327	232	1.0
4912	337	232	1.0
4913	345	232	1.0
4914	348	232	1.0
4915	482	232	1.0
4916	483	232	1.0
4917	490	232	1.0
4918	496	232	1.0
4919	248	233	1.0
4920	262	233	1.0
4921	386	233	1.0
4922	417	233	1.0
4923	426	233	1.0
4924	441	233	1.0
4925	250	234	1.0
4926	280	234	1.0
4927	281	234	1.0
4928	288	234	1.0
4929	425	234	1.0
4930	434	234	1.0
4931	454	234	1.0
4932	466	234	1.0
4933	480	234	1.0
4934	493	234	1.0
4935	265	235	1.0
4936	382	235	1.0
4937	403	235	1.0
4938	442	235	1.0
4939	452	235	1.0
4940	476	235	1.0
4941	237	236	1.0
4942	363	236	1.0
4943	408	236	1.0
4944	418	236	1.0
4945	422	236	1.0
4946	497	236	1.0
4947	243	237	1.0
4948	339	237	1.0
4949	363	237	1.0
4950	418	237	1.0
4951	336	238	1.0
4952	350	238	1.0
4953	420	238	1.0
4954	474	238	1.0
4955	479	238	1.0
4956	342	239	1.0
4957	380	239	1.0
4958	388	239	1.0
4959	489	239	1.0
4960	252	240	1.0
4961	273	240	1.0
4962	377	240	1.0
4963	379	240	1.0
4964	383	240	1.0
4965	447	240	1.0
4966	246	241	1.0
4967	268	241	1.0
4968	302	241	1.0
4969	338	241	1.0
4970	361	241	1.0
4971	364	241	1.0
4972	402	241	1.0
4973	409	241	1.0
4974	411	241	1.0
4975	433	241	1.0
4976	436	241	1.0
4977	267	242	1.0
4978	300	242	1.0
4979	296	243	1.0
4980	339	243	1.0
4981	363	243	1.0
4982	418	243	1.0
4983	431	243	1.0
4984	258	244	1.0
4985	272	244	1.0
4986	278	244	1.0
4987	329	244	1.0
4988	416	244	1.0
4989	435	244	1.0
4990	456	244	1.0
4991	305	245	1.0
4992	367	245	1.0
4993	371	245	1.0
4994	385	245	1.0
4995	268	246	1.0
4996	302	246	1.0
4997	364	246	1.0
4998	389	246	1.0
4999	402	246	1.0
5000	433	246	1.0
5001	436	246	1.0
5002	271	247	1.0
5003	306	247	1.0
5004	351	247	1.0
5005	361	247	1.0
5006	370	247	1.0
5007	409	247	1.0
5008	474	247	1.0
5009	479	247	1.0
5010	321	248	1.0
5011	333	248	1.0
5012	373	248	1.0
5013	386	248	1.0
5014	257	249	1.0
5015	451	249	1.0
5016	465	249	1.0
5017	280	250	1.0
5018	288	250	1.0
5019	377	250	1.0
5020	425	250	1.0
5021	466	250	1.0
5022	480	250	1.0
5023	493	250	1.0
5024	292	251	1.0
5025	293	251	1.0
5026	298	251	1.0
5027	398	251	1.0
5028	405	251	1.0
5029	273	252	1.0
5030	310	252	1.0
5031	379	252	1.0
5032	383	252	1.0
5033	395	252	1.0
5034	346	253	1.0
5035	427	253	1.0
5036	440	253	1.0
5037	455	253	1.0
5038	459	253	1.0
5039	471	253	1.0
5040	494	253	1.0
5041	317	254	1.0
5042	344	254	1.0
5043	369	254	1.0
5044	463	254	1.0
5045	469	254	1.0
5046	470	254	1.0
5047	296	255	1.0
5048	325	255	1.0
5049	408	255	1.0
5050	410	255	1.0
5051	431	255	1.0
5052	472	255	1.0
5053	478	255	1.0
5054	322	256	1.0
5055	396	256	1.0
5056	419	256	1.0
5057	421	256	1.0
5058	441	256	1.0
5059	260	257	1.0
5060	287	257	1.0
5061	308	257	1.0
5062	309	257	1.0
5063	414	257	1.0
5064	432	257	1.0
5065	451	257	1.0
5066	465	257	1.0
5067	278	258	1.0
5068	326	258	1.0
5069	343	258	1.0
5070	365	258	1.0
5071	416	258	1.0
5072	301	259	1.0
5073	376	259	1.0
5074	384	259	1.0
5075	399	259	1.0
5076	406	259	1.0
5077	407	259	1.0
5078	468	259	1.0
5079	264	260	1.0
5080	287	260	1.0
5081	308	260	1.0
5082	309	260	1.0
5083	414	260	1.0
5084	432	260	1.0
5085	295	261	1.0
5086	316	261	1.0
5087	324	261	1.0
5088	410	261	1.0
5089	429	261	1.0
5090	472	261	1.0
5091	333	262	1.0
5092	357	262	1.0
5093	360	262	1.0
5094	426	262	1.0
5095	269	263	1.0
5096	349	263	1.0
5097	359	263	1.0
5098	464	263	1.0
5099	499	263	1.0
5100	308	264	1.0
5101	309	264	1.0
5102	432	264	1.0
5103	304	265	1.0
5104	407	265	1.0
5105	445	265	1.0
5106	476	265	1.0
5107	297	266	1.0
5108	397	266	1.0
5109	439	266	1.0
5110	450	266	1.0
5111	285	267	1.0
5112	300	267	1.0
5113	343	267	1.0
5114	365	267	1.0
5115	302	268	1.0
5116	338	268	1.0
5117	389	268	1.0
5118	402	268	1.0
5119	433	268	1.0
5120	359	269	1.0
5121	372	269	1.0
5122	401	269	1.0
5123	487	269	1.0
5124	499	269	1.0
5125	271	270	1.0
5126	289	270	1.0
5127	306	270	1.0
5128	350	270	1.0
5129	370	270	1.0
5130	289	271	1.0
5131	306	271	1.0
5132	350	271	1.0
5133	370	271	1.0
5134	479	271	1.0
5135	278	272	1.0
5136	326	272	1.0
5137	416	272	1.0
5138	435	272	1.0
5139	377	273	1.0
5140	383	273	1.0
5141	391	273	1.0
5142	447	273	1.0
5143	328	274	1.0
5144	362	274	1.0
5145	380	274	1.0
5146	489	274	1.0
5147	297	275	1.0
5148	342	275	1.0
5149	390	275	1.0
5150	397	275	1.0
5151	450	275	1.0
5152	461	275	1.0
5153	320	276	1.0
5154	353	276	1.0
5155	473	276	1.0
5156	289	277	1.0
5157	375	277	1.0
5158	423	277	1.0
5159	481	277	1.0
5160	326	278	1.0
5161	329	278	1.0
5162	343	278	1.0
5163	365	278	1.0
5164	416	278	1.0
5165	456	278	1.0
5166	471	278	1.0
5167	299	279	1.0
5168	354	279	1.0
5169	404	279	1.0
5170	423	279	1.0
5171	495	279	1.0
5172	497	279	1.0
5173	281	280	1.0
5174	288	280	1.0
5175	425	280	1.0
5176	467	280	1.0
5177	480	280	1.0
5178	493	280	1.0
5179	288	281	1.0
5180	425	281	1.0
5181	434	281	1.0
5182	454	281	1.0
5183	466	281	1.0
5184	467	281	1.0
5185	284	282	1.0
5186	294	282	1.0
5187	316	282	1.0
5188	355	282	1.0
5189	368	282	1.0
5190	429	282	1.0
5191	478	282	1.0
5192	353	283	1.0
5193	444	283	1.0
5194	487	283	1.0
5195	491	283	1.0
5196	294	284	1.0
5197	311	284	1.0
5198	328	284	1.0
5199	362	284	1.0
5200	368	284	1.0
5201	374	284	1.0
5202	429	284	1.0
5203	326	285	1.0
5204	343	285	1.0
5205	365	285	1.0
5206	396	285	1.0
5207	400	285	1.0
5208	419	285	1.0
5209	421	285	1.0
5210	312	286	1.0
5211	356	286	1.0
5212	381	286	1.0
5213	446	286	1.0
5214	449	286	1.0
5215	492	286	1.0
5216	308	287	1.0
5217	391	287	1.0
5218	414	287	1.0
5219	464	287	1.0
5220	377	288	1.0
5221	425	288	1.0
5222	466	288	1.0
5223	480	288	1.0
5224	493	288	1.0
5225	370	289	1.0
5226	423	289	1.0
5227	331	290	1.0
5228	352	290	1.0
5229	412	290	1.0
5230	415	290	1.0
5231	437	290	1.0
5232	462	290	1.0
5233	292	291	1.0
5234	293	291	1.0
5235	398	291	1.0
5236	405	291	1.0
5237	483	291	1.0
5238	293	292	1.0
5239	341	292	1.0
5240	392	292	1.0
5241	398	292	1.0
5242	405	292	1.0
5243	446	292	1.0
5244	460	292	1.0
5245	341	293	1.0
5246	392	293	1.0
5247	398	293	1.0
5248	405	293	1.0
5249	446	293	1.0
5250	460	293	1.0
5251	311	294	1.0
5252	355	294	1.0
5253	368	294	1.0
5254	374	294	1.0
5255	429	294	1.0
5256	316	295	1.0
5257	323	295	1.0
5258	324	295	1.0
5259	353	295	1.0
5260	368	295	1.0
5261	431	296	1.0
5262	472	296	1.0
5263	342	297	1.0
5264	390	297	1.0
5265	397	297	1.0
5266	450	297	1.0
5267	373	298	1.0
5268	386	298	1.0
5269	354	299	1.0
5270	404	299	1.0
5271	423	299	1.0
5272	495	299	1.0
5273	497	299	1.0
5274	392	300	1.0
5275	338	301	1.0
5276	384	301	1.0
5277	406	301	1.0
5278	468	301	1.0
5279	361	302	1.0
5280	389	302	1.0
5281	402	302	1.0
5282	318	303	1.0
5283	332	303	1.0
5284	434	303	1.0
5285	340	304	1.0
5286	458	304	1.0
5287	476	304	1.0
5288	486	304	1.0
5289	307	305	1.0
5290	330	305	1.0
5291	367	305	1.0
5292	369	305	1.0
5293	371	305	1.0
5294	394	305	1.0
5295	470	305	1.0
5296	370	306	1.0
5297	479	306	1.0
5298	330	307	1.0
5299	369	307	1.0
5300	382	307	1.0
5301	387	307	1.0
5302	394	307	1.0
5303	442	307	1.0
5304	452	307	1.0
5305	470	307	1.0
5306	309	308	1.0
5307	432	308	1.0
5308	432	309	1.0
5309	451	309	1.0
5310	379	310	1.0
5311	383	310	1.0
5312	395	310	1.0
5313	336	311	1.0
5314	355	311	1.0
5315	362	311	1.0
5316	374	311	1.0
5317	420	311	1.0
5318	356	312	1.0
5319	381	312	1.0
5320	449	312	1.0
5321	475	312	1.0
5322	492	312	1.0
5323	346	313	1.0
5324	358	313	1.0
5325	381	313	1.0
5326	440	313	1.0
5327	449	313	1.0
5328	455	313	1.0
5329	471	313	1.0
5330	475	313	1.0
5331	494	313	1.0
5332	327	314	1.0
5333	337	314	1.0
5334	345	314	1.0
5335	348	314	1.0
5336	477	314	1.0
5337	482	314	1.0
5338	350	315	1.0
5339	355	315	1.0
5340	422	315	1.0
5341	410	316	1.0
5342	429	316	1.0
5343	472	316	1.0
5344	478	316	1.0
5345	319	317	1.0
5346	344	317	1.0
5347	463	317	1.0
5348	469	317	1.0
5349	332	318	1.0
5350	434	318	1.0
5351	454	318	1.0
5352	467	318	1.0
5353	463	319	1.0
5354	469	319	1.0
5355	353	320	1.0
5356	473	320	1.0
5357	333	321	1.0
5358	345	321	1.0
5359	388	321	1.0
5360	477	321	1.0
5361	396	322	1.0
5362	419	322	1.0
5363	421	322	1.0
5364	324	323	1.0
5365	335	323	1.0
5366	353	323	1.0
5367	335	324	1.0
5368	368	324	1.0
5369	429	324	1.0
5370	355	325	1.0
5371	408	325	1.0
5372	343	326	1.0
5373	365	326	1.0
5374	400	326	1.0
5375	466	326	1.0
5376	337	327	1.0
5377	345	327	1.0
5378	348	327	1.0
5379	482	327	1.0
5380	490	327	1.0
5381	335	328	1.0
5382	362	328	1.0
5383	368	328	1.0
5384	374	328	1.0
5385	416	329	1.0
5386	435	329	1.0
5387	456	329	1.0
5388	471	329	1.0
5389	369	330	1.0
5390	387	330	1.0
5391	394	330	1.0
5392	452	330	1.0
5393	470	330	1.0
5394	352	331	1.0
5395	412	331	1.0
5396	415	331	1.0
5397	428	331	1.0
5398	437	331	1.0
5399	462	331	1.0
5400	434	332	1.0
5401	360	333	1.0
5402	388	333	1.0
5403	426	333	1.0
5404	453	333	1.0
5405	477	333	1.0
5406	484	333	1.0
5407	347	334	1.0
5408	443	334	1.0
5409	457	334	1.0
5410	368	335	1.0
5411	420	336	1.0
5412	474	336	1.0
5413	345	337	1.0
5414	348	337	1.0
5415	483	337	1.0
5416	490	337	1.0
5417	496	337	1.0
5418	384	338	1.0
5419	406	338	1.0
5420	411	338	1.0
5421	468	338	1.0
5422	354	339	1.0
5423	363	339	1.0
5424	418	339	1.0
5425	458	340	1.0
5426	486	340	1.0
5427	488	340	1.0
5428	356	341	1.0
5429	392	341	1.0
5430	398	341	1.0
5431	405	341	1.0
5432	412	341	1.0
5433	446	341	1.0
5434	460	341	1.0
5435	390	342	1.0
5436	397	342	1.0
5437	461	342	1.0
5438	489	342	1.0
5439	365	343	1.0
5440	400	343	1.0
5441	369	344	1.0
5442	382	344	1.0
5443	452	344	1.0
5444	488	344	1.0
5445	477	345	1.0
5446	427	346	1.0
5447	440	346	1.0
5448	455	346	1.0
5449	459	346	1.0
5450	471	346	1.0
5451	494	346	1.0
5452	366	347	1.0
5453	443	347	1.0
5454	457	347	1.0
5455	438	348	1.0
5456	482	348	1.0
5457	483	348	1.0
5458	490	348	1.0
5459	496	348	1.0
5460	359	349	1.0
5461	391	349	1.0
5462	424	349	1.0
5463	430	349	1.0
5464	448	349	1.0
5465	464	349	1.0
5466	485	349	1.0
5467	370	350	1.0
5468	422	350	1.0
5469	361	351	1.0
5470	364	351	1.0
5471	409	351	1.0
5472	436	351	1.0
5473	461	351	1.0
5474	479	351	1.0
5475	412	352	1.0
5476	415	352	1.0
5477	428	352	1.0
5478	437	352	1.0
5479	462	352	1.0
5480	473	353	1.0
5481	363	354	1.0
5482	404	354	1.0
5483	495	354	1.0
5484	498	354	1.0
5485	392	356	1.0
5486	446	356	1.0
5487	460	356	1.0
5488	492	356	1.0
5489	360	357	1.0
5490	378	357	1.0
5491	453	357	1.0
5492	381	358	1.0
5493	440	358	1.0
5494	449	358	1.0
5495	475	358	1.0
5496	393	359	1.0
5497	401	359	1.0
5498	448	359	1.0
5499	485	359	1.0
5500	499	359	1.0
5501	378	360	1.0
5502	426	360	1.0
5503	453	360	1.0
5504	484	360	1.0
5505	364	361	1.0
5506	402	361	1.0
5507	409	361	1.0
5508	433	361	1.0
5509	436	361	1.0
5510	374	362	1.0
5511	420	362	1.0
5512	418	363	1.0
5513	402	364	1.0
5514	409	364	1.0
5515	411	364	1.0
5516	433	364	1.0
5517	436	364	1.0
5518	400	365	1.0
5519	457	366	1.0
5520	371	367	1.0
5521	385	367	1.0
5522	428	367	1.0
5523	374	368	1.0
5524	429	368	1.0
5525	382	369	1.0
5526	394	369	1.0
5527	452	369	1.0
5528	470	369	1.0
5529	479	370	1.0
5530	385	371	1.0
5531	444	372	1.0
5532	487	372	1.0
5533	491	372	1.0
5534	386	373	1.0
5535	429	374	1.0
5536	404	375	1.0
5537	423	375	1.0
5538	481	375	1.0
5539	495	375	1.0
5540	498	375	1.0
5541	399	376	1.0
5542	407	376	1.0
5543	439	376	1.0
5544	445	376	1.0
5545	417	377	1.0
5546	447	377	1.0
5547	493	377	1.0
5548	453	378	1.0
5549	484	378	1.0
5550	383	379	1.0
5551	395	379	1.0
5552	420	380	1.0
5553	489	380	1.0
5554	449	381	1.0
5555	475	381	1.0
5556	492	381	1.0
5557	387	382	1.0
5558	442	382	1.0
5559	452	382	1.0
5560	395	383	1.0
5561	406	384	1.0
5562	468	384	1.0
5563	415	385	1.0
5564	470	385	1.0
5565	403	387	1.0
5566	413	387	1.0
5567	438	387	1.0
5568	442	387	1.0
5569	452	387	1.0
5570	477	388	1.0
5571	484	388	1.0
5572	402	389	1.0
5573	450	390	1.0
5574	461	390	1.0
5575	414	391	1.0
5576	464	391	1.0
5577	398	392	1.0
5578	405	392	1.0
5579	446	392	1.0
5580	460	392	1.0
5581	401	393	1.0
5582	470	394	1.0
5583	400	396	1.0
5584	419	396	1.0
5585	421	396	1.0
5586	480	396	1.0
5587	450	397	1.0
5588	405	398	1.0
5589	460	398	1.0
5590	411	399	1.0
5591	468	399	1.0
5592	466	400	1.0
5593	480	400	1.0
5594	433	402	1.0
5595	436	402	1.0
5596	413	403	1.0
5597	438	403	1.0
5598	442	403	1.0
5599	495	404	1.0
5600	498	404	1.0
5601	446	405	1.0
5602	460	405	1.0
5603	468	406	1.0
5604	445	407	1.0
5605	476	407	1.0
5606	411	409	1.0
5607	433	409	1.0
5608	436	409	1.0
5609	431	410	1.0
5610	472	410	1.0
5611	478	410	1.0
5612	433	411	1.0
5613	436	411	1.0
5614	468	411	1.0
5615	415	412	1.0
5616	428	412	1.0
5617	437	412	1.0
5618	462	412	1.0
5619	438	413	1.0
5620	442	413	1.0
5621	482	413	1.0
5622	464	414	1.0
5623	428	415	1.0
5624	437	415	1.0
5625	462	415	1.0
5626	435	416	1.0
5627	456	416	1.0
5628	424	417	1.0
5629	426	417	1.0
5630	430	417	1.0
5631	441	417	1.0
5632	447	417	1.0
5633	448	417	1.0
5634	421	419	1.0
5635	474	420	1.0
5636	489	420	1.0
5637	497	422	1.0
5638	481	423	1.0
5639	497	423	1.0
5640	430	424	1.0
5641	447	424	1.0
5642	448	424	1.0
5643	485	424	1.0
5644	434	425	1.0
5645	454	425	1.0
5646	466	425	1.0
5647	480	425	1.0
5648	493	425	1.0
5649	430	426	1.0
5650	448	426	1.0
5651	440	427	1.0
5652	455	427	1.0
5653	459	427	1.0
5654	471	427	1.0
5655	494	427	1.0
5656	462	428	1.0
5657	478	429	1.0
5658	448	430	1.0
5659	485	430	1.0
5660	472	431	1.0
5661	436	433	1.0
5662	454	434	1.0
5663	466	434	1.0
5664	467	434	1.0
5665	456	435	1.0
5666	462	437	1.0
5667	442	438	1.0
5668	482	438	1.0
5669	490	438	1.0
5670	496	438	1.0
5671	445	439	1.0
5672	450	439	1.0
5673	455	440	1.0
5674	459	440	1.0
5675	471	440	1.0
5676	475	440	1.0
5677	494	440	1.0
5678	452	442	1.0
5679	457	443	1.0
5680	487	444	1.0
5681	491	444	1.0
5682	476	445	1.0
5683	460	446	1.0
5684	493	447	1.0
5685	485	448	1.0
5686	475	449	1.0
5687	492	449	1.0
5688	465	451	1.0
5689	484	453	1.0
5690	466	454	1.0
5691	459	455	1.0
5692	471	455	1.0
5693	494	455	1.0
5694	471	456	1.0
5695	486	458	1.0
5696	488	458	1.0
5697	471	459	1.0
5698	494	459	1.0
5699	474	461	1.0
5700	469	463	1.0
5701	499	464	1.0
5702	480	466	1.0
5703	494	471	1.0
5704	479	474	1.0
5705	492	475	1.0
5706	486	476	1.0
5707	493	480	1.0
5708	490	482	1.0
5709	496	482	1.0
5710	488	486	1.0
5711	491	487	1.0
5712	496	490	1.0
5713	498	495	1.0
