6000	6
1507	3214	353
5161	5135	4841
1986	2495	3857
3483	627	3597
750	3563	702
4091
575	603
930	1577
2479	5405
2546	2793	5498	2639
2880	18	1645
2335	4353	1497	4170
4474	1616	3953
1095	1577
2479	5405	2545
4958	4547	1692
3821	959
2330	3539	681
578
2434	4392	1532	2058
4784	3416
562	2695	5511
5199	3221	368	5089
3537	675
1502	4344	1482	3736
881	2303	2518
5663	2807	3554
688	4189	3597
751	3173	314	4092	3196
346
583	5393
2533	3899
1036	3108	256	5150
2295	5473	2617
5134	2275	2956
2941	88	572
1502	4344	1481
1825	1860	3644
3138	286	4660
1802	4374
1520	4888	2028
3539	681	4979
4474	1616	3788
932	2599	3666
803	3108	252	2013
3496	644	5473	2617
3784	2932	83
3386	3274	421	5481
575	603
930	1577
2479	5405	2549
5549	4381
1520	4888
2032	2623
4478	1616	3953
1100	4916	2056
2588	5405
2546	2793	5498	2639
2880	20	4573
4348	1496	5355
1502	4344	3588
737	2661	5583
2924	70
5641	5462	5096
4413	1561	4603
4570	4348	1496	5355
5323	3862
1004	2305	3233	370	1166
2924	68
2773	4260	1399	2265
3005	144
2509	3909
3942	1087	5245
4851	4720	1866
2968	113	2772
2793	5498	2639
2880	20	4609
4349	1496	5355
4344	1483
4233	1371	4720	1866
2968	109	2153	3370
518	3628	769
2654	3980	1120
3269	410	2084
4632	1770	2721
5028	2169
3145	286	4660
1808	3628	768
4378	1520	4888
2032	3909
4474	1616	3953
1100	4916	2056
5358	3370
515	5489
4378	2999	144
2509	5355
3949	1086
4433	1577
2480	4784	3759
905	2695	2778
4859	4726	2933	83
5639	5537	2683
4344	1483
4233	1371	4720	3921
3327	3292	445
5549	4381	1523	3702
838	4725	3266
407	421	5481	5422
2809	4543
1680	4433	1577
2479	3421
562	2695
3575	710	3266
407	421	5481	5422
2706	2767	3949	1086
4433	1578	3923
3327	3292	441	2645
2793	5498
4012	1157	4603
1744	2550	3561	705
1502	4344	1481
1825	1860	3644
3138	286	4660
1802	4374
1523	2678	2800
3986	1128	4983
575	603
930	1577
2479	5405	2545	3373
517	2793	5498	2639
2880	20	4573
4348	1496	5355
1502	4344	1481
1825	1860	3644
3138	286	4660
1802	4374
1520	4888	2028
3539	681
1920	4542
1683	4724	3921
1067	2588	5405
2546	5502	5489
4378	2999	144
2509	3909
1770	5246
5025	3644	782
3327	3292	445
5549	4381	1523	5510
2654	3980	1113
3981	1128	4983
4677	1824
4618	4145
1287	1359	5591
3840	985	4188	1322
1344	2934	83
3386	525
4474	1616	3953
1095	1577
2479	3421
562	2695
3980	1120
5048	2190	4979
2593	5166	3738
877	1783	1860	3644
3138	286	2063	3369
511	1802	4374	1523	3702
838	3972	1114	2953
102	5639	5537	2682
2593	3214	353
5161	5135	4841
1986	2495	3554
688	4189	3597
751	3173	306
586	4088	3196	346
575	603
930	1577
2479	5405	2545	3373
515	5489
4378	2999	144	4609
4349	1496	5355
4478	1616	3953
1101	5380	3923
3327	3292	441	2645
2793	5498
2643	3881	1022
2550	3561	705
4474	1616	3953
1100	4916	2056
5358	3370
511	1802	4374
1520	4888
2032	3909
2538	5432	5245
5025	2169
3145	286	2065
2773	4260	1398
2241	3880	1022
2550	3561	705
2797	2846	5331	3862
1004	2305	3233	379
3648	3138	286	4660
1802	4374
3960	1109	3978	1120
4635	2946	88	572
4474	1616	3788
932	2599	3666
804	2251	5150
2295	4188	1322
4094	1239	4045
3514	663
1441	4343	1481
1825	4319	1468
3648	3138	286	2065
2776	5498
2639	2880	18	1645
2335	5355
2707	5393
2533	3899
3019	166	3495
644	4188	1322
4094	1239	4045
3514	663
4162	1301	4677
4611	4145
1287	1351
1848	5515	3994
1138	5225	2369
5537	2682
1507	2846	5331	3862
1004	2303	2518
5222	4052	1193
4487	1635	5461	2608
3880	1022
2550	4092	1231
1502	4344	1482	3736
881	2305	3233
370	1164	3145	286
2066	2793	5498	2639
2880	21	2553	5260
4484	1628	5262
1767	2375	4543
1687	4916	2056
2588	3421
562	2695
3575	710	3266
407	421	5481	5422
1441	4343	1481
3452	601	3233
370	1166	2924	70
5641	5462	5096
4413	1561	4603
4570	4348
3942	1086
4433	1577
2479	3421
562	2695
3980	1120	2514
4943	2084
5323	3246	382
734	1860	3644
3138	286	2063	3369
516	4958	2099	2581	5636
3980	1114	2953
102	5639	5537	2682
2593	3214	353
5161	5135	4841
1986	2495	3554
688	4189	3597
751	3173	306
586	4088	3196	346
3942	1086	2376
5024	3644	789
4739	1884	2775
5641	5462	2608
3880	1022	3201
339
1440	5428	2574
5028	3644	782
3327	3292	445
5549	4381	1523	3702
838	4725	3266
407	421	5481	5422
2375	4543
1683	4724	3921
3327	3292	443	4665
1802	3930	1076
2880	20	4573
4348	1496	5355
4677	1824
4618	4145
1287	1359	5591
3840	985	4188	1322
1344	2934	83
3386	525
4040	1180	2489
3527	667	1878	4267
3350	495
2295	4309	1453	5412
3966	1106	4072
3981	3767	2975	123
4677	1824
4618	4145
1287	1359	5591
3840	985	5473	2617
5134	2275	2956
100	3259	404	4983
1502	4344	1481
1825	1860	3644
3138	286	4660
1802	4374
1523	2678	2800
3986	1128	4983
1302
2668	2700	3899
3019	166	3495
644	5473	2617
5134	2275	3270	407
421	5481	5422
575	603
930	1577	2477
2588	5405	4662
1802	3930	1079	5498
4012	1157	4603
1744	2550	3561	705
4038	1180	2489
2585	2700	3899
3019	164	3759
905	2695	5511
3821	965	5260
2402	2623
4162	1301	4677
4611	1759
5682	4251	1392
3840	985	5473	2617
5134	2275	2956
97	2084
1440	5428	2574
5028	3644	782
1066	2522	4784	3416
562	2695	3980	1115
4725	3266	407
420	2415
3949	1086	2376
4850	4720	1866
3147	286	4660
1808	3628	768
4378	1520	4888
2032	3909
575	603
930	1577
2479	5405	2549
5549	4381
1520	4888
4289	1435
4680	1820	4158	1302
2668	2700	3899
1036	3108	256	5150
2295	4309	1453
4859	4726	3266
410	2084
1302	5389
2533	3899	3659
809	4784	3416
562	2695	5511
5199	3221	368	5089
3537	675
2797	2846	5331	3862
1004	2305	3233	380
3150	286	4660
1802	4374	1523	5510
3821	959	2331	3271
407	421	5481
1507	2846	5331	3862
1002	4816	1966
4517	1663	4057	1193
4487	1635	5461	2608
3880	1022	4601
4570	4348
3467	603
932	2599
4784	3759
905	2695
3980	1113
3981	3767	2975	123
2593	3214	353
5161	2303	2518
5222	4052	1193
4487	1635	5461	2608
3880	1022	4601
4570	4348	1496	5355
1502	4344	1481
1825	1860	3644
3138	286	4660
1802	4374
1520	4888	2028
3539	681	4979
3949	1087	5245
5025	3644	782
1067	5358	3370
511	1802	4374
1520	4888	2028
3539	681
4677	1824
4618	4145
1287	1359	5591
3840	985	4188	1322
1344	2934	83
3386	525
1770	5274
4233	1371	4720	3643
3138	286	2065
2776	5498
2639	2880	18	1645
2335	4353
1502	4344	1482	3736
881	2305	3233
370	1169	5631
2773	4260	1399	2265
3005	144
2509	3909
1441	4343	3031
179	4322	1468
5584	2924	70
5641	5462	5096
4413	1561	4603
4570	4348
1507	2846	5331	3862
1004	2303	2518
5222	4052	1193
3883	3719	869
5060	3716	3441
586	4088	3196	346
4156	1302
2668	2701	3665
809	4784	3416
560	1930	4381
1520	4888
4289	1435
4474	1616	3953
1097	2599
4784	3759	904
3496	644	5473	2617
3784	2932	82
5537	2683
4344	3031
179	4322	1468	3648
3138	286	4660
1808	3628	768
4378	1523	2678	5089
3537	681
4344	3588
734	4319	1468
3648	3138	286	2065
2773	4260	1399	2265
3005	144
2509	3909
4474	3938	1086
4433	1577	2477
5358	3370
511	1802	4374
1520	2553	5260
2402	3909
3942	1087	5245
4851	4720	1866
3147	286	4660
1802	3930	1076
2880	20	4609
4349	1496	5355
4474	1616	3953
1097	2599
4784	3759
905	2695
3980	1120	2514
4943	2084
4632	1770	2721
5028	2169
3145	286	4660
1808	3628	768
4378	1520	2553	5260
4484	1628	4696
3949	1087	5245
4851	4720	1866
2968	113	2772
2793	5498	2639
2880	20	4609
4349	1496	5355
1507	2846	5331	3862
1004	2303	2518
5021	4875	2019
3723	869
3602	738	1022
2550	4092	1231
4474	1616	3953
1097	2599
4784	3759
905	2695
3980	1120
3269	410	2084
4162	1301	4677
4611	4145
1287	1359	5591
3840	985	4188	1322
4094	1239	2369
5170	2311
5044	4808	1953
2533	3899	3019	164	1927	5337
2479	5405	4662
1802	3930	1079	5498
2643	3881	1022
2550	4092
4428	1568
5346	4037	1182	5286	5103
4263	3350	497
3840	985	4309	1453	5008
2149	2938	83
3386	3274	421	4589
1302
2668	2700	3899
1036	3108	256	5150
2295	5473	2617	4955
2095	3270
407	417	524
4632	1770	3038
179	3230
370	1166	2924	70
5641	5462	2608
3880	1022
2550	3561	705
4123
1269	3214	354	4242
1382	2495	3554
688	1584	3724	869
3602	738	1022
2550	4092	1231
1441	4343	1483
4233	1371	4720	3643
3138	286	2066
2793	5498	2639
2880	20
2509	3909
4162	1302
2668	2700	2708
2740	4317	1455	3416
560	1930	4381
1520	4888
4289	1435
4677
1822	2838	4764
4262	3350	495
2295	4309	1453	5412
3966	1106	4072	3981	1129
2984	123
4474	1616	3953
1095	1577
2479	5405	2545
4958	4547	1692
5199	3221	368	2800
2984	123
4474	1616	3953
1097	2599
4784	3759	904
2581	5636	4953
2095	2956
95	421	4589
575	603
930	1577
2479	5405	2549
5549	4381
2999	144
2509	5355
4038	1180	2489
2585	2700	2708
2740	4317	1455	3416
560	1930	4381
1520	4888
4289	1435
1440	5428	2574
5028	3644	782	1067
2588	3421
562	2695	3980	1115
4725	2933	83
5639	5537	2683
4040	1180	2489
2585	2700	3899
3019	164	3759
905	2695	5511
5199	3221	368	5089
3537	675
4478	1616	3953
1100	4916	2056
5358	3370
515	5489
4378	2999	144	4609
4349	1496	5355
4632	1770	5246
4851	4431	1577
2480	4784	3759
905	2695	3980	1115
4725	2933	83
5639	5537	2682
1502	4344	1481
1825	1860	2169
3145	286	2063	3369
518	3628	769
2654	3980	1120
4635	2946	88	572
2593	5166	3738
877	1785	4322	1468
3648	3138	286	2066
5502	5489	4378
3960	1106	4072
3390	534	2084
583	5393
2533	3899
3019	166	3495
644	4309	1453	3290
432	2938	83
3386	3274	421	5481
578
2434	4392	1532	2058
4784	3759
905	2695
3980	1113
3981	3767	2975	123
575	603
930	1577	2477
2588	5405	2546
5629	2773	4260	1398
3343	2886	30
586	4088
578
2434	4392	1532	2058
4784	3416
562	2695	5511
3821	959
2330	3257	404	4695
1507	2846	5331	3862
1002	4816	1966
4517	1663	4057	1192	1632
4890	2040
3880	1022	4601
4570	4348
2593	5166	3738
877	1785	4322	1468
3648	3138	286	2066
5502	5489	4378
3960	1106	4072
3390	534	2084
4474	1616	3953
1097	2599
4784	3416
560	1930	4381	1523	3702
838	3972	1113
3981	1128	4983
2593	3214	353
2529	4242
1382	2495	3857
994	1272	4530	1675
2452	3563	702
2052	5519
3467	603
932	2599	3666
804	2251	5150
2295	5473	2617
3784	2932	82
5537	2682
1302
2668	2700	3899	1037
4262	3350	497
3840	985	4188	1322
4094	1239	2369
5170	2311
3467	603
932	2598	5597
3025	166	3495
644	4188	1322
4094	1239	4045
3514	663
577	3953
1101	5380	3923
1069	4921
2065	2773	4260	1398
3343	2886	30
586	4088
4474	1616	3788
932	2599	3666
804	2251	5150
2295	5473	2617
3784	2932	83
3386	3274	421	5481
2540	4542
1683	4724	3921
3327	3292	443	4665
1802	3930	1076
2880	20	4573
4348	1496	5355
2593	5166	3738
877	1785	4322	1468
3648	3138	286	2066
5502	5489	4378
1523	3702	836	959
2330	3539	681	4979
1502	4344	3588
734	1860	3644
3138	286	2063	2234
2547	3628	769
2654	3980	1120
4635	2946	88	572
5521	5291
2432	4800	1946
3025	166	3495
644	4188	1322
4094	1239	4045
3514	663
4344	3588
737	2661	5583
2924	70
5641	5462	2608
3880	1022	4601
1745	4170
1770	2721
5028	2169
3145	286	2066
5629	2773	4260	1399	2265
3005	144	4573
4348	1496	5355
4162	1302
2668	2701	3665
809	4784	1924
5402	2546	5502	5489
4378	2999	144	4573
4348
1502	4344	3588
734	1860	3644
3138	286	4660
1802	4374
3960	1106	4072
3390	534	2084
1507	2846	5331	3862
1002	4816	1966
4517	1663	4057	1193
4487	1635	5461	2608
3880	1022	4601
4570	4348
1441	4343	3588
737	2661
4517	1663	4057	1193	1811
3723	875	3605
750	3563	702
4091
575	603
930	1577
2479	5405	2549
5549	4381
2999	144
2509	5355
2375	4543
1687	4916	2056
5358	3370
511	1802	4374
1520	4888	2028
3539	681
5323	3862
1004	2305	3233
370	1164	3145	286
2063	4752	4374
1520	4888	2028
3539	681	4979
3467	603
932	2599	3666
803	3108	252	2013
2581	5636	3980	1115
4725	3266
410	2084
4680	1820	4158	1302
2668	2701	3665
809	4784	3416
562	2695	5511
3821	965	5260
2402	3909
4344	1483
4233	1371	4720	1866
2968	109	2153	3370
511	1802	4374	1523	3702
838	4725	3266
407	421	5481	5422
4474	1616	3953
1095	1577
2480	4784	3759
901	1831	4381	3960	1109
3978	1114	2953
2941	88	572
4162	1302
2668	2701	3665
809	4784	3416
560	1930	4381
1520	4888
4289	1435
4474	1616	3953
1097	2599
4784	3416
562	2695
3980	1120
5048	2190	4979
5323	3862
1002	4816	1966
4517	1663	4057	1193	1817
5641	2786	4599
4009	2872	20	4609
4349	1496	3909
2593	5166	3738
877	1785	4322	1469
3150	286	2066
5502	5489	4378
1523	2678	2800
3986	1128	4983
1502	4344	3588
734	4319	1468
3648	3138	286	2065
2776	5498	2639
2880	20
2509	3909
4474	1616	3788
932	2599	3666
804	2251	5150
2295	5473	2617
3784	2932	82
5537	2683
3949	1086	2379
5028	3644
3138	286
2063	4752	3930	1072
4009	1158	5194
2335	4353
3467	603
932	2599
4784	3759
901	1831	4381	3960	1109
5313	2457	3271
410	2084
2593	3214	353
5161	2303	2518
5222	4052	1193
4487	1635	5461	2608
3880	1022	4601
4570	4348
1441	4343	3588
737	2661
4517	1663	4057	1193
3883	3719	869
5060	4469	3166	314	4092	3196
346
4344	1483
4233	1371	4720	3921
3327	3292	445
5549	4381	1523	3702
838	4725	3266
407	421	5481	5422
4632	1770	3038
179	3230
370	1169	5631	5545
5139	3725	869
5060	4469	3166	314	4092	3196
346
4344	3031
179	4322	1468	3648
3138	286	4660
1802	4374
1520	4888	2028
3539	681
4158	1302
2668	2701	3665
809	4784	1924
5402	2546	5502	5489
4378	2999	145	3802	942
2335	4353	1497	4170
583	5393
2533	3899
3019	166	4246	1392
3840	985	4188	1322
4094	1239	4045
3514	663
1502	4344	1482	3736
877	1785	4322	1468
3648	3138	286
2066	2793	5498	2639
2880	21	2553	5260
4484	1628	5262
1770	5240
5024	3644	782
1067	2588	5405
4662	1802	4374
1520	2553	5260
4484	1628	4696
1441	4343	3031
179	4322	1468
5584	2924	70
5641	5462	5096
4413	1561	4603
4570	4348
3467	603
932	2599
4784	3759
905	2695
3980	1120
5048	2190	4979
4474	3938	1086
4433	1578	3923
1067	2588	5405
2546	2793	5498	2639
2880	20
2509	5355
5323	3862
1004	2303	2518
5222	2922	70
5641	5462	5096
4413	1554	1645
2335	5355
4478	1616	3953
1095	1577
2479	5405	2545	3373
511	1802	4374
1520	4888
2032	2623
5331	3862
1002	4816	1966
4517	1663	4057	1197
2773	4260	1399	2265
3005	144
2508	4888	4289	1431
5323	3862
1004	2305	3233	370	1166
2924	68
2776	5498	2639
2880	21	4888
4289	1431
1302	5389
2533	3899	3659
809	4784	3759
901	1831	4381	1523	3702
836	959	2330
3257	404	4695
1502	4344	3588
734	1860	3644
3138	286	2063	3369
518	3628	769
3821	959	2331	3271
407	421	4589
4428	1568
5346	4037	1182	5286	5103
4263	3350	497
3840	985	4188	1322
4094	1239	2369
5170	2311
4156	1302
2668	2700	2708
2740	4317	1455	3759
901	1831	4381	1523	3702
836	959	2330
3257	404	4695
4632	1770	5274
4233	1368	1469
5585	2924	68
2773	4260	1398
4413	1561	4603
1745	4170
575	603
930	1577
2479	5405	2545	3373
517	2793	5498	2639
2880	20	4573
4348
1502	4344	1482	3736
881	2305	2583
4517	1663	4057	1192	1632
4890	2040
3880	1022	4601
4570	4348
4344	1481
1825	4319	1467
4739	1884	2772
2793	5498	2639
2880	21	2553	5260
4484	1628	4696
3942	1086
4433	1577	2477
2588	5405	2545
4958	4547	1692
5199	3221	368	2800
3986	1128	4983
583	5393
2533	3899
3019	166	3495
644	4309	1453	3290
431	2914	59	3101	245
5170	2311
4474	3938	1086
4433	1577	2477
5358	3370
511	1802	4374
1520	4888
2032	3909
4632	1770	3038	176
3452	600	2518	5222	2922	67
2729	4057	1193
3883	1032	3605
750	3563	702
4091
4038	1180	2489
2586	5678	3665
809	4784	1924
5402	2546	2793	5498	2639
4416	1561	4603
1744	2550	3561	705
2593	5166	3738
877	1783	1860	3644
3138	286	2063	3369
511	1802	4374	1523	3702
838	3972	1114	2953
102	5639	5537	2682
4677
1822	5286	5103
3897	3019	166	3495
644	5473	2617
5134	2275	3270
407	417	524
1502	4344	1482	3736
881	2303	2518
5663	2807	3554
688	4189	3597
750	3563
704	4092
4038	1180	2489
2585	2700	3899
1036	3108	252	2013
2581	5146	3697
845	2678	5089
3537	675
4162	1302
2668	2700	2708
2740	4317	1455	3759
901	1831	4381	1523	3702
836	959	2330
3539	675
1770
5246	5025	3644
3138	286
2063	4752	3930	1072
4009	1158	5194
2335	5355
1502	4344	1483
4233	1371	4720	1866
2968	109	3331	3292	445
5549	4381	1523	3702
838	4725	3266
407	421	4589
1302	5389
2533	2708
2740	4317	3108	256	5150
2295	5473	2617	4955
2095	3270
410	2084
4478	1616	3953
1095	1577
2479	5405	2549
5549	4381
1520	2553	5260
2402	3909
4474	3938	1086
4433	1577	2477
5358	3370
511	1802	4374
1520	2553	5260
2402	3909
3942	1087	5245
5025	2169
3145	286	2065
2773	4260	1398
4413	1561	4603
1744	2550	3561	705
3467	603
932	2599	3666
803	3108	252	2013
2581	5636	3980	1115
4725	3266
410	2084
2593	5166	3738
877	1785	4322	1468
3648	3138	286	2066
5502	5489	4378
1523	2678	2800
3986	1128	4983
4344	1483
4233	1371	4720	3921
1066	2522	4784	1924
4958	2099	2581	5636
3980	1114	2953
95	421	5481
575	603
930	1577
2479	5405	2549
5549	4381
2999	144
2509	5355
4632	1770	5240
5024	3644	782
3327	3292	445
5549	4381	1523	5510
2654	3980	1113
3981	1128	4983
1770	5274
4233	1368	1469
5585	2924	70
5641	5462	2608
3880	1022	3445
586	4088	3196	346
3584	719
1220	1303	5521	4392	1532	2058
4784	1923	3370
517	2793	5498	2639
4416	1561	4603
1744	2550	3561	705
4478	1616	3953
1100	4916	2056
2588	5405
2546	2793	5498	2639
2880	20	4573
4348	1496	5355
4677
1822	5286	5103
4263	3350	495
2295	5473	2617	4748
3972	1113
3981	3767	2975	123
1440	5428	5245
4851	4431	1577
2480	4784	3759
908	5150	2295	5473	2617
3784	2932	82
5537	2683
1502	4344	1482	3736
881	2305	2583
4517	1663	4057	1193	1817
5641	5462	2608
3880	1022	4601
4570	4348
1502	4344	1482	3736
881	2305	2583
2735	5222	2363
2688	2773	5463	2608
3880	1022	4601
4570	4348
4162	1302
2668	2701	3665
809	4784	3416
560	1930	4381
2999	144
2509	5355
1507	2846	5331	3862
1002	4816	1966
4517	1663	4057	1193	1817
5641	5462	5096
4413	1561	4603
4570	4348	1496	5355
4344	3588
737	2661	5583
2924	70
5641	5462	2608
3880	1022	4601
1745	4170
578
2432	2446	3665
809	4784	3759
901	1831	4381	3960	1109
3978	1120
5048	2190	4979
2593	3214	353
5161	2303	2518
5222	2922	70
5641	5462	5096
4413	1554	1645
2335	5355
3467	603
932	2599
4784	3416
562	2695	5511
3821	959	2330
3257	404	4695
4474	1621	5521	4392	1533	2558
4916	2056
2588	5405	2549
5549	4381
1523	2678	5089
4828	4693
5521	5291
2432	2446	3665
809	4784	3759
901	1831	4381	3960	1109
3978	1120
5048	2190	4979
4478	1616	3953
1095	1577
2479	5405	2545	3373
511	1802	4374
1520	4888
2032	2623
2593	3214	353
5161	5135	4841
1986	2495	3554
688	4189	3597
751	3173	306
586	4088	3196	346
2797	3214	353
2529	2808	4826	1966
4517	1663	4057	1197
2776	5498	2639
2880	21	4888	2026
3537	681
2375	4543
1683	4724	3921
1067	2588	5405
2546	5502	5489
4378	1520	4888
2032	3909
1770	5246
4851	4720	4644	1793
2588	5405	2545
3763	901	1831	4381	1523	3702
838	3972	1120
3269	410	2084
4632	1770	5240
4850	4720	4644	1793
2588	3421
562	2695
3980	1114	2953
95	421	5481
1441	4343	1483
4233	1368	1467
4739	1883	4921
2066	2793	5498	2639
2880	20
2509	3909
4474	1616	3953
1097	2599
4784	3759	904
3496	644	5473	2617
3784	2932	82
5537	2683
4657	1801
3531	667
1874	1938	3635
775	2111
3158	304	3101	245	3711
849	1553
3467	603
932	2599
4784	3759
905	2695	3980	1115
4725	3266
410	2084
1303	3467	603
930	1577
2479	5405	2545	3373
517	2793	5498	2639
2880	18	1645
2335	4353	1497	4170
4428	1568
3527	667	1878
5682	4251	1392
3840	985	4188	1322
4094	1239	2369
5537	2682
3949	1086	2379
5028	3644	789
4739	1884	2775
5641	5462	2608
3880	1022	3445
586	4088	3196	346
2538	5432	5245
5025	3644
3138	283	1663	4057	1193	1817
5641	5462	2608
3880	1022	3201
339
1770	5246
5025	3644	782
3327	3292	445
5549	4381	1523	5510
5199	3221	368	2800
2984	123
4344	1482	3736
881	2305	2583
4517	1663	4057	1193	1811
3723	875	3605
751	3173	314	4092	3196
346
4632	1770
5246	5025	3644
3138	286	2066
2793	5498	2639
2880	20
2509	3909
2593	3214	353
5161	2303	2518
5222	4052	1193
4487	1635	5461	2608
3880	1022	4601
4570	4348	1496	5355
2797	3214	353
2529	2808	4826	1966
4517	1663	4057	1197
2776	5498	2639
2880	21	4888	2026
3537	681
583	5393
2533	3899
1036	3108	252
2017	5473	2617
3784	2932	83
3386	3274	421	4589
1184
4618	4145
1287	1359	5591
3840	985	4188	1322
1344	2934	83
3386	525
4162	1302
2668	2701	3665
809	4784	3416
560	1930	4381
2999	144
2509	5355
4474	3938	1086
4433	1577
2479	5405	2545
4958	4547	1692
5199	3221	368	2800
2984	123
4344	3588
3030	179	3230
370	1169	5631
2776	5498
2639	2880	18	1645
2335	5355
4474	3938	1086
4433	1578	3923
1067	2588	5405
2546	2793	5498	2639
2880	20	4609
4349	1496	5355
1502	4344	1481
3452	600	2517	4517	3140	290
2968	109	2154	2545
4958	2099	2581	5636	3980	1115
4725	2933	83
5639	5537	2683
5323	3862
1002	4816	1966
4517	1663	4057	1193	1817
5641	2785	5498
2639	2880	20	4573
4348	1496	2623
4344	3031
179	4322	1467
4739	1884	2772
2793	5498	2639
2880	21	4888
2032	3909
1441	4343	3588
737	2661
4517	1663	4057	1193
3883	3719	869
5060	3716	3441
586	4088	3196	346
4123
1269	5166	5135	4841
1991	5021	4875	2019
2172	2284	5461	2608
3880	1022	4601
4570	4348
1502	4344	1482	3736
881	2305	3233	370	1166
2924	70
5641	2785	5498
2639	2880	20	4573
4348	1496	5355
1767	2375	4543
1680	4433	1577
2479	3421
562	2695	3980	1115
4725	2933	83
5639	5537	2682
3467	603
932	2599
4784	3759
905	2695
3980	1120
5048	2190	4979
4474	1616	3953
1095	1577
2479	3421
560	1930	4381	1523	3702
838	3972	1113
3981	1128	4983
4474	1621	5521	4392	1533	2558
5457	5335
2479	5405	2545
4958	4547	1692
3821	959
2330	3539	681
3467	603
932	2599	3666
803	3108	252	2013
3496	644	5473	2617
3784	2932	83
3386	3274	421	5481
4632	1770	2721
5028	2169
3145	286	4660
1808	3628	768
4378	1520	4888
2032	3909
3942	1087	5245
4851	4720	1866
3147	286	4660
1802	3930	1076
2880	20	4609
4349	1496	5355
4632	1770	3038
179	3230
370	1166	2924	70
5641	5462	2608
3880	1022	3445
586	4088	3196	346
4632	1770	5274
5112	3230
370	1166	2924	70
5641	5462	2608
3880	1022
2550	3561	705
4040	1180	2489
2585	2700	3899
1036	3108	252	2013
2581	5636
3980	3813	959
2330	3257	404	4695
5331	3862
1002	4816	1966
4517	1663	4057	1197
2776	5498	2639
2880	21	4888
4289	1431
4474	1621	5521	4392	1531	1993
5024	3644
3138	286	2065
2773	5463	2608
3880	1022	3445
586	4088	3196	346
1502	4344	1481
1825	1860	3644
3138	286	4660
1802	4374
1523	2678	2800
3986	1128	4983
1300	2489
3527	667	1878
4616	4145	1287	1359	5614
5515	2915	52
1239	5156
4507	1655
575	603
930	1577
2479	5405	4662
1802	3930	1072
4009	1157	4603
1744	2550	3561	705
1502	4344	1482	3736
881	2305	3233
370	1169	5631
2776	5498	2639
2880	21	4888
4289	1431
4162	1302
2668	2700	2708
2740	4317	1455	3759
905	2695	5511
5199	3221	368	5089
3537	675
4657	1801
3531	667
1874	1938	5418
4969	2111
3158	304	3101	245	3711
849	1553
4474	1621	5521	4392	1533	2558
4916	2058	5379	3923
3327	3292	443	4665
1802	3930	1076
2880	18	1645
2335	4353
4629	1770
3038	179	4322	1469
5585	2924	70
5641	5462	2608
3880	1022	3445
586	4088	3196	346
575	603
930	1577
2479	5405	2545	3373
517	2793	5498	2639
2880	20	4573
4348
3467	603
932	2599	3666
804	2251	5150
2295	5473	2617
3784	2932	82
5537	2682
5521	5291
2432	2446	3665
803	3108	252	2013
2581	5636	2778
5008	2145	2275	2956
2941	88	572
3949	1086
4433	3787	932	2599
4784	3759	904
3496	644	5473	2617
3784	2932	82
5537	2683
4344	1483
4233	1371	4720	3921
1066	2522	4784	1924
4958	2099	2581	5636
3980	1114	2953
102	5639	5537	2682
1502	4344	1482	3736
881	2305	2583
4517	1663	4057	1193	1817
5641	5462	2608
3880	1022	4601
4570	4348
4474	1616	3788
932	2599	3666
803	3108	252
2017	4188	1322
4094	1239	2369
5537	2683
4040	1180	2489
2585	2700	3899
1036	3108	252	2013
2581	5636
3980	3813	959
2330	3257	404	4695
1507	2846	5331	3862
1004	2303	2518
5663	2807	3554
688	4189	3597
751	3173	314	4092	3196
346
2797	2846	5331	3862
1004	2305	3233
370	1169	5631	2772
5502	5489	4378
1523	2678	2800
3986	1128	4983
3949	1087	5245
5025	3644	782
1067	5358	3370
511	1802	4374
1520	4888	2028
3539	681
2797	3214	353
2529	2808	4826	1966
4517	1663	4057	1197
2776	5498	2639
2880	21	2553	5260
4484	1628	5262
1302
2668	2700	3899
1036	3108	256	5150
2295	5473	2617	4748
3972	1120
5048	2190	4979
3467	603
932	2599	3666
803	3108	252	2013
2581	5636	4953
2095	2956
2941	88	572
1440	5428	2574
5028	3644	782
1066	2522	4784	1924
4958	2099	2581	5636
3980	1114	2953
95	421	5481
4428	1568
5346	4676	4611	4145
1287	1359	5614
5515	2915	52
1239	5156
4507	1655
1502	4344	3588
734	1860	3644
3138	286	2063	2234
2547	3628	769
2654	3980	1120
4635	2946	88	572
4632	1770	2721
5028	3644	782
1067	5358	3370
511	1802	4374
1520	4888	2028
3539	681
5323	3862
1002	4816	1966
4517	1663	4057	1193	1817
5641	2785	5498
2639	2880	20	4573
4348	1496	2623
578
2432	4800	1946
2740	4317	3108	256	5150
2295	4309	1453
5008	2145	2275	2956
2941	88	572
578
2434	4392	1532	2058
4784	1924
3763	901	1831	4381
2999	144
2509	5355
5323	3862
1004	2305	3233	370	1166
2924	68
2776	5498	2639
2880	21	4888
4289	1431
5323	3246	382
734	1860	3644
3138	286	2063	3369
516	4958	2099	2581	5636
3980	1114	2953
102	5639	5537	2682
4478	1616	3953
1095	1577
2479	5405	2545	3373
511	1802	4374
1520	4888
2032	2623
583	5393
2533	2708
2740	4317	3108	252	2013
2581	5636	3980	1115
4725	3266
410	2084
4038	1180	2489
2585	2700	2708
2740	4317	1455	3416
560	1930	4381
2999	144	4609
4349
3467	603
932	2599
4784	1924
4958	4547	1692
5199	3221	368	5089
4828	4693
4474	1621	5521	4392	1533	2558
5457	5335
2479	3421
560	1930	4381	1523	3702
838	3972	1113
3981	1128	4983
2540	4542
1683	4724	3921
3327	3292	441	2645
5629	2773	4260	1399	2265
3005	144	4573
4348	1496	5355
4162	1302
2668	2701	3665
809	4784	1924
3763	901	1831	4381
2999	144	4573
4348
5331	3862	3733
877	1783	1860	3644
3138	286	2063	3369
516	4958	2099	2581	5636
3575	710	2933	83
5639	5537	2683
4162	1302
2668	2701	3665
809	4784	1924
5402	2546	5502	5489
4378	2999	145	3802	942
2335	4353	1497	4170
4478	1616	3953
1101	5380	3923
1069	4740	1884
2773	5463	2608
3880	1022	3445
586	4088
1502	4344	3588
734	4319	1467
4739	1884	2772
5502	5489	4378
1520	4888	2028
3539	681	4979
4677	1824
4618	4145
1287	1359	5591
3840	985	4188	1322
1344	2934	83
3386	525
4344	3031
179	4322	1467
4739	1883	4921
2066	2793	5498	2639
2880	21	4888
2032	3909
3949	1086	2376
5024	2169
3145	286	2066
2793	5498	2639
2880	20
2509	2623
1441	4343	1481
3452	601	3233
370	1169	5631
2776	5498
2639	2880	18	1645
2335	5355
5521	5291
2432	2446	3665
804	2251	5150
2295	5473	2617
3784	2932	83
3386	3274	421	5481
1441	4343	3031
179	4322	1467
4739	1883	4921
2066	2793	5498	2639
2880	20
2509	3909
583	5393
2533	3899
3019	166	3495
644	4309	1453	3290
431	2914	59	3101	245
5537	2682
3467	603
932	2598	5597
4315	3108	252
2017	4309	1453	3290
431	2914	59	3101	245
5537	2683
4474	3938	1086
4433	1577	2477
5358	3370
511	1802	4374
1520	2553	5260
4484	1628	4696
4677	1824
4618	4145
1287	1359	5591
3840	985	4188	1322
1344	2934	83
3386	525
2373	3468	604
1097	2599
4784	3759	904
2581	5636	2778
4859	4726	2933	83
5639	5537	2682
1184
3531	667
4146	1287	1359	5614
5515	2915	52	1237
1344	2934	83
3386	525
4478	1616	3953
1100	4916	2056
2588	5405	4662
1802	4374	2999	148
5122	2266	4604
1745	4170
1441	4343	3031
179	4322	1467
4739	1884	2772
2793	5498	2639
2880	21	4888
2032	3909
5521	5291
2435	2668	2700	3899
3019	166	3495
644	4188	1322
4094	1239	4045
3514	663
1303	3467	603
930	1577
2479	5405
2546	2793	5498	2639
4416	1561	4603
1745	4170
4344	3588
737	2661
4517	1663	4057	1192	1632
4890	2040
3880	1022
2550	3561	705
1302
2668	2700	3899
1036	3108	256	5150
2295	5473	2617	4748
3972	1120	2514
3259	404	4983
5323	3862
1004	2305	3233	370	1166
2924	68
2776	5498	2639
2880	21	4888
4289	1431
3949	1086	2379
5028	3644	789
4739	1884
2773	4260	1398
2241	3880	1022
2550	3561	705
4038	1180	2489
3527	667	1878	4267
3350	497	3840	980
2581	5636
3980	3813	959
2330	3257	404	4695
1441	4343	1483
4233	1371	4720	1866
2968	109	2153	3370
518	3628	769
2654	3980	1113
3981	1128	4983
2593	3214	353
5161	2303	2518
5222	2922	70
5641	2785	5498
2639	2880	20	4573
4348	1496	2623
2986	136
2720	4724	3921
3327	3292	445
3422	562	2695
3575	710	3266
407	421	4589
4344	1483
4233	1371	4720	1865
3145	286	2063	2234
4662	1802	4374
1523	2678	2800
3986	1128	4983
4344	1481
1825	4319	1467
4739	1883	4921
2066	2793	5498	2639
2880	21	4888
2032	3909
575	603
930	1577
2479	5405	2545	3373
517	2793	5498	2639
2880	20	4573
4348	1496	5355
4428	1568
3527	667	1878
5682	4251	1392
3840	985	4188	1322
4094	1239	4045
3514	663
4478	1616	3953
1100	4916	2056
2588	5405
2546	2793	5498	2639
2880	20	4573
4348
4158	1302
2668	2701	3665
809	4784	3294	445
5549	4381	2999	147
4416	1561	4603
1744	2550	3561	705
1502	4344	3031
179	3230	370	1164
3145	286	2063	3369
511	1802	4374	1523	3702
838	4725	3266
407	421	4589
583	5393
2533	3899
3019	166	3495
644	4188	1322
4094	1239	2369
5537	2682
4632	1770	2721
5028	3644	782
1066	2522	4784	1924
4958	2099	2581	5636
3575	710	3266
407	421	5481	5422
1302
2668	2700	3899
3019	166	3495
644	4309	1453	3290
432	2938	83
3386	3274	421	5481
3467	603
932	2599
4784	3416
560	1930	4381	1523	3702
838	3972	1113
3981	3767	2975	123
1767	2375	4543
1680	4433	1577
2480	4784	3759
908	5150	2295	5473	2617
3784	2932	82
5537	2683
4478	1616	3953
1100	4916	2056
2588	5405	4662
1802	3930	1076
2880	18	1645
2335	4353
4632	1770	5240
4850	4720	4644	1793
2588	5405	2545
4958	2099	2581	5636
3575	710	3266
407	421	5481	5422
4474	1616	3953
1095	1577
2479	5405	2545
4958	4547	1692
5199	3221	368	2800
2984	123
5521	4392	1533	2558
4916	2058	5379	3923
1069	4921
2065	2773	4260	1398
2241	3880	1022
2550	3561	705
4428	1566
3435	575	603	930	1577
2479	5405	4662
1802	3930	1079	5498
2643	3881	1022
2550	4092
4677	1824
4618	4145
1287	1359	5591
3840	985	5473	2617
5134	2275	2956
97	2084
1507	2846	5331	3862
1004	2303	2518
5663	2807	3554
688	4189	3597
751	3173	314	4092	3196
346
1302	5389
2533	3899	3659
809	4784	3759
905	2695	5511
5199	3221	368	5089
3537	675
2540	4542
1684	5028	2169
3145	286	2065
2773	5463	2608
3880	1022
2550	3561	705
1440	5428	2574
5028	3644	782	1067
2588	3421
562	2695	2778
4859	4726	2933	82
5537	2683
578
2432	2446	3665
809	4784	3759
905	2695
3980	1120
5048	2190	4979
1767	2375	4543
1687	4916	2056
2588	3421
562	2695
3575	710	3266
407	421	5481	5422
5323	3862
1004	2305	3233
370	1164	3145	286
2066	2793	5498	2639
2880	21	4888	2026
3537	681
2540	4542
1683	4724	3921
1067	2588	5405
2546	5502	5489
4378	2999	144
2509	2623
3949	1087	5245
5025	3644	782
1067	2588	5405
4662	1802	4374
1523	2678	5089
4828	4693
2797	3214	353
2529	2808	4826	1966
4517	1663	4057	1193	1817
5641	2786	4599
4009	2872	20
2508	4888	4289	1431
2375	4543
1687	4916	2056
5358	3370
511	1802	4374
1523	2678	5089
4828	4693
3942	1086
4433	1577
2479	5405	2545
4958	4547	1692
5199	3221	368	2800
3986	1128	4983
1507	2846	5331	3862
1002	2128	4841
1986	2495	3857
994	1272	4530	1675
2452	3563
704	4092
1302	5389
2533	3899	3659
809	4784	3759
901	1831	4381	1523	3702
836	959	2330
3257	404	4695
3942	1086	2380
4916	2058
4784	3759	904
3496	644	5473	2617
3784	2932	82
5537	2683
1302	5389
2533	3899	3659
809	4784	3759
905	2695	5511
3821	959	2330
3539	675
1302	5389
2533	3899
1036	3108	256	5150
2295	5473	2617
5134	2275	2956
2941	88	572
5521	4392	1533	2558
4916	2058	5379	3923
1069	4921
2065	2773	4260	1398
2241	3880	1022
2550	3561	705
4632	1770	2721
5028	2169
3145	286	2066
2793	5498	2639
2880	20
2509	2623
2809	4543
1687	4916	2056
2588	5405	2545
3763	901	1831	4381	1523	3702
838	3972	1120
3269	410	2084
4158	1302
2668	2700	3899	3019	164	1927
5337	2479	5405
2546	2793	5498
2643	3881	1022
2550	4092
4474	1616	3953
1097	2599
4784	3759
901	1831	4381	3960	1109
5313	2457	3271
407	421	5481	5422
2593	3214	353
5161	5135	4841
1986	2495	3857
3483	627	3597
751	3173	314	4092	3196
346
1770	2721
5028	3644	789
4739	1884
2773	4260	1398
4413	1561	4603
1745	4170
5323	3246	382
734	1860	3644
3138	286	2063	3369
511	1802	4374	1523	3702
838	3972	1114	2953
95	421	5481
4344	3588
3030	179	3230
370	1166	2924	70
5641	5462	5096
4413	1561	4603
4570	4348	1496	5355
1502	4344	1482	3736
881	2305	2583
4517	1663	4057	1193	1817
5641	5462	5096
4413	1561	4603
4570	4348	1496	5355
4478	1616	3953
1100	4916	2056
2588	5405	4662
1802	3930	1076
2880	20	4573
4348
4632	1770	5246
4851	4720	4644	1793
2588	3421
562	2695
3980	1114	2953
95	421	4589
1502	4344	3588
734	1860	2169
3145	286	2063	3369
511	1802	4374	1523	3702
838	4725	3266
407	421	5481
4632	1770	5246
4851	4720	4644	1793
2588	3421
562	2695	3980	1115
4725	2933	83
5639	5537	2682
4474	1616	3953
1097	2599
4784	3759
905	2695	4953
2095	2956
95	421	4589
4040	1180	2489
2585	2700	3899
1036	3108	252	2013
2581	5146	3697
836	959	2330
3257	404	4695
2375	4543
1687	4916	2056
5358	3370
511	1802	4374
1520	2553	5260
4484	1628	4696
2593	5166	3738
877	1785	4322	1468
3648	3138	286	2066
5502	5489	4378
1523	3702	836	959
2330	3539	681	4979
1507	2846	5331	3862
1002	2128	4841
1986	2495	3857
994	1272	4113
1254	3560
704	4092
1770	5246
5025	3644	782
3327	3292	445
5549	4381	1523	5510
2654	3980	1120
5048	2190	4979
4632	1770	3038
179	3230
370	1166	2924	70
5641	5462	2608
3880	1022
2550	4092	1231
4428	1566
3435	575	603	930	1577
2479	5405	4662
1802	3930	1079	5498
2643	3881	1022
2550	4092
575	603
930	1577
2479	5405
2546	2793	5498	2639
2880	18	1645
2335	4353
3949	1086	2379
5028	3644	789
4739	1884	2775
5641	5462	2608
3880	1022	3445
586	4088	3196	346
4344	3588
3030	179	3230
370	1169	5631
2776	5498
2639	2880	18	1645
2335	5355
4474	1616	3788
932	2599
4784	3759
905	2695	3980	1115
4725	3266
407	421	5481	5422
2797	3214	353
2529	2808	4826	1966
4517	1663	4057	1197
2773	4260	1399	2265
2881	21	4888
4289	1431
575	603
930	1577
2479	5405
2546	2793	5498	2639
2880	18	1645
2335	4353
4677
1822	5286	5103
4263	3350	495
2295	4309	1453	5635
3980	1117	3221	368	2800
3986	1128	4695
4344	1482	3736
881	2305	2583
4517	1663	4057	1192	1632
4890	2040
3880	1022
2550	4092	1231
1441	4343	1483
4233	1371	4720	1865
3145	286	4660
1802	4374
1523	2678	5089
4828	4693
1440	5428	2574
5028	3644	782
3327	3292	445
5549	4381	1523	5510
2654	3980	1120
3269	410	2084
5323	3862
1002	4816	1966
4517	1663	4057	1197
2773	4260	1399	2265
3005	144
2508	4888	4289	1431
4344	1481
3452	601	3233
370	1166	2924	70
5641	5462	5096
4413	1561	4603
4570	4348
1441	4343	1483
4233	1371	4720	3643
3138	286
2066	2793	5498	2639
2880	20	4609
4349	1496	2623
4040	1180	2489
2585	2700	2708
2740	4317	1455	3759
905	2695	5511
5382	2524	4888
4289	1435
1502	4344	1482	3736
881	2305	2583
4517	1663	4057	1193	1817
5641	5462	5096
4413	1554	1645
2335	5355
4162	1302
2668	2700	2708
2740	4317	1455	3759
905	2695	5511
3821	965	5260
2402	3909
1502	4344	1481
3452	600	2517	4517	3140	290
2968	109	3331	3292	445
3422	562	2695
3575	710	2933	83
5639	5537	2683
3467	603
930	1577
2479	5405	2549
5549	4381
2999	144
2509	5355
2809	4543
1687	4916	2056
2588	3421
560	1930	4381	1523	3702
838	3972	1120
3269	410	2084
1502	4344	1481
1825	1860	3644
3138	286	4660
1802	4374
1520	4888	2028
3539	681
4632	1770	5274
4233	1368	1467
4739	1884
2776	5498
4012	1157	4603
4570	4348
4677	1824
3531	667
1874	1938	5418
5116	2262	2918	52
1239	4045
1189	2682
2809	4543
1683	4724	3921
1067	5358	3370
511	1802	4374
1523	2678	5089
4828	4693
2706	2767	3949	1086
2378	4724	1866
2968	113
2773	5463	2608
3880	1022	3445
586	4088
2797	3214	353
5161	2303	2518
5222	2922	70
5641	2785	5498
2639	2880	20	4573
4348	1496	3909
4040	1180	2489
2585	2700	3899
3019	164	3759
905	2695	5511
5199	3221	368	5089
3537	675
2540	4542
1683	4724	3921
3327	3292	443	4665
1802	3930	1076
2880	20	4573
4348	1496	5355
1180	2489
2586	5678	3665
809	4784	1923	3370
510	3928	1072
4009	1157	4603	1744
2550	4092
5323	3862
1002	4816	1966
4517	1663	4057	1193	1817
5641	2786	4599
4009	2872	20	4609
4349	1496	3909
4478	1616	3953
1095	1577
2479	5405	2549
5549	4381
1520	4888
2032	2623
1507	2846	5331	3862
1004	2303	2518
5222	4052	1193
4487	1635	5461	2608
3880	1022
2550	4092	1231
5323	3246	382
734	1860	3644
3138	286	2063	3369
511	1802	4374	1523	3702
838	4725	3266
407	421	5481
4629	1770
3038	179	4322	1467
4739	1884	2775
5641	5462	2608
3880	1022
2550	3561	705
2538	5432	5245
5025	2169
3145	286	2065
2773	4260	1398
4413	1561	4603
1744	2550	3561	705
2540	4542
1684	5028	3644
3138	286	2065
2773	5463	2608
3880	1022	3201
339
4677	1824
4618	4145
1287	1359	5591
3840	985	4309	1453	3290
432	5467	2956
97	2084
3942	1086	2376
5024	2169
3145	286	2065
2776	5498
4012	1157	4603
1745	4170
5323	3246	382
734	1860	3644
3138	286	2063	3369
516	4958	2099	2581	5636
3980	1114	2953
97	4452	1594	2010
2797	2846	5331	3862
1004	2305	3233
370	1169	5631	2772
5502	5489	4378
3960	1106	4072
3981	3767	916
1502	4344	1481
1825	1860	2169
3145	286	2063	3369
511	1802	4374	1523	3702
838	3972	1114	2953
95	421	5481
1767	2375	4543
1687	4916	2056
2588	3421
562	2695
3575	710	3266
407	421	5481	5422
4344	1481
1825	4319	1467
4739	1884	2772
2793	5498	2639
2880	21	2553	5260
4484	1628	4696
1502	4344	3588
734	1860	2169
3145	286	2063	3064	213
3422	562	2695
3980	1114	2953
102	5639	5537	2682
3949	1086	2379
5028	3644	789
4739	1884
2773	5463	2608
3880	1022
2550	3561	705
4344	1483
4233	1371	4720	3643
3138	286	4660
1802	4374
1523	2678	5089
3537	681
4040	1180	2489
2587	5710	4764
3894	1036	3108	252
2017	4309	1453
4859	4726	3266
407	417	524
5323	3246	382
734	1860	2169
3145	286	2063	2234	2545
4958	2099	2581	5636	3980	1115
4725	2933
82	5537	2683
5323	3862
1004	2305	3233	370	1166
2924	68
2776	5498	2639
2880	21	2553	5260
4484	1628	5262
4474	1616	3788
932	2599	3666
804	2251	5150
2295	5473	2617
3784	2932	82
5537	2683
1502	4344	1482	3736
881	2305	2583
4517	1663	4057	1193	1817
5641	5462	5096
4413	1561	4603
4570	4348
2593	3214	353
5161	5135	4841
1986	2495	3857
3483	627	3597
751	3173	314	4092	3196
346
2540	4542
1683	4724	1866
3147	286
2066	2793	5498
4012	1157	4603
1744	2550	3561	705
583	5393
2533	2708
2740	4317	3108	252	2013
2581	5636	3980	1115
4725	3266
410	2084
4158	1302
2668	2701	3665
809	4784	3294	445
5549	4381	2999	147
4416	1561	4603
1744	2550	3561	705
4038	1180	2489
2585	2700	3899
1036	3108	252	2013
2581	5636	5511
5199	3221	368	5089
3537	675
4474	3938	1086
4433	1578	3923
3327	3292	443	4665
1802	3930	1076
2880	20	4609
4349	1496	5355
1502	4344	3588
734	4319	1469
3150	286	2066
5502	5489	4378
1520	4888	2028
3539	681	4979
1502	4344	3588
734	1860	2169
3145	286	2063	3369
511	1802	4374	1523	3702
838	4725	3266
407	421	5481
2593	3214	353
2529	4242
1382	2495	3857
3483	627	3597
751	3173	314	4092	3196
346
2540	4542
1683	4724	3921
1067	2588	5405
2546	2793	5498	2639
2880	20
2509	5355
4038	1180	2489
2585	2700	2708
2740	4317	1455	3416
560	1930	4381
2999	144	4609
4349
5331	3862	3733
877	1783	1860	3644
3138	286	2063	3369
516	4958	2099	2581	5636
3980	1114	2953
97	4452	1594	2010
4474	3938	1086
4433	1577	2477
5358	3370
511	1802	4374
1523	2678	5089
4828	4693
4478	1616	3953
1101	5380	3923
3327	3292	441	2645
5629	2773	4260	1398
2241	3880	1022
2550	3561	705
2593	5166	3738
877	1785	4322	1469
3150	286	2066
5502	5489	4378
1523	3702	836	959
2330	3539	681	4979
4474	3938	1086
4433	1578	3923
3327	3292	443	4665
1802	4374	2999	148
5122	2266	5194
2335	4353
4344	1481
1825	4319	1467
4739	1883	4921
2066	2793	5498	2639
2880	20
2509	3909
4474	3938	1086
4433	1577	2477
2588	5405
2546	5502	5489
4378	2999	144
2509	2623
5323	3862
1004	2305	3233	370	1166
2924	68
2776	5498	2639
2880	21	2553	5260
4484	1628	5262
1441	4343	3031
179	4322	1467
4739	1883	4921
2066	2793	5498	2639
2880	20
2509	3909
2540	4542
1684	5028	3644
3138	286	2065
2773	5463	2608
3880	1022	3201
339
1303	3467	603
930	1577	2477
2588	5405	2546
5629	2773	4260	1398
2241	3880	1022
2550	4092
3949	1086
4433	1577
2479	3421
562	2695
3575	710	3266
407	421	5481	5422
4344	3588
737	2661
4517	1663	4057	1193
3883	3719	869
5060	3716	3441
586	4088	3196	346
3433	578
2434	4392	1532	2058
4784	1923	3370
517	2793	5498	2639
2880	18	1645
2335	4353	1497	4170
1507	2846	5331	3862
1004	2303	2518
5021	4875	2019
3723	869
5060	3716	3441
586	4088	3196	346
4162	1302
2668	2701	3665
809	4784	1924
5402	2546	5502	5489
4378	2999	144	4573
4348
4038	1180	2489
2585	2700	2708
2740	4317	1455	3416
560	1930	4381
2999	144
2509	4353
3433	578
2434	4392	1532	2058
4784	3416
560	1930	4381
1520	4888
4289	1435
4162	1301	4677
4611	4145
1287	1359	5591
3840	985	4188	1322
4094	1239	2369
5170	2311
4034	1180	2489
2587	5710	4764
3894	3019	166	3836
985	5473	2617
5134	2275	2956
97	2084
3942	1086
4433	1577
2479	3421
560	1930	4381	1523	3702
838	3972	1120
3269	410	2084
1441	4343	1483
4233	1368	1467
4739	1883	4921
2066	2793	5498	2639
2880	20
2509	3909
4474	1616	3953
1095	1577
2479	3421
562	2695
3980	1120
3269	410	2084
4162	1302
2668	2701	3665
809	4784	3416
560	1930	4381
2999	144
2509	5355
1302
2668	2700	3899
1036	3108	256	5150
2295	4309	1453
4859	4726	3266
410	2084
3949	1087	5245
5025	3644	782
1067	2588	5405
4662	1802	4374
1520	2553	5260
4484	1628	4696
4344	1483
4233	1371	4720	3921
3327	3292	445
3422	562	2695
3980	1114	2953
95	421	5481
4474	3938	1086
4433	1577	2477
2588	5405	2549
5549	4381	1523	5510
3821	959
2330	3539	681
4162	1302
2668	2701	3665
809	4784	3416
560	1930	4381
2999	144	4573
4348
4474	1616	3788
932	2599	3666
804	2251	5150
2295	5473	2617
3784	2932
76	3266	407	421	5481
5703	3214	353
5161	5135	4841
1988	2790	4057	1193
4487	1635	5461	2608
3880	1022	4601
4570	4348
577	3953
1101	5380	3923
1069	4921
2065	2773	5463	2608
3880	1022	3445
586	4088
4038	1180	2489
2585	2700	3899
3019	164	3759
905	2695	5511
5382	2524	4888
4289	1435
4040	1180	2489
2587	5710	4764
3894	1036	3108	252
2017	4309	1453
4859	4726	3266
407	417	524
4344	3588
3030	179	3230
370	1166	2924	70
5641	2785	5498
2639	2880	18	1645
2335	5355
583	5393
2533	3899
3019	166	3495
644	4188	1322
4094	1239	2369
5537	2682
1502	4344	3588
734	1860	3644
3138	286	2063	2234
2547	3628	769
2654	3980	1120
4635	2946	88	572
4677	1824
5710	4797
1938	3635
775	2111
4031	1172
4507	1655
3949	1086
4433	1577
2479	3421
562	2695
3575	710	3266
407	421	5481	5422
1507	2846	5331	3862
1002	4816	1966
2735	5222	2363
2688	2773	5463	2608
3880	1022	4601
4570	4348
4038	1180	2489
2585	2700	3899
1036	3108	252	2013
2581	5146	3697
836	959	2330
3539	675
4478	1616	3953
1101	5380	3923
3327	3292	441	2645
2793	5498
4012	1157	4603
1744	2550	3561	705
4344	3031
179	4322	1468	3648
3138	286	4660
1802	4374
1523	2678	2800
3986	1128	4983
2540	4542
1683	4724	3921
1067	2588	5405
4662	1802	4374
1520	4888
2032	3909
5323	3246	382
734	1860	3644
3138	286	2063	3369
511	1802	4374	1523	3702
838	3972	1114	2953
95	421	5481
2538	5432	5245
5025	3644
3138	286	2065
2773	5463	2608
3880	1022	3445
586	4088	3196	346
3949	1086	2379
5028	3644	789
4739	1884	2775
5641	5462	2608
3880	1022	3201
339
4474	1616	3953
1097	2599
4784	3759	904
3496	644	5473	2617
3784	2932	83
3386	3274	421	5481
3433	578
2434	4392	1532	2058
4784	3294	445
5504	5489
4378	2999	144	4573
4348	1496	5355
2707	5393
2533	3899
3019	166	3495
644	4188	1322
4094	1239	2369
5537	2683
4162	1301	4677
4611	4145
1287	1351
1848	5515	3994
1138	5225	2369
5537	2682
5331	3862
1004	2305	3233
370	1164	3145	286
2063	2235
4378	1520	4888	2028
3539	681	4979
4158	1302
2668	2701	3665
809	4784	1924
5402	2546	5502	5489
4378	2999	144	4573
4348	1497	4170
4629	1770	5274
4233	1368	1468
5584	2924	70
5641	3890	3719	869
5060	2208	3563	702
4091
1302
2668	2700	3899
1036	3108	256	5150
2295	4309	1453
4859	4726	3266
407	417	524
4677	1824
3531	667
1874	1938	5418
5116	2262	2918	52
1239	5156
4507	1655
4038	1180	2489
2585	2700	3899
1036	3108	252	2013
2581	5146	3697
836	959	2330
3539	675
2707	5393
2533	3899
3019	166	3495
644	4188	1322
4094	1239	4045
3514	663
1302	5389
2533	2708
2740	4317	3108	252	2013
2581	5636
3980	1120
5048	2190
1502	4344	1482	3736
881	2303	2518
5222	4052	1193
3883	3719	869
5060	3716	3441
586	4088	3196	346
575	603
930	1577	2477
2588	5405	4662
1802	3930	1072
4009	1157	4603
1744	2550	3561	705
3942	1086
4433	1577	2477
2588	5405	2549
5549	4381
1520	4888	2028
3539	681
1302	5389
2533	2708
2740	4317	3108	252	2013
2581	5636
3980	1120
5048	2190
2809	4543
1687	4916	2056
2588	5405	2545
3763	901	1831	4381	1523	3702
838	3972	1113
3981	1128	4983
4632	1770	2721
5028	2169	3145	290
2968	109	2154
4662	1802	4374
1523	3702	836	959
2330	3539	681
2797	3214	353
5161	5135	4841
1988	2790	4057	1193
4487	1635	5461	2608
3880	1022	4601
4570	4348
4478	1616	3953
1100	4916	2056
2588	5405	4662
1802	3930	1072
4009	1157	4603
1745	4170
2540	4542
1683	4724	3921
3327	3292	443	4665
1802	3930	1076
2880	20
2509	5355
1502	4344	1482	3736
881	2305	3233	370	1166
2924	70
5641	2785	5498
2639	2880	20	4573
4348	1496	5355
1441	4343	3588
737	2661
4517	1663	4057	1193
3883	1032	3605
750	3563
704	4092
4034	1180	2489
2587	5710	4764
3894	3019	166	3495
644	5473	2617
5134	2275	2956
2941	88	572
1502	4344	3588
734	4319	1469
3150	286
2066	2793	5498	2639
2880	21	4888
4289	1431
575	603
930	1577
2479	5405	2549
5549	4381
2999	144
2509	5355
4474	3938	1086
4433	1577	2477
2588	5405	2549
5549	4381
1520	4888	2028
3257	404	4695
1302	5389
2533	3899	3659
809	4784	3416
562	2695	5511
3821	965	5260
2402	3909
4344	1482	3736
881	2305	2583
4517	1663	4057	1193
3883	3719	869
5060	4469	3166	314	4092	3196
346
4632	1770	5274
4233	1368	1467
4739	1884
2776	5498
4012	1157	4603
4570	4348
1502	4344	1483
4233	1371	4720	1866
2968	109	2154	2545
4958	2099	2581	5636
3980	1114	2953
95	421	5481
1502	4344	1481
1825	1860	2169
3145	286	2063	3369
511	1802	4374	1523	3702
838	3972	1114	2953
95	421	5481
4158	1302
2668	2701	3665
809	4784	3294	445
5549	4381	2999	147
4416	1561	4603
1744	2550	3561	705
4038	1180	2489
2585	2700	2708
2740	4317	1455	3416
560	1930	4381
2999	144
2509	5355
4680	1820	4158	1302
2668	2700	3899
1036	3108	252
2017	4309	1453
5008	2145	2275	2956
97	2084
5703	3214	353
5161	5135	4841
1986	2495	3554
688	1584	3724	869
3602	738	1022
2550	4092	1231
4162	1302
2668	2701	3665
809	4784	1924
5402	2546	5502	5489
4378	2999	145	3802	942
2335	4353	1497	4170
1770	5240
4850	4720	1866
2968	109	2154
4662	1802	4374
1520	2553	5260
4484	1628	4696
3942	1087	5245
5025	2169
3145	286	2065
2776	5498
4012	1157	4603
1745	4170
4478	1616	3953
1095	1577
2479	5405	2545
3763	901	1831	4381
1523	2678	5089
4828	4693
3942	1086	2379
5028	3644	789
4739	1884	2775
5641	5462	2608
3880	1022	3445
586	4088	3196	346
575	603
930	1577
2479	5405
2546	2793	5498	2639
2880	20	4573
4348
1303	3467	603
930	1577
2479	5405	4662
1802	3930	1072
4009	1157	4603
1744	2550	3561	705
4474	1621	5521	4392	1533	2558
5457	5335
2479	5405	2545
4958	4547	1692
5199	3221	368	2800
2984	123
4158	1302
2668	2701	3665
809	4784	3294	445
5549	4381	2999	147
4416	1561	4603
1744	2550	3561	705
1440	5428	2574
5028	3644	782
1066	2522	4784	1924
4958	2099	2581	5636
3980	1114	2953
95	421	5481
1441	4343	1483
4233	1371	4720	1865
3145	286	2063	2234
4662	1802	4374
1520	4888	2028
3539	681
3941	1086
4433	1577
2479	5405	2545
3763	901	1831	4381	1523	3702
838	3972	1113
3981	1128	4983
3467	603
932	2599
4784	3416
562	2695	5511
5199	3221	368	5089
4828	4693
5323	3862
1002	4816	1966
4517	1663	4057	1197
2773	4260	1399	2265
2881	21	4888
4289	1431
4677	1824
4618	4145
1287	1359	5591
3840	985	4188	1322
1344	2934	83
3386	525
2797	3214	353
2529	2808	4826	1966
4517	1663	4057	1197
2773	4260	1399	2265
2881	21	4888
4289	1431
2375	4543
1687	4916	2056
2588	5405	2549
5549	4381
1520	4888	2028
3539	681
4162	1301	4677
4611	4145
1287	1351
1848	5515	2915	52
1239	4045
1189	2682
1441	4343	1483
4233	1371	4720	1865
3145	286	2063	2234
4662	1802	4374
1523	2678	2800
3986	1128	4983
1502	4344	1482	3736
881	2305	2583
2735	5222	2363
2688	2773	5463	2608
3880	1022	4601
4570	4348
5703	5654	4123
3208	354	4242
1382	2495	3857
3483	627	3597
751	3173	314	4092	3196
346
2797	3214	353
2529	2808	4826	1966
4517	1663	4057	1197
2776	5498	2639
2880	21	2553	5260
4484	1628	5262
4162	1302
2668	2701	3665
809	4784	1924
5402	2546	5502	5489
4378	2999	144	4573
4348
4680	1820	4158	1302
2668	2701	3665
809	4784	3416
562	2695	5511
3821	965	5260
2402	3909
4156	1302
2668	2701	3665
809	4784	3416
560	1930	4381
1520	4888
4289	1435
4344	3031
179	4322	1468	3648
3138	286	4660
1802	4374
1523	3702	836	959
2330	3539	681	4979
1441	4343	3031
179	4322	1468	3648
3138	286	2066
2793	5498	2639
2880	21	4888
4289	1431
1502	4344	1482	3736
881	2305	3233
370	1169	5631
2776	5498	2639
2880	21	2553	5260
4484	1628	4696
575	603
930	1577
2479	5405	2545
3763	901	1831	4381
1520	4888
2032	2623
5703	3214	353
5161	5135	4841
1991	5021	4875	2019
2172	2284	5461	2608
3880	1022
4601	4570	4348
1302
2668	2700	3899
1036	3108	256	5150
2295	4309	1453
5008	2145	2275	2956
97	2084
1502	4344	1482	3736
877	1785	4322	1469
3150	286	2066
5502	5489
4378	1520	4888	2028
3539	681
4156	1302
2668	2700	2708
2740	4317	3108	252	2013
2581	5636
3980	1117	3221	368	2800
3986	1128	4695
4680	1820	4158	1302
2668	2700	3899
1036	3108	256	5150
2295	5473	2617	4748
3972	1120	2514
3259	404	4983
4040	1180	2489
2585	2700	3899
1036	3108	252	2013
2581	5636
3980	1117	3221	368	2800
2984	123
2593	3214	353
5161	2303	2518
5222	4052	1193
4487	1635	5461	2608
3880	1022	4601
4570	4348	1496	5355
2986	136
2720	4724	1866
2968	109	2153	3370
518	3628	769
2654	3980	1113
3981	1128	4983
4474	1616	3953
1097	2599
4784	3759
901	1831	4381	3960	1109
5313	2457	3271
407	421	5481	5422
4632	1770	5246
4851	4720	4644	1793
2588	3421
562	2695	3980	1115
4725	2933	83
5639	5537	2682
4632	1770	5274
4233	1368	1468
5584	2924	70
5641	5462	2608
3880	1022
2550	3561	705
3467	603
932	2599	3666
804	2251	5150
2295	5473	2617
3784	2932	83
3386	3274	421	5481
4478	1616	3953
1100	4916	2056
2588	5405
2546	2793	5498	2639
2880	20	4573
4348	1496	5355
4632	1770	3038
179	3230
370	1166	2924	70
5641	5462	2608
3880	1022	3445
586	4088	3196	346
4677
1822	2838	4764
4262	3350	495
2295	4309	1453	5635
3980	1117	3221	368	2800
3986	1128	4695
4344	1483
4233	1371	4720	3921
1066	2522	4784	1924
4958	2099	2581	5636
3980	1114	2953
95	421	5481
3433	578
2434	4392	1532	2058
4784	1924
3763	901	1831	4381
1520	4888
4289	1435
5703	3214	353
5161	5135	4841
1988	2790	4057	1193
4487	1635	5461	2608
3880	1022	4601
4570	4348	1496	5355
583	5393
2533	2708
2740	4317	3108	256	5150
2295	5473	2617
5134	2275	2956
2941	88	572
4162	1302
2668	2700	3899	3019	164	1927
5337	2479	5405
2546	2793	5498
2643	3881	1022
2550	4092
4474	1621	5521	4392	1533	2558
5457	5335
2479	3421
562	2695
3980	1120
3269	410	2084
4677	1824
3531	667
1874	1938	5418
5116	2262	2918	52
1239	4045
1189	2682
4038	1180	2489
2587	5710	4764
3894	1036	3108	252
2013	2581	5636	4953
2095	2611	4638	1778
5048	2190	4979
2593	3214	353
5161	2303	2518
5021	4875	2019
3723	869
3602	738	1022
2550	4092	1231
1770	5274
4233	1368	1467
4739	1884
2773	4260	1398
4413	1561	4603
1745	4170
1507	2846	5331	3862
1002	4816	1966
4517	1663	4057	1192	1632
4890	2040
3880	1022	4601
4570	4348	1496	5355
4162	1301	4677
4611	1759
5682	4251	1392
3840	985	4188	1322
1344	2934	83
3386	3274	421	4589
3949	1086	2379
5028	3644	789
4739	1884
2773	5463	2608
3880	1022
2550	3561	705
3467	603
932	2599
4784	1924
3763	901	1831	4381
1520	2553	5260
2402	3909
2375	4543
1687	4916	2056
2588	5405	2549
5549	4381	1523	5510
5199	3221	368	2800
2984	123
1507	2846	5331	3862
1002	4816	1966
4517	1663	4057	1192	1632
4890	2040
3880	1022	4601
4570	4348
4162	1301	4677
4611	1759	4735
1874	1938	5418
4969	2111
3158	304	3101	245	3711
849	1553
4474	1616	3953
1097	2599
4784	3759
905	2695
3575	710	3266
410	2084
4162	1302
2668	2700	3899
1036	3108	252	2013
2581	5636
3980	1117	3221	368	2800
3986	1128	4695
2375	4543
1687	4916	2056
2588	5405	2545
3763	901	1831	4381	1523	3702
838	3972	1113
3981	1128	4983
1507	2846	5331	3862
1004	2303	2518
5222	4052	1193
4487	1635	5461	2608
3880	1022	4601
4570	4348
4474	3938	1086
4433	1578	3923
1067	2588	5405
2546	2793	5498	2639
2880	20	4609
4349	1496	5355
4474	1616	3953
1095	1577
2479	3421
562	2695
3980	1120
5048	2190	4979
1441	4343	1483
4233	1371	4720	1865
3145	286	2063	2234
4662	1802	4374
1520	4888	2028
3539	681
577	3953
1100	4916	2056
2588	5405	2546
2793	5498
2643	3881	1022
2550	3561	705
4162	1301	4677
4611	4145
1291	1938	5418
4969	2111
3158	304	3101	245	3711
849	1553
3467	603
930	1577
2479	5405	2549
5549	4381
1520	4888
2032	2623
3433	578
2434	4392	1532	2058
4784	1923	3370
517	2793	5498	2639
2880	20	4573
4348
1507	2846	5331	3862
1004	2303	2518
5222	4052	1193
4487	1635	5461	2608
3880	1022	4601
4570	4348
1770	5246
5025	3644	782
1067	2588	5405
4662	1802	4374
1523	2678	5089
4828	4693
1302
2668	2700	3899	1037
4262	3350	497
3840	985	4188	1322
4094	1239	2369
5537	2682
3467	603
932	2599
4784	3416
562	2695	5511
3821	959	2330
3257	404	4695
4344	3588
737	2661	5583
2924	70
5641	5462	5096
4413	1561	4603
4570	4348	1496	5355
3467	603
932	2599
4784	3416
562	2695	5511
5199	3221	368	2800
2984	123
4040	1180	2489
2587	5710	4764
4262	3350	495
2295	5473	2617	4748
3972	1120
5048	2190
1770	5246
5025	3644	782
1067	5358	3370
511	1802	4374
1523	3702	836	959
2330	3539	681
3949	1086	2379
5028	3644
3138	286	2065
2776	5498
4012	1157	4603
4570	4348
4344	3588
3030	179	3230
370	1166	2924	70
5641	2785	5498
2639	2880	18	1645
2335	5355
1920	4542
1687	4916	2056
5358	3370
511	1802	4374
1520	2553	5260
4484	1628	4696
4478	1616	3953
1100	4916	2056
2588	5405
2546	2793	5498	2639
2880	18	1645
2335	4353
1770	5274
4233	1368	1467
4739	1884
2773	4260	1398
2241	3880	1022
2550	3561	705
1502	4344	1482	3736
881	2305	2583
4517	1663	4057	1193	1817
5641	5462	5096
4413	1554	1645
2335	5355
4474	3938	1086
2378	4724	1866
3147	286
2065	2773	4260	1398
4413	1561	4603
1744	2550	3561	705
4162	1301	4677
4611	4145
1291	1938	5418
5116	2262	2918	52
1239	5156
4507	1655
2538	5432	5245
5025	2169
3145	286	2065
2773	4260	1398
2241	3880	1022
2550	3561	705
5703	3214	353
5161	2303	2518
5222	4052	1193
4487	1635	5461	2608
3880	1022	4601
4570	4348	1496	5355
2809	4543
1683	4724	3921
1067	5358	3370
511	1802	4374
1520	4888	2028
3539	681
4162	1302
2668	2701	3665
809	4784	3416
560	1930	4381
2999	144	4609
4349
4344	3588
3030	179	3230
370	1169	5631
2776	5498
2639	2880	18	1645
2335	5355
1502	4344	1482	3736
881	2305	2583
4517	1663	4057	1193	1817
5641	5462	5096
4413	1561	4603
4570	4348	1496	5355
578
2434	4392	1532	2058
4784	1924
3763	901	1831	4381
2999	144
2509	5355
4038	1180	2489
2585	2700	2708
2740	4317	1455	3416
560	1930	4381
2999	144
2509	5355
575	603
930	1577
2479	5405	2545	3373
517	2793	5498	2639
2880	20	4573
4348	1496	5355
578
2434	4392	1532	2058
4784	3416
560	1930	4381	1523	3702
836	959
2330	3257	404	4695
1302
2668	2700	3899
1036	3108	252
2017	5473	2617
5134	2275	2956
2941	88	572
4474	3938	1086
4433	1578	3923
3327	3292	443	4665
1802	3930	1076
2880	20	4573
4348	1496	5355
4158	1302
2668	2701	3665
809	4784	3416
560	1930	4381
2999	144	4609
4349
4156	1302
2668	2700	2708
2740	4317	1455	3759
901	1831	4381	1523	3702
836	959	2330
3539	675
4040	1180	2489
2587	5710	4764
3894	1036	3108	252
2013	2581	5636	4953
2095	2956	100
3259	404	4983
4474	3938	1086
4433	1578	3923
3327	3292	443	4665
1802	4374	2999	148
5122	2266	5194
2335	4353
577	3953
1100	4916	2056
2588	5405	4662
1802	3930	1072
4009	1157	4603
1744	2550	3561	705
4344	1481
1825	4319	1467
4739	1883	4921
2066	2793	5498	2639
2880	21	4888
2032	3909
1502	4344	1481
1825	1860	3644
3138	286	2063	2234
2547	3628	769
2654	3980	1120
4635	2946	88	572
578
2432	2446	3665
809	4784	3759
905	2695
3980	1113
3981	3767	2975	123
4478	1616	3953
1101	5380	3923
1069	4921
2065	2773	4260	1398
2241	3880	1022
2550	3561	705
3949	1086	2379
5028	3644
3138	286	2065
2776	5498
4012	1157	4603
4570	4348
4632	1770	5240
4850	4720	4644	1793
2588	3421
562	2695	3980	1115
4725	2933	83
5639	5537	2683
4474	1616	3953
1097	2599
4784	3759
905	2695	2778
4859	4726	2933	83
3386	3274	421	5481
4344	3031
179	4322	1468	3648
3138	286	4660
1802	4374
1520	4888	2028
3539	681
3942	1086	2379
5028	3644
3138	286	2065
2773	5463	2608
3880	1022
2550	3561	705
5521	5291
2432	2446	3665
804	2251	5150
2295	5473	2617
3784	2932	83
3386	3274	421	5481
1770	5240
4850	4720	1866
2968	109	2154
4662	1802	4374
1520	2553	5260
4484	1628	4696
4158	1302
2668	2701	3665
809	4784	1924
5402	2546	2793	5498	2639
2880	18	1645
2335	4353	1497	5453	3561	705
2540	4542
1684	5028	2169
3145	286	2065
2773	5463	2608
3880	1022	3445
586	4088
575	603
930	1577
2479	5405	2545	3373
517	2793	5498	2639
2880	20	4573
4348
3467	603
932	2599
4784	3759
905	2695
3980	1120
5048	2190	4979
2706	2767	3949	1086
2378	4724	1866
2968	113
2773	5463	2608
3880	1022	3445
586	4088
3942	1086	2379
5028	3644
3138	286	2065
2773	4260	1398
4413	1561	4603
1744	2550	3561	705
4632	1770	5274
4233	1371	4720	1865
3145	286	2066
5502	5489
4378	1520	4888
4289	1431
5521	5291
2432	4800	1946
3025	166	3495
644	4188	1322
4094	1239	2369
5537	2683
4428	1568
5346	4037	1182	5286	5103
4263	3350	497
3840	985	4188	1322
1344	2934
76	3266	407	421	5481
4474	1616	3953
1100	4916	2056
5358	3370
515	5489
4378	2999	144
2509	5355
4038	1180	2489
2585	2700	3899
3019	164	3759
901	1831	4381
2999	144
2509	5355
2375	4543
1687	4916	2056
5358	3370
511	1802	4374
1520	4888	2028
3539	681
1502	4344	3588
734	4319	1469
3150	286
2066	2793	5498	2639
2880	21	4888
4289	1431
4162	1301	4677
4611	4145
1287	1359	5591
3840	985	4188	1322
4094	1239	2369
5170	2311
1502	4344	1482	3736
881	2305	2583
4517	1663	4057	1193	1817
5641	5462	5096
4413	1561	4603
4570	4348
575	603
930	1577	2477
2588	5405	4662
1802	3930	1079	5498
2643	3881	1022
2550	3561	705
583	5393
2533	3899
1036	3108	252
2017	5473	2617
3784	2932	83
3386	3274	421	4589
4038	1180	2489
2586	5678	3665
809	4784	1924
5402	2546	2793	5498	2639
4416	1561	4603
1744	2550	3561	705
2540	4542
1683	4724	3921
3327	3292	443	4665
1802	3930	1076
2880	20
2509	5355
2797	2846	5331	3862
1004	2305	3233	380
3150	286	2063	2234
2547	3628	769
3821	959	2331	3271
407	421	5481
5323	3862
1002	4816	1966
4517	1663	4057	1193	1817
5641	2785	5498
2639	2880	20	4573
4348	1496	2623
4344	3031
179	4322	1467
4739	1883	4921
2066	2793	5498	2639
2880	20
2509	3909
4034	1180	2489
4678	4611	4145
1287	1359	5614
5515	2915	52
1239	4045
3514	663
4632	1770	5246
4851	4720	4644	1793
2588	3421
562	2695	3980	1115
4725	2933	83
5639	5537	2682
3942	1086	2379
5028	3644	789
4739	1884	2775
5641	5462	2608
3880	1022	3445
586	4088
4474	1616	3953
1095	1577
2480	4784	3759
901	1831	4381	3960	1109
5313	2457	3271
407	421	5481	5422
1441	4343	3588
737	2661	5583
2924	70
5641	5462	2608
3880	1022
2550	3561	705
3467	603
930	1577
2479	5405	2549
5549	4381
1520	4888
2032	2623
4344	1483
4233	1371	4720	1865
3145	286	2063	2234
2547	3628	769
2654	3980	1113
3390	534	2084
4680	1820	4158	1302
2668	2700	2708
2740	4317	3108	252	2013
2581	5636
3980	1117	3221	368	2800
3986	1128	4695
4344	1483
4233	1371	4720	3921
1066	2522	4784	3416
562	2695	3980	1115
4725	2933	83
5639	5537	2683
5703	5654	4123
3208	354	4242
1382	2495	3857
3483	627	3597
751	3173	314	4092	3196
346
4474	1616	3953
1095	1577
2479	5405	2549
5549	4381
1520	4888	2028
3257	404	4695
575	603
932	2599
4784	3416
562	2695	5511
3821	959	2330
3257	404	4695
4038	1180	2489
2585	2700	2708
2740	4317	1455	3759
901	1831	4381
2999	144
2509	5355
1441	4343	1483
4233	1371	4720	1865
3145	286	2063	2234
4662	1802	4374
1523	2678	2800
3986	1128	4983
4344	3588
3030	179	3230
370	1169	5631
2776	5498
2639	2880	20	4573
4348	1496	5355
4474	1616	3953
1097	2599
4784	3759	904
3496	644	5473	2617
3784	2932	82
5537	2683
4677	1824
4618	4145
1287	1359	5591
3840	985	4188	1322
1350	5134	2275	2956
2941	88	572
4156	1302
2668	2701	3665
809	4784	3416
560	1930	4381
1520	4888
4289	1435
4040	1180	2489
2585	2700	2708
2740	4317	1455	3759
905	2695	5511
3821	965	5260
2402	2623
3433	578
2434	4392	1532	2058
4784	1924
3763	901	1831	4381
2999	144
2509	5355
4478	1616	3953
1100	4916	2056
2588	5405	4662
1802	4374	2999	148
5122	2266	4604
4570	4348
2538	5432	5245
5025	2169
3145	286	2065
2773	4260	1398
4413	1561	4603
1744	2550	3561	705
4162	1302
2668	2700	2708
2740	4317	1455	3759
905	2695	5511
3821	965	5260
2402	3909
575	603
930	1577	2477
2588	5405	4662
1802	3930	1079	5498
2643	3881	1022
2550	3561	705
4677	1824
4618	4145
1287	1359	5591
3840	985	4188	1322
1344	2934	83
3386	525
1770	5274
5112	3230
370	1166	2924	70
5641	5462	2608
3880	1022	3445
586	4088	3196	346
1502	4344	1482	3736
881	2303	2518
5663	2807	3554
688	4189	3597
750	3563	702
4091
4474	3938	1086
4433	1578	3923
3327	3292	443	4665
1802	3930	1076
2880	20	4573
4348	1496	5355
4344	3031
179	4322	1468	3648
3138	286	2066
5502	5489
4378	1523	2678	5089
3537	681
2986	136
2720	4724	1866
2968	109	2153	3370
511	1802	4374
1523	2678	2800
3986	1128	4983
3467	603
930	1577
2479	3421
562	2695	5511
3821	959	2330
3539	681
4156	1302
2668	2700	2708
2740	4317	1455	3759
901	1831	4381	1523	3702
836	959	2330
3257	404	4695
1770	2721
5028	2169
3145	286	2066
2793	5498	2639
2880	20	4573
4348	1496	5355
2593	5166	3738
877	1785	4322	1469
3150	286	4660
1802	4374
1523	2678	2800
3986	3767	913
2797	3214	353
5161	2303	2518
5021	4875	2023	4963
4890	2040	5098
4413	1554	1645
2335	5355
2593	3214	353
2529	4242
1382	2495	3857
994	1272	4530	1675
2452	3563
704	4092
4632	1770	5274
4233	1368	1467
4739	1884
2776	5498
4012	1157	4603
4570	4348
1502	4344	1482	3736
881	2305	2583
4517	1663	4057	1193
4487	1635	5461	2608
3880	1022
2550	4092	1231
4034	1180	2489
3527	667	1878	4267
3107	252
2017	4309	1453
4859	4726	3266
410	2084
4040	1180	2489
4678	4611	4145
1287	1359	5614
5515	3994
1138	5225	4045
3514	663
2593	3214	353
5161	2303	2518
5222	4052	1193
4487	1635	5461	2608
3880	1022	4601
4570	4348
1770	5246
5025	3644	782
1067	2588	5405
4662	1802	4374
1523	2678	5089
4828	4693
1502	4344	1482	3736
881	2305	2583
4517	1663	4057	1192	1632
4890	2040
3880	1022	4601
4570	4348
3942	1086	2379
5028	3644
3138	286	2065
2773	5463	2608
3880	1022
2550	3561	705
1502	4344	1483
4233	1371	4720	3921
1066	2522	4784	3416
562	2695	3980	1115
4725	2933	82
5537	2683
575	603
930	1577	2477
2588	5405	2546
5629	2773	4260	1398
2241	3880	1022
2550	4092
4632	1770	5246
4851	4720	4644	1793
2588	3421
562	2695	3980	1115
4725	2933	83
5639	5537	2683
1184
5710	4797
1938	3635
775	2111
4031	1172
4507	1655
4158	1302
2668	2701	3665
809	4784	1924
5402	2546	5502	5489
4378	2999	145	3802	942
2335	4353	1497	4170
4162	1302
2668	2700	3899
1036	3108	252	2013
2581	5636
3980	1113
3981	3767	2975	123
4632	1770	5274
4233	1371	4720	1865
3145	286	2066
2793	5498	2639
2880	21	4888
2032	3909
2593	3214	353
5161	2303	2518
5222	4052	1193
4487	1635	5461	2608
3880	1022	4601
4570	4348	1496	5355
575	603
930	1577	2477
2588	5405	4662
1802	3930	1072
4009	1157	4603
1745	4170
1440	5428	2574
5028	3644	782
3327	3292	445
5549	4381	1523	3702
838	3972	1120	2514
2981	118	916
4162	1302
2668	2700	2708
2740	4317	1455	3416
560	1930	4381
1520	4888
4289	1435
583	5393
2533	2708
2740	4317	3108	256	5150
2295	5473	2617
5134	2275	2956
2941	88	572
575	603
932	2599
4784	3416
562	2695	5511
3821	959	2330
3257	404	4695
1502	4344	3588
734	1860	2169
3145	286	2063	3369
511	1802	4374	1523	3702
838	4725	3266
407	421	5481
575	603
930	1577	2477
2588	5405	2546
2793	5498
2643	3881	1022
2550	3561	705
577	3953
1101	5380	3923
1069	4921
2065	2773	4260	1398
3343	2886	30
586	4088
1302	5389
2533	3899	3659
809	4784	3416
562	2695	5511
5199	3221	368	5089
3537	675
4428	1568
2587	5710	4764
3894	3019	166	3495
644	4309	1453	3290
432	2938	83
3386	3274	421	4589
1441	4343	3031
179	4322	1468
3648	3138	286	2065
2773	4260	1398
4413	1561	4603
4570	4348
2540	4542
1683	4724	1866
3147	286
2065	2773	4260	1398
2241	3880	1022
2550	3561	705
4040	1180	2489
2587	5710	4764
3894	3019	166	3836
985	4309	1453
4859	4726	3266
407	417	524
1507	2846	5331	3862
1002	4816	1966
4517	1663	4057	1193	1817
5641	5462	5096
4413	1554	1645
2335	5355
4162	1302
2668	2700	2708
2740	4317	1455	3759
905	2695	5511
3821	965	5260
2402	2623
1302	5389
2533	2708
2740	4317	3108	256	5150
2295	5473	2617	4955
2095	3270
410	2084
4344	1483
4233	1371	4720	1866
2968	109	2153	3370
518	3628	769
2654	3980	1120
3269	410	2084
4677
4611	4145
1287	1359	5591
3840	985	5473	2617
5134	2275	2956
97	2084
5521	5291
2432	4800	1946
3025	166	3495
644	4188	1322
4094	1239	2369
5537	2683
4677
4611	1759	4267
3350	497	3840	980
2581	5146	3697
845	2678	5089
3537	675
2797	3214	353
5161	2303	2518
5222	2922	70
5641	2785	5498
2639	2880	20	4573
4348	1496	2623
1300	2489
3527	667	1878
4616	4145	1287	1359	5614
5515	2915	52
1239	5156
4507	1655
4344	1483
4233	1371	4720	3921
1066	2522	4784	1924
4958	2099	2581	5636	3980	1121
3573	710	2933	83
5639	5537	2682
575	603
930	1577
2479	5405	2549
5549	4381
2999	144
2509	5355
4038	1180	2489
2585	2700	3899
3019	164	3759
905	2695	5511
5382	2524	4888
4289	1435
1767	2375	4543
1680	4433	1577
2480	4784	3759
908	5150	2295	5473	2617
3784	2932	82
5537	2683
4034	1180	2489
4678	4611	4145
1287	1359	5614
5515	2915	52
1239	4045
3514	663
2540	4542
1683	4724	3921
3327	3292	443	4665
1802	3930	1076
2880	20	4609
4349	1496	5355
3949	1087	5245
5025	3644	782
1067	5358	3370
511	1802	4374
1520	4888	2028
3539	681
2809	4543
1680	4433	1577
2479	3421
562	2695
3575	710	3266
407	421	5481	5422
4162	1301	4677
4611	4145
1287	1359	5614
5515	3994
1138	5225	4045
1189	2682
2797	3214	353
5161	2303	2518
5222	2922	70
5641	2785	5498
2639	2880	20	4573
4348	1496	3909
4040	1180	2489
2587	5710	4764
3894	1036	3108	252
2017	4309	1453
5635	3980	1120	2514
3259	404	4983
575	603
930	1577	2477
2588	5405	4662
1802	3930	1079	5498
2643	3881	1022
2550	3561	705
1770
3038	179	4322	1467
4739	1884
2773	4260	1398
4413	1561	4603
4570	4348
2809	4543
1680	4433	1577
2479	3421
562	2695
3575	710	3266
407	421	5481	5422
5323	3246	382
734	1860	2169
3145	286	2063	3064	213
3422	562	2695
3575	710	3266	407
421	4589	1735
4474	3938	1086
4433	1577	2477
2588	5405
2546	5502	5489
4378	2999	144
2509	2623
2538	5432	5245
5025	3644
3138	286	2065
2773	5463	2608
3880	1022
2550	3561	705
4428	1568
3527	667	1878
5682	4251	1392
3840	985	4188	1322
4094	1239	4045
3514	663
1302	5389
2533	3899
1036	3108	256	5150
2295	4309	1453
5008	2145	2275	2956
2941	88	572
1502	4344	1482	3736
881	2305	2583
4517	1663	4057	1193	1817
5641	2785	5498
2639	2880	20	4573
4348	1496	2623
4632	1770	5274
4233	1368	1469
5585	2924	68
2773	4260	1398
4413	1561	4603
1745	4170
1502	4344	1482	3736
881	2303	2518
5663	2807	3554
688	4189	3597
750	3563	702
4091
1507	2846	5331	3862
1002	2128	4841
1986	2495	3857
994	1272	4113
1254	3560
704	4092
3467	603
932	2599
4784	3416
562	2695	5511
3821	959	2330
3257	404	4695
2593	3214	353
5161	2303	2518
5222	4052	1193
4487	1635	5461	2608
3880	1022	4601
4570	4348	1496	5355
4677	1824
4618	4145
1287	1359	5591
3840	985	5473	2617
5134	2275	2956
97	2084
1440	5428	2574
5028	3644	782	1067
2588	3421
562	2695	3980	1115
4725	2933	83
5639	5537	2682
4474	1621	5521	4392	1533	2558
4916	2056
2588	5405	2549
5549	4381
1520	2553	5260
4484	1628	4696
577	3953
1100	4916	2056
2588	5405	2546
5629	2773	4260	1398
3343	2886	30
586	4088
1697	4808	1953
2533	3899	3659
809	4784	3416
560	1930	4381
2999	144
2509	5355
4344	3031
179	3230	370	1164
3145	286	2063	2234
4662	1802	4374
1523	2678	2800
3986	1128	4983
3949	1086
4433	3787	932	2599
4784	3759	904
3496	644	5473	2617
3784	2932	82
5537	2683
2593	5166	3738
877	1785	4322	1468
3648	3138	286	2066
5502	5489	4378
3960	1106	4072
3390	534	2084
1303	3467	603
930	1577
2479	5405	4662
1802	3930	1079	5498
2643	3881	1022
2550	4092
575	603
930	1577
2479	5405	2545	3373
517	2793	5498	2639
2880	20	4573
4348
1441	4343	1483
4233	1371	4720	3643
3138	286	2066
2793	5498	2639
2880	21	4888
2032	3909
2593	3214	353
5161	2303	2518
5222	4052	1193
4487	1635	5461	2608
3880	1022	4601
4570	4348
1300	2489
3527	667	1878
5682	4251	1392
3840	985	4188	1322	4094
1239	5156
4507	1655
1767	2375	4543
1687	4916	2056
2588	3421
562	2695
3575	710	3266
407	421	5481	5422
3941	1087	5245
5025	2169
3145	286	2065
2773	4260	1398
4413	1561	4603
1744	2550	3561	705
4344	1482	3736
881	2303	2518
5663	2807	3554
688	4189	3597
750	3563
704	4092
2593	3214	353
5161	2303	2518
5222	4052	1193
4487	1635	5461	2608
3880	1022
2550	4092	1231
4632	1770	2721
5028	2169	3145	290
2968	109	2154
4662	1802	4374
1523	2678	5089
4828	4693
4344	1482	3736
881	2305	2583
4517	1663	4057	1193
3883	1032	3605
751	3173	314	4092	3196
346
583	5393
2533	3899
1036	3108	256	5150
2295	5473	2617
5134	2275	2956
2941	88	572
3941	1086
4433	1577	2477
5358	3370
511	1802	4374
1523	2678	5089
4828	4693
4344	3588
734	4319	1469
5585	2924	68
2776	5498	2639
2880	20
2509	3909
4478	1616	3953
1095	1577
2479	5405	2549
5549	4381
2999	144
2509	5355
4162	1301	4677
4611	4145
1287	1359	5591
3840	985	4188	1322
4094	1239	2369
5170	2311
4158	1302
2668	2701	3665
809	4784	3294	445
5549	4381	2999	147
4416	1561	4603
1744	2550	3561	705
4038	1180	2489
2585	2700	3899
1036	3108	252	2013
2581	5636	5511
5199	3221	368	5089
3537	685
5521	5291
2432	2446	3665
803	3108	252	2013
2581	5636	2778
5008	2145	2275	2956
2941	88	572
4474	3938	1086
2379	5028	2169
3145	286	2065
2773	5463	2608
3880	1022	3201
339
4677
1822	2838	4764
4262	3350	495
2295	4309	1453	5635
3980	1117	3221	368	2800
3986	1128	4695
4632	1770	3038
179	3230
370	1166	2924	70
5641	5462	2608
3880	1022	3445
586	4088	3196	346
1441	4343	1483
4233	1371	4720	1865
3145	286	2063	2234
4662	1802	4374
1523	2678	2800
3986	1128	4983
4677	1824
4618	4145
1287	1359	5591
3840	985	4188	1322
1344	2934	83
3386	525
1502	4344	1482	3736
881	2305	2583
4517	1663	4057	1193	1817
5641	5462	5096
4413	1554	1645
2335	5355
583	5393
2533	3899
3019	166	3495
644	4188	1322
4094	1239	2369
5537	2683
1441	4343	1483
4233	1371	4720	3643
3138	286	4660
1802	4374
1523	2678	5089
3537	681
4474	1616	3953
1095	1577
2479	3421
562	2695	5511
5199	3221	368	2800
2984	123
4474	1616	3953
1097	2599	3666
803	3108	252	2013
3496	644	5473	2617
3784	2932	82
5537	2682
4344	1481
1825	4319	1467
4739	1884	2772
2793	5498	2639
2880	21	2553	5260
4484	1628	4696
1303	3467	603
930	1577
2479	5405	4662
1802	3930	1079	5498
2643	3881	1022
2550	3561	705
4478	1616	3953
1095	1577
2479	5405	2545
3763	901	1831	4381
1523	2678	5089
3537	675
1507	2846	5331	3862
1004	2303	2518
5222	4052	1193
4487	1635	5461	2608
3880	1022
2550	4092	1231
4677	1824
4618	4145
1287	1359	5591
3840	985	4188	1322
1344	2934	83
3386	525
2375	4543
1687	4916	2056
5358	3370
511	1802	4374
1520	4888	2028
3539	681
5323	3246	382
734	1860	2169
3145	286	2063	3064	213
3422	562	2695
3980	1114	2953
97	4452	1594	2010
2593	3214	353
5161	5135	4841
1986	2495	3857
994	1272	4113
1254	3560
704	4092
4677
4611	4145
1287	1359	5591
3840	985	4188	1322
1344	2934	83
3386	3274	421	4589
1502	4344	3588
734	4319	1467
4739	1884	2772
5502	5489	4378
1523	3702	836	959
2330	3539	681	4979
4344	3031
179	4322	1468	3648
3138	286	4660
1802	4374
1523	2678	2800
3986	1128	4983
2593	3214	353
5161	2303	2518
5021	4875	2023	4963
4890	2040	5098
4413	1561	4603
4570	4348	1496	5355
4123
1269	3214	354	4242
1382	2495	3857
3483	627	3597
751	3173	314	4092	3196
346
5331	3862	3733
877	1783	1860	3644
782	3327	3292	445
3422	562	2695
3575	710	2933	83
5639	5537	2683
4038	1180	2489
2585	2700	3899
1036	3108	252	2013
2581	5146	3697
845	2678	5089
3537	675
3433	578
2434	4392	1532	2058
4784	1923	3370
517	2793	5498	2639
2880	18	1645
2335	4353	1497	4170
3467	603
932	2599
4784	3759
905	2695
3980	1113
3981	1128	4983
4123
1269	5166	5135	4841
1986	2495	3554
688	1584	3724	869
3602	738	1022
4601	4570	4348
4632	1770	5274
4233	1368	1467
4739	1884
2773	4260	1398
4413	1561	4603
4570	4348
5323	3862
1002	4816	1966
4517	1663	4057	1197
2776	5498	2639
2880	21	4888
4289	1431
3467	603
932	2599
4784	3759
901	1831	4381	1523	3702
838	3972	1113
3981	3767	2975	123
4474	1616	3953
1097	2599
4784	1925	5150
2295	4309	1453	3290
431	2914	59	3101	245
5537	2683
4474	1616	3953
1097	2599
4784	3759
905	2695
3575	710	3266
410	2084
4632	1770	2721
5028	3644	782
3327	3292	445
5549	4381	1523	3702
838	3972	1120
4635	2946	88	572
3433	578
2434	4392	1532	2058
4784	1923	3370
517	2793	5498	2639
2880	20	4573
4348
1770
3038	179	4322	1467
4739	1884
2773	4260	1398
4413	1561	4603
1744	2550	3561	705
5331	3862
1004	2305	3233
370	1164	3145	286
2063	2235
4378	1520	4888	2028
3539	681	4979
1920	4542
1687	4916	2056
5358	3370
511	1802	4374
1520	2553	5260
4484	1628	4696
4632	1770	2721
5028	3644	782
1067	5358	3370
511	1802	4374
1523	3702	836	959
2330	3539	681
2797	2846	5331	3862
1004	2305	3233
370	1169	5631	2772
5502	5489	4378
3960	1106	4072
3981	3767	916
4632	1770	3038	176
3452	600	2517
4517	1663	4057	1193
3883	1032	3605
750	3563	702
4091
5331	3862
1004	2305	3233
370	1169	5631	2772
5502	5489	4378
1523	2678	2800
3986	3767	913
2593	3214	353
5161	5135	4841
1986	2495	3554
688	4189	3597
751	3173	314	4092	3196
346
5703	3214	353
2529	2808	4826	1966
4517	1663	4057	1193	1817
5641	2786	4599
4009	2872	20
2509	3909
4474	3938	1086
4433	1577	2477
2588	5405	2549
5549	4381	1523	5510
3821	959
2330	3539	681
4123
1269	5166	5135	4841
1986	2495	3554
688	1584	3724	869
3602	738	1022
4601	4570	4348
4344	3588
737	2661
4517	1663	4057	1192	1632
4890	2040
3880	1022
2550	3561	705
4677
1822	5286	5103
3897	3019	166	3495
639	2581	5636	4953
2095	2611	4638	1778
5048	2190
1302
2668	2700	3899
1036	3108	252
2017	5473	2617
5134	2275	2956
97	2084
5331	3862
1004	2305	3233	379
3648	3138	286	4660
1802	4374
3960	1109	3978	1120
4635	2946	88	572
5521	5291
2432	2446	3665
809	4784	3759
901	1831	4381	3960	1109
3978	1120
5048	2190	4979
1502	4344	3031
179	3230	370	1164
3145	286	2063	3369
511	1802	4374	1523	3702
838	4725	3266
407	421	4589
1507	2846	5331	3862
1002	4816	1966
4517	1663	4057	1193	1817
5641	5462	5096
4413	1554	1645
2335	5355
3467	603
930	1577
2479	5405	2545
3763	901	1831	4381
1523	2678	5089
4828	4693
1502	4344	1481
1825	1860	2169
3145	286	2063	3369
511	1802	4374	1523	3702
838	4725	3266
407	421	5481
2809	4543
1687	4916	2056
2588	5405	2549
5549	4381	1523	5510
5199	3221	368	2800
3986	1128	4983
3433	578
2434	4392	1532	2058
4784	3416
560	1930	4381
1520	2553	5260
2402	2623
575	603
930	1577
2479	5405	2549
5504	5489
4378	2999	144
2509	5355
4428	1566
3435	575	603	930	1577
2479	5405	4662
1802	4374	2999	148	4417	1556
3343	2886	30
586	4088
2375	4543
1687	4916	2056
2588	5405	2549
5549	4381
1520	4888	2028
3539	681
4034	1180	2489
4678	4611	4145
1287	1359	5614
5515	2915	52
1239	4045
3514	663
575	603
930	1577
2479	5405	2545	3373
517	2793	5498	2639
2880	18	1645
2335	4353
5703	5654	4123
3208	354	4242
1382	2495	3857
3483	627	3597
751	3173	314	4092	3196
346
4474	1616	3953
1095	1577
2479	5405	2545
4958	4547	1692
3821	959
2330	3539	681
4632	1770	5240
5024	3644	782
3327	3292	445
5549	4381	1523	5510
2654	3980	1120
3269	410	2084
1441	4343	1483
4233	1371	4720	3643
3138	286	2066
2793	5498	2639
2880	20
2509	3909
2373	3468	604
1097	2599
4784	3759	904
3496	644	5473	2617
3784	2932	82
5537	2683
5331	3862
1004	2305	3233	370	1166
2924	68
2776	5498	2639
2880	21	4888	2026
3537	681
1302	5389
2533	2708
2740	4317	3108	256	5150
2295	5473	2617	4748
4725	3266
410	2084
4474	1616	3953
1095	1577
2479	5405	2549
5549	4381
1523	2678	5089
4828	4693
1502	4344	1482	3736
881	2303	2518
5222	4052	1193
3883	3719	869
3602	738	1022
2550	3561	705
2593	3214	353
5161	2303	2518
5222	4052	1193
4487	1635	5461	2608
3880	1022	4601
4570	4348
5521	4392	1533	2558
4916	2058	5379	3923
1069	4921
2065	2773	4260	1398
2241	3880	1022
2550	3561	705
1302	5389
2533	3899	3659
809	4784	3416
562	2695	5511
5199	3221	368	5089
3537	675
4158	1302
2668	2701	3665
809	4784	3294	445
5549	4381	2999	147
4416	1561	4603
1744	2550	3561	705
4474	1616	3788
932	2599	3666
804	2251	5150
2295	4309	1453	3290
431	2914	59	3101	245
5537	2683
2538	5432	5245
5025	3644
3138	286	2065
2773	5463	2608
3880	1022	3445
586	4088	3196	346
3949	1087	5245
4851	4720	1866
3147	286	4660
1802	3930	1076
2880	20
2509	2623
1767	2375	4543
1687	4916	2056
2588	3421
562	2695
3980	1114	2953
95	421	4589
4478	1616	3953
1100	4916	2056
5358	3370
515	5489
4378	2999	144
2509	5355
4680	1820	4158	1302
2668	2700	3899
1036	3108	256	5150
2295	5473	2617	4748
3972	1120
5048	2190	4979
4156	1302
2668	2700	2708
2740	4317	1455	3759
901	1831	4381	1523	3702
836	959	2330
3257	404	4695
4162	1302
2668	2700	2708
2740	4317	1455	3759
901	1831	4381
1520	4888
4289	1435
1502	4344	3588
734	1860	2169
3145	286	2063	3064	213
3422	562	2695
3575	710	3266	407
421	4589	1735
1302
2668	2700	3899	1037
4262	3350	497
3840	985	4188	1322
4094	1239	2369
5537	2682
1502	4344	1481
1825	1860	3644
3138	286	4660
1802	4374
1523	2678	2800
3986	1128	4983
3942	1087	5245
5025	2169
3145	286	2065
2776	5498
4012	1157	4603
1745	4170
1770	5274
4233	1368	1468
5584	2924	70
5641	5462	2608
3880	1022	3445
586	4088	3196	346
4478	1616	3953
1095	1577
2479	5405	2549
5549	4381
1520	4888
2032	2623
3949	1086	2379
5028	3644
3138	286	2065
2773	4260	1398
4413	1561	4603
1745	4170
4474	1616	3953
1095	1577
2479	3421
562	2695
3980	1120	2514
4943	2084
4474	3938	1086
4433	1577	2477
2588	5405
4662	1802	4374
1520	4888
2032	3909
1502	4344	3588
734	1860	3644
3138	286	2063	3369
511	1802	4374	1523	3702
838	4725	3266
407	421	4589
3433	578
2434	4392	1532	2058
4784	1924
3763	901	1831	4381
1520	4888
4289	1435
2540	4542
1683	4724	3921
3327	3292	443	4665
1802	3930	1076
2880	20	4573
4348	1496	5355
4428	1568
5346	4037	1182	5286	5103
4263	3350	497
3840	985	4188	1322
1344	2934
76	3266	407	421	5481
4040	1180	2489
2587	5710	4764
3894	3019	166	3495
644	4309	1453
4859	4726	3266
407	417	524
3949	1086	2376
4850	4720	1866
3147	286	4660
1808	3628	768
4378	1520	4888
2032	3909
2809	4543
1687	4916	2056
2588	3421
562	2695
3575	710	3266
407	421	5481	5422
4428	1567
2533	3899	3659
809	4784	3416
560	1930	4381
2999	144
2509	5355
1770	2721
5028	2169
3145	286	2066
5629	2773	4260	1399	2265
3005	144	4573
4348	1496	5355
4077
1226	2533	3899
1036	3108	256	5150
2295	4309	1453
5008	2145	2275	2956
97	2084
4632	1770	3038
179	3230	370	1166
2729	4057	1193
3883	1032	3605
750	3563	702
4091
4040	1180	2489
2585	2700	3899
1036	3108	252	2013
2581	5636
3980	1117	3221	368	2800
3986	1128	4695
3433	578
2434	4392	1532	2058
4784	3294	445
5549	4381	2999	147
2880	20	4573
4348
1770	5240
4850	4720	1866
3147	286	4660
1802	3930	1076
2880	20
2509	2623
2593	3214	353
5161	5135	4841
1986	2495	3857
994	1272	4530	1675
2452	3563
704	4092
578
2434	4392	1532	2058
4784	3416
562	2695	5511
3821	959	2330
3257	404	4695
4632	1770	5274
4233	1368	1469
5585	2924	70
5641	5462	2608
3880	1022
2550	3561	705
4478	1616	3953
1095	1577
2479	5405	2545	3373
515	5489
4378	2999	144
2509	5355
5521	5291
2432	4800	1946
2740	4317	3108	256	5150
2295	5473	2617
3784	2932	83
3386	3274	421	5481
4478	1616	3953
1100	4916	2056
2588	5405	4662
1802	3930	1072
4009	1157	4603
1745	4170
1441	4343	3031
179	4322	1467
4739	1883	4921
2066	2793	5498	2639
2880	20
2509	3909
1302
2668	2700	3899	1040
4263	3350	497
3840	985	4188	1322
4094	1239	4045
3514	663
4632	1770	3038
179	3230
370	1166	2924	70
5641	5462	2608
3880	1022
2550	4092	1231
4478	1616	3953
1095	1577
2479	5405	2545	3373
511	1802	4374
1520	4888
2032	2623
1502	4344	1482	3736
877	1785	4322	1468
3648	3138	286
2066	2793	5498	2639
2880	21	2553	5260
4484	1628	5262
4344	1483
4233	1371	4720	1865
3145	286	4660
1802	4374
1523	3702	836	959
2330	3539	681	4979
575	603
932	2599
4784	3416
562	2695	5511
3821	959	2330
3257	404	4695
2809	4543
1683	4724	3921
1067	5358	3370
511	1802	4374
1523	2678	5089
4828	4693
4677	1824
5710	4797
1938	3635
775	2111
4031	1172
4507	1655
4162	1302
2668	2700	3899
1036	3108	252	2013
2581	5636
3980	1117	3221	368	2800
3986	1128	4695
1302
2668	2700	3899
1036	3108	252
2017	5473	2617
5134	2275	2956
97	2084
577	3953
1101	5380	3923
1069	4921
2065	2773	5463	2608
3880	1022	3445
586	4088
575	603
930	1577
2479	5405	2549
5504	5489
4378	2999	144
2509	5355
1502	4344	1482	3736
881	2305	2583
4517	1663	4057	1193
4487	1635	5461	2608
3880	1022
2550	4092	1231
1770	2721
5028	2169
3145	286	2066
2793	5498	2639
2880	20	4573
4348	1496	5355
583	5393
2533	3899
3019	166	3495
644	4188	1322
4094	1239	2369
5537	2682
4677	1824
3531	667
1874	1938	5418
5116	2262	2918	52
1239	2369
5170	2311
4474	1616	3788
932	2599	3666
804	2251	5150
2295	5473	2617
3784	2932	82
5537	2683
1770	2721
5028	2169
3145	286	4660
1802	3930	1076
2880	21	4888
2032	3909
2797	2846	5331	3862
1004	2305	3233
370	1164	3145	286
2063	2235
4378	1520	4888	2028
3539	681	4979
4344	1482	3736
881	2305	2583
4517	1663	4057	1193
3883	3719	869
5060	3716	3441
586	4088	3196	346
4632	1770	5240
4850	4720	4644	1793
2588	5405	2545
4958	2099	2581	5636
3575	710	3266
407	421	5481	5422
4474	1616	3953
1095	1577
2480	4784	3759
901	1831	4381	3960	1109
5313	2457	3271
407	421	5481	5422
1507	3214	353
5161	5135	4841
1986	2495	3554
688	4189	3597
751	3173	314	4092	3196
346
5331	3862	3733
881	2305	3233	375
4739	1884	2772	5403
2547	3628	769
3821	959	2331	3271
407	421	4589
1770	2721
5028	2169
3145	286	4660
1808	3628	768
4378	1520	4888
2032	3909
4677	1824
3531	667
1874	1938	5418
5116	2262	2918	52
1239	4045
1189	2682
4632	1770	5240
5024	3644	782
1066	2522	4784	1924
4958	2099	2581	5636
3575	710	3266
407	421	5481	5422
1770	5246
4851	4720	4644	1793
2588	5405	2545
3763	901	1831	4381	1523	3702
838	3972	1120
3269	410	2084
1770	5274
4233	1368	1468
5584	2924	70
5641	5462	2608
3880	1022	3445
586	4088	3196	346
4632	1770	5274
4233	1368	1467
4739	1884
2773	4260	1398
4413	1561	4603
4570	4348
1507	2846	5331	3862
1004	2303	2518
5021	4875	2019
3723	869
5060	3716	3441
586	4088	3196	346
2593	3214	353
5161	5135	4841
1986	2495	3554
688	1584	3724	869
5060	3716	3441
586	4088	3196	346
4123
1269	5166	5135	4841
1988	2790	4057	1193
4487	1635	5461	2608
3880	1022	4601
4570	4348	1496	5355
575	603
930	1577	2477
2588	5405	4662
1802	3930	1072
4009	1157	4603
1744	2550	3561	705
578
2432	4800	1946
2740	4317	3108	256	5150
2295	5473	2617
3784	2932	83
3386	3274	421	5481
1441	4343	3588
737	2661
4517	1663	4057	1193
3883	1032	3605
751	3173	314	4092	3196
346
575	603
932	2599
4784	3416
562	2695	5511
3821	959
2330	3539	681
4158	1302
2668	2701	3665
809	4784	1924
5402	2546	2793	5498	2639
2880	18	1645
2335	4353	1497	4170
4040	1180	2489
3527	667	1878
5682	4251	1392
3840	985	4188	1322
4094	1239	2369
5170	2311
578
2432	2446	3665
803	3108	252	2013
2581	5636	3980	1115
4725	3266
410	2084
2593	3214	353
5161	5135	4841
1986	2495	3857
3483	627	3597
751	3173	314	4092	3196
346
4158	1302
2668	2701	3665
809	4784	1924
5402	2546	5502	5489
4378	2999	144	4573
4348	1497	4170
4344	1481
1825	4319	1467
4739	1884	2772
5502	5489	4378
1523	2678	5089
3537	681
5212	2356	5601
5028	3644	782	1067
2588	3421
562	2695	2778
4859	4726	2933	82
5537	2683
4677
1822	5286	5103
3897	3019	166	3836
980	2581	5636	4953
2095	2611	4638	1778
5048	2190
1770	5246
5025	3644	782
1067	5358	3370
511	1802	4374
1523	3702	836	959
2330	3539	681
1507	2846	5331	3862
1002	2128	4841
1986	2495	3857
994	1272	4530	1675
2452	3563
704	4092
4162	1302
2668	2701	3665
809	4784	3416
560	1930	4381
1520	4888
4289	1435
5323	3862
1002	4816	1966
4517	1663	4057	1193	1817
5641	5462	5096
4413	1554	1645
2335	5355
2375	4543
1683	4724	3921
1067	2588	5405
4662	1802	4374
1520	4888
2032	3909
5703	3214	353
2529	2808	4826	1966
4517	1663	4057	1193	1817
5641	2785	5498
2639	2880	20	4609
4349	1496	3909
4162	1302
2668	2701	3665
809	4784	1924
5402	2546	5502	5489
4378	2999	144	4573
4348
2593	3214	353
5161	5135	4841
1986	2495	3857
3483	627	3597
751	3173	306
586	4088	3196	346
4034	1180	2489
2587	5710	4764
3894	3019	166	3495
644	5473	2617
5134	2275	2956
97	2084
4474	1621	5521	4392	1533	2558
5457	5335
2479	3421
560	1930	4381	1523	3702
838	3972	1120
5048	2190	4979
4632	1770	3038
179	3230
370	1166	2924	70
5641	5462	2608
3880	1022
2550	3561	705
2373	3468	604
1097	2599
4784	3759	904
3496	644	5473	2617
3784	2932	82
5537	2683
4632	1770	3038
179	4322	1468
3648	3138	286	2065
2773	4260	1398
4413	1561	4603
4570	4348
4474	3938	1086
4433	1577	2477
5358	3370
511	1802	4374
1520	2553	5260
2402	3909
4344	1483
4233	1371	4720	1866
2968	109	3331	3292	445
5549	4381	1523	3702
838	4725	3266
407	421	4589
2375	4543
1687	4916	2056
2588	5405	2545
4958	4547	1692
5199	3221	368	2800
3986	1128	4983
3949	1086
4433	1577
2480	4784	3759
908	5150	2295	5473	2617
3784	2932	82
5537	2683
4632	1770	2721
5028	2169	3145	290
2968	109	2154
4662	1802	4374
1523	2678	5089
3537	681
5331	3862
1002	4816	1966
4517	1663	4057	1193	1817
5641	2786	4599
4009	2872	20
2508	4888	4289	1431
4677
4611	1759
5682	4251	1392
3840	985	5473	2617
5134	2275	2956
97	2084
4428	1568
5346	4037	1182	5286	5103
4263	3350	497
3840	985	4188	1322
4094	1239	2369
5170	2311
5703	3214	353
5161	5135	4841
1991	5021	4875	2019
3723	869
3602	738	1022
4601	4570	4348
4478	1616	3953
1101	5380	3923
3327	3292	441	2645
5629	2773	4260	1398
2241	3880	1022
2550	3561	705
3949	1086	2376
4850	4720	1866
3147	286	4660
1808	3628	768
4378	1520	2553	5260
2402	3909
4474	1621	5521	4392	1533	2558
4916	2058	5379	3923
3327	3292	443	4665
1802	3930	1076
2880	20	4573
4348	1496	5355
2540	4542
1684	5028	2169
3145	286	2065
2773	5463	2608
3880	1022	3201
339
1502	4344	3588
734	1860	3644
3138	286	4660
1802	4374
3960	1106	4072
3390	534	2084
3949	1086	2379
5028	3644
3138	286	2065
2776	5498
4012	1157	4603
4570	4348
4677
1822	2838	4764	3894
1036	3108	252	2013
2581	5146	3697
845	2678	5089
3537	675
1441	4343	1481
3452	600	2517
4517	1663	4057	1193
3883	3719	869
5060	4469	3166	314	4092	3196
346
583	5393
2533	3899
1036	3108	256	5150
2295	5473	2617
5134	2275	2956
2941	88	572
1440	5428	5239
4850	4720	4644	1793
4913	2058	4784	3759
905	2695	2778
4859	4726	2933	82
5537	2683
1303	3467	603
930	1577
2479	5405	4662
1802	3930	1072
4009	1157	4603
1744	2550	3561	705
5331	3862
1002	4816	1966
4517	1663	4057	1197
2776	5498	2639
2880	21	2553	5260
4484	1628	5262
1302
2668	2700	3899
3019	166	3495
644	5473	2617
3784	2932	83
3386	3274	421	4589
2809	4543
1687	4916	2056
2588	5405	2549
5549	4381
1523	3702	836	959
2330	3539	681
2540	4542
1683	4724	1866
3147	286
2065	2773	4260	1398
4413	1561	4603
1744	2550	3561	705
4162	1302
2668	2701	3665
809	4784	1924
5402	2546	5502	5489
4378	2999	144	4573
4348	1497	4170
1502	4344	1481
1825	1860	2169
3145	286	2063	3369
511	1802	4374	1523	3702
838	3972	1114	2953
95	421	5481
1767	2375	4543
1680	4433	1577
2480	4784	3759
908	5150	2295	5473	2617
3784	2932	82
5537	2683
3942	1087	5245
5025	2169
3145	286	2065
2773	4260	1398
4413	1561	4603
1745	4170
4474	1616	3953
1095	1577
2479	3421
562	2695
3980	1120
5048	2190	4979
4632	1770	3038
179	3230
370	1166	2924	70
5641	5462	2608
3880	1022
2550	3561	705
577	3953
1101	5380	3923
1069	4921
2065	2773	4260	1398
3343	2886	30
586	4088
583	5393
2533	3899
3019	166	3836
985	4309	1453	3290
431	2914	59	3101	245
5170	2311
1502	4344	1482	3736
881	2305	3233	370	1166
2924	70
5641	5462	5096
4413	1554	1645
2335	5355
5323	3862
1002	4816	1966
4517	1663	4057	1193	1817
5641	2786	4599
4009	2872	20	4609
4349	1496	3909
4478	1616	3953
1100	4916	2056
2588	5405	4662
1802	3930	1076
2880	18	1645
2335	4353
1441	4343	3031
179	4322	1467
4739	1884	2772
2793	5498	2639
2880	21	4888
2032	3909
4478	1616	3953
1101	5380	3923
3327	3292	443	4665
1802	3930	1072
4009	1157	4603
4570	4348
4474	1616	3788
932	2599	3666
804	2251	5150
2295	4309	1453	3290
431	2914	59	3101	245
5537	2683
4478	1616	3953
1101	5380	3923
3327	3292	441	2645
2793	5498
4012	1157	4603
1744	2550	3561	705
3433	578
2434	4392	1532	2058
4784	3294	445
5504	5489
4378	2999	144	4609
4349	1496	5355
4344	3588
737	2661
4517	1663	4057	1193	1817
5641	5462	2608
3880	1022
2550	4092	1231
1507	2846	5331	3862
1002	2128	4841
1986	2495	3554
688	4189	3597
751	3173	306
586	4088	3196	346
4632	1770	2721
5028	3644	782
1067	5358	3370
511	1802	4374
1523	3702	836	959
2330	3539	681
4038	1180	2489
2586	5678	3665
809	4784	1923	3370
510	3928	1072
4009	1157	4603	1744
2550	4092
2540	4542
1683	4724	1866
3147	286
2065	2773	4260	1398
4413	1561	4603
1744	2550	3561	705
4034	1180	2489
2587	5710	4764
3894	3019	166	3495
644	5473	2617
5134	2275	2956
97	2084
4478	1616	3953
1095	1577
2479	5405	2549
5549	4381
1520	4888
2032	3909
5521	4392	1533	2558
4916	2058	5379	3923
3327	3292	441	2645
5629	2773	4260	1398
2241	3880	1022
2550	3561	705
4038	1180	2489
2585	2700	3899
1036	3108	252	2013
2581	5146	3697
836	959	2330
3539	675
2373	3468	604
1097	2599
4784	3759	904
3496	644	5473	2617
3784	2932	82
5537	2683
1770	5274
4233	1368	1467
4739	1884
2773	4260	1398
4413	1561	4603
1745	4170
1502	4344	1482	3736
881	2305	2583
2735	5222	2363
2688	2773	5463	2608
3880	1022	4601
4570	4348
577	3953
1100	4916	2056
2588	5405	2546
5629	2773	4260	1398
2241	3880	1022
2550	3561	705
2540	4542
1683	4724	1866
3147	286
2066	2793	5498
4012	1157	4603
1745	4170
578
2434	4392	1532	2058
4784	1924
3763	901	1831	4381
1520	4888
2032	2623
