11071	11056	4739	4751	11052
11150	11070	11068	11062	4817
2247	8399	2259	2257
11539	5114	11572	11576
10730	4474	4408	4407
10346	10560	10500	10503	4412	10773	4605	10890	4505	10720	4502	10764	3189	10998
11629	11629	9405	9404
10854	3199	4673	11158	4901	11458
2226	4125	10214	2212
9439	12044	5651	12163
10739	10856	10971	11063	4819	11272	4978
10646	10640	8413	8407
7951	8537	7948	8528
12044	5651	12163	12289	5558	12020	5412	11638	5042
11539	5114	11572	11576
8503	2335	8571	7953
8746	2728	8801	7988	2544
9192	10007	3972	10297	4051
9250	10347	10349	10188
10441	4114	4132	10527	3119
10346	9277	10560	10500
11552	11548	11460	11459
2337	8492	7936	7938
10346	9277	10560	10500	4243	10458	3106
9231	10207	10207	10307	4228
10756	10874	10966	9331	3215	11171	2821	11485	4995	11385	4997
2358	8524	8491	1796	7938
9917	9916	9896	9833	3020	10118
10642	4316	8411	2259	8453	1733	8454
11295	4927	4964	11401
8697	8701	2500	8723	2526
9097	10772	10717	10621	4246	10458	4243	10502	4390	10720	4502
12263	9479	9485	5815	9075	2843	9074	2842	9072	2840	9074	5915	12492	3440	9492	3438	12368	2843	9075	2842	12472	2839	12479	5818	9491	5815	12492	9075	2841	9074	2841	9075
11232	4927	4964	11401
10995	10873	10757	4474
4229	4231	10640	8413	2249	8397	2239
8658	11470	11552	11548
9097	10772	10717	10621	4246	10458	4243	9262	3925
12163	12289	12350	12350
10889	10773	10718	10619	4343	10568	4254	9289	4416	10785	4419	10707	4419	10667	10667	4419	4455	10664	10664
10346	9277	10501	4248	10503
10762	10724	10724	10762	4594	10997	4737	11056	4750	11146	4742	11054
11057	10994	10872	10874	4475
9251	10340	10341	10288	3086
10972	11063	4819	11272	4978
2358	8524	8491	1796	7938
10105	10108	10208	10207
9250	10347	10349	10188
11295	4927	4964	11401	4825
10995	10873	10875	4474
10756	10757	10873	10994	2828	11146	4809	11071	4738
12400	12442	12458	12494	5916	12446	5879	12440	5873	12440	5879	12440	5873	12435	5868	12434	5872	12439	5876	12438	5871	12433	5871	12438	5876	12444	5917	12508	5929	12499	5921	5925	12504	12504	12504	12504	12504	12504	12504	12504	12504	12504	12504	12504	12504	12504	12504	12504	12504	12504	12504	12504	12504	12504	12504	12504	12504	12504	12504	12504	12504	12504	12504	12504	12504	12504	12504	12504	12504	12504	12504	12504	12504	12504	12504	12504	12504	12504	12504	12504	12504	12504	12504	12504	12504	12504	12504	12504	12504	12504	12504	12504	12504	12504	12504	12504	12504	12504
10442	10443	10319	9232	4037	10299
8749	7888	8723	2507	8757	2546	8706	2473	8631	2369	8485	2299
11769	9091	5320	11899	5440
11539	5114	9403	5150
10846	10724	10724	10762	4594	10997	4737	11056	4750	11146	2828	9339	3215	11248	4807	11347
9178	9828	9833	9845	3944
8465	8465	2314	2320	8565	2365	8512	2369	7960	1839	7873	2477	8639	1825	7961	2284	8422	2219	8353	2182	8296	8294	2164	7916	2082	8205	3622
10756	10757	10874	10872	3205	11058	4809	11071	4738
12400	12442	9497	12460	2841	12565	5815	12492	12368	9492	9492	5815	12368	3438	9492	5815	5815	12369	5816	12368	2843	9075	2842	12472	2839	12479	5818	9491	5815
10329	10419	4214	10326
11666	11666	5230	5231
9432	11815	11629	11627	5199	11628	3300	11912	2848	12266	5808	12492	2843	12565	12565	3440	9492	9492	3440	9492	9492	9492	9492	12368	5815	12368	9492	9492	5815	12368	12368	12368	12368	12368	3440	9492
10764	10724	10724	10762	4594	10997	4737	11056	4750	11146	2828	9339	4814	9364	2820	11579	3352	9446	2853	9446	3352	11579	2820	9364	4814	9339	3205	10874	4475
10445	4237	10445	10424	3973	10221	3866	10087	3869	10126
8451	7894	2294	2266
11136	3252	4829	4881
11363	4905	11266	11265
11539	5114	11572	11576
10645	4316	8411	2259	8453	1733	8428	2253	8396	2250
9432	11815	5353	11631	3315	11706	5262	11627	5197
9183	9833	9845	3021
11295	4927	4964	11401
11053	11074	11074	4737	10997	4569	10763	3150	9292	4395
12067	12076	12065	12065
8527	2326	2306	2325
11258	4816	4899	4994	11449
5120	11550	5051	4978
10454	10510	9300	3160	10763	4665	11050	4500	10724
10889	10773	10718	10619	4343	10571	4256	10498	4186	10365	4097	9264	2884	10389	4168	10471	4255	10367
11590	11632	3313	3314
8960	8802	7989	2544
12635	10307	10207	10207
9993	9993	9995	10100
11539	5114	11572	11576
10198	10338	10454	10510
4753	4734	4693	11137
10866	9340	11062	11164
8961	8959	8802	7989
11560	11546	11543	11450	4976
9439	12044	5651	12163
11396	11396	11346	11348
11267	3246	11160	11264	4909
10207	10207	10314	4228
11232	4927	4964	11401	4825
11256	11260	4972	4994	11477
8377	2242	8391	2259
10956	4567	10764	10724
11232	4927	4964	11401
8676	8701	2500	8723	2492	8664	2456	8556	1816	7950	1815	8513	2285	8487
9258	10207	10207	10307	4228
9178	9828	9833	9845	3944
9250	10347	10349	10188	4024	9237	3070	10232
9194	9913	9846	9835	3021
11066	9362	11161	4819	11063	4577	10854	4402	10538
12400	12442	9497	12460	5916	12494	5881	12508	2846	5921	12504	12504	12504	12504	12504	12504	12504	12504	12504	12504	12504	12504	12504	12504	12504	12504	12504	12504	12504	12504	12504	12504	12504	12504	12504	12504	12504	12504	12504	12504	12504	12504	12504	12504	12504	12504	12504	12504	12504	12504	12504	12504	12504	12504	12504	12504	12504	12504	12504	12504	12504	12504	12504	12504	12504	12504	12504	12504	12504	12504	12504	12504	12504	12504	12504	12504
8375	2242	8377	8377	2232	8370
10889	10773	10718	10619	4246	10460	4245	9261
11575	5150	11692	5246	11686	5239	11679
10346	9277	10560	10500	3104	10287
12195	12065	12065	9448	3378	12195	5680
11396	11396	11346	11348
11138	11238	11239	4924
5303	11980	11982	9466	3378
10878	10762	10724	10724	4500	11050	4752
10346	9277	10501	4248	10503
10453	4239	4305	10632	4221
10642	4316	8412	8407
8451	7894	2294	2266
10346	10559	10501	4248	10503
7978	8750	7888	8723	2492	7970	2537	8825	2536	8688	2522
8462	8488	8488	8482
9047	9044	8977	8983	2586	8953	2716	8953	1864	8812	1864	8814	2595	8814	2721	8955	2749	8979	2744	8800	1725	8723	2492	8664	2449	8664	1843	1846	7971	2549	8762	2554	2554	2552	8766	2536	8826	2537	7970	2507	7887	1721	8804
4578	10858	10743	10644
9361	11265	11271	11264	4818
9342	11280	11282	11282
4106	9252	3093	4211
10756	10757	10873	10994	2828	11146	4809	11071	4738
10739	10642	4316	8412	2241	8380	2238
9434	11911	5491	11969
4106	9252	3093	4211
12400	12442	9497	12460	5916	12494	5881	12496	12496	12496	12496	12496	5918	12496	5881	12443	5875	12437	5870	12432	5865	12426	5860	12426	5865	12432	5868	12435	5873	12440	5879	12440	5873	12435	5873	12440	5879	12440
9047	9045	9043	8979	2749	8955	2721	9016	2716	8953	2721	8955	2749	8985	2586	8953	2716	8953	2701	7990	1874	8905	2668	8854	2601	7984	2598	8823	2566	7881	1713	8783	2534	8824	2598	7984	2601	8854	2668	8906	1873	7991	2702	8954	2725	8978	2745	9045	2732	12326	5780	12409	5767	12308	5699	12197	5684	12196
11139	11240	11241	11241
9178	9828	9833	9845	3944
10457	10506	10506	10455	4152	10342	3930	10190	3131	10559	4283	10657	4347
11271	4907	4819	4818
9060	11535	3309	11876	3381	9081	5718	9496	5832	12486	5913	5913	12384	5830	12480	3442	9073	2842	9072	5905	12373	3439	12368	5815	12368	9492	3438	12368	5915	9075	5895	9074	2838	12477	5819	12370	3440	12565	2843	9074	2842	9072	3442	12488	5817	9491	5815	12492	12565	2843	9074	2842	9072	5905	12373	3439	12368
10346	9277	10501	4248	10503
11279	11351	11382	11382
12108	12161	5652	12286	5656	12046	3372	12022	5536
12044	5651	12163	12288	5593	12047	2862	11804	5075	11491
9231	10207	10207	10314	3101
10346	9277	10560	10500	4246	10619	4343	10568	4254	10498	4186	10365	4097	9264	2884	9264	4169	10471	4255	10367
8960	8802	7989	2544
8746	2728	8801	7988	2544
11539	5114	11572	11576
12321	12328	12409	12332	5760
11590	9405	9404	11637	5346	11970	5557	12257	5800
11816	11629	11627	3313	11637	5042
8526	8567	2397	8566
8679	11469	11470	11552
10764	10724	10724	10762	4594
10757	4474	4408	4407
8516	8487	8509	8509	2285	8512	2365	8565	2360
9259	4128	10307	10207
12223	5570	5529	12079	5306
12404	12431	9497	12460	5916	12494	5881	12496	12496	12496	12496	12496	5918	12496	12496	12496	12496	12496	12496	5918	12496	12496	12496	12496	12496	12496	5918	12496
11539	5114	11572	11574
12060	11980	11982	12063	3379
10961	9299	3160	9299	4501	10766
8567	1812	2335	8499
12318	12202	12196	12197	5683
8441	8436	2268	2267
12397	12431	9497	12460	2841	12565	3440	12368	12368	12368	12368	12368	12368	12368	3438	9492	9492	5815	9075	2843	12465	5882	12496	5918	12496	12496	5882	12567	1897	9054	5916	12460	3445	12450	5883	12447	5883	12448	5838	12339	5705	12193	5306
8465	2314	2320	8510	2300	8549	2449	8664	2474	7965	1837	8720	2510	8692	2496	7967	1829	8556	2316	8465	2320	8565	2365	8512	2369	8642	2473	8667	1835	8707	2519	8716	1707	8006	1895	9032	1893	7998	2605	8827	8827	8827
5441	5331	11985	9437
9999	3963	4040	10307	4128
11268	3247	4902	4907	11455	5049
10977	8451	7894	2294
9331	10994	10872	10874	4496
11975	5495	9446	2853	12246	3437	12391	5902	5902	12382	5828	12387	5907	12375	3438	12492	5815	3438	9492	5815	12368	3440	9492	9492	3440	12368	5815	12368	3438	9492	5815
10636	10526	4224	9269
11629	11629	9405	9404
11138	11238	11239	4924
11295	4927	4964	11401
9314	10871	10875	10755
11295	4927	4964	11401
11539	5114	11572	11576
11136	3252	4829	4881
9178	9828	9833	9845	3944
11048	11078	4755	3252
10730	4474	4408	4407
11964	11967	11969	2862	11804	5075	11491
9060	11535	3309	11875	3375	9082	5669	9490	5836	12461	3446	12294	5710	12299	5792	12442	5884	12447	5883	12448	5888	12458	5753	12464	3444	12390	5827	12386	5827	5913	5913	12384	5830	12480	3442	9073	2842	9072	5905	12373	3439	12368	5915	12368	3438	9492	5815	12368	12368	12368	9492	9492	9492	5815	12565	2843	9074	2842	9072	5905	12373	3439	12368
11899	5440	11988	5507
9178	9828	9833	9845	3944
11057	10994	10872	10874	4475	10550	4220
12293	12293	12189	12189	5716	12184	5581	12244	5796	9489	5718	9081	3381	11876	3309	11535	2819	9363	3220
11745	11747	11747	11811
10080	10198	10338	10454
11269	3247	4902	11272	4978
11539	5114	11572	11576
8804	8805	2577	2526	8723	1725	8800	2727
11539	5114	11572	11576
11629	11629	9405	9404
8961	8959	8802	7989	2544
11057	10994	10873	10875	4590
11274	11264	11158	11063	4674	10975
10429	10321	9105	9106
8359	8388	8405	2268	8423	2284	8554	1799	8420	2106	7906	2099	8014	47	8078	1907	8079	1997	8117	2008	8076	2019	8149	2031	7903
9047	9045	9043	8979	2749	8955	2721	8945	2711	8937	2785	8934	2697	8923	2696	9023	2704	8936	2710	8943	2702	8954	2702	7991	1873	8906	2668	8854	2601	7984	2600	8824	2534	8783	2570	8783	2534	8824	2600	7985	2628	8896	2668	8906	1873	7991	2702	8954	2702
10889	10773	10718	10619	4343	10571	2883	10469	3146	10660	4554
11058	9332	10966	10873	4496
11477	4994	4972	4816	11068	4584	11067	4821
10011	10080	10198	10338
4330	4308	9270	9270	4224
2358	8524	8491	8492
12307	12219	5570	5529	12653	5572
7989	2544	2585	8754	2492	8665	1836	7965	2508	8718	1838	7874	2454	8638	1829	8439	2272	8435
7988	8804	8805	2577
8451	7894	2294	2266
12003	12070	12068	11986
10507	10506	10506	10455
8582	7953	8567	1812
9905	3781	9911	9844	2974
9917	9916	9896	9833	3720	9181	2897	8207	2068	9647	430	9549	3494	6305	454
12003	12070	12068	11986	3360	12014
9327	9326	10972	11063	4819	11272	4978
11539	5114	11572	11574
9832	9835	9202	10118
10449	10522	10425	3066	10523	3154
10529	10441	4114	4132
4676	11160	11264	11274	5049
11816	11629	11627	9405	5157	11492	5009
11552	11548	11460	11458
11539	5114	11572	11576
11172	5010	4920	4964
11539	5114	11572	11574
8516	8487	8509	8509	2285	8513	1731	8629	2445	8546	2344
11260	11260	4972	4994	11477	5064
10346	9277	10501	4248	10503
10762	10724	10724	10762	4594
7954	7953	8567	1812
7947	8526	8527	2326
5651	12163	12289	12350	5799	12488	3442	9073	2842	9072	5905	12373	3439	9075	2843	9074	2842	9072	5905	12388	5829	12383	5832	9496	5718	9081	3398
12294	5711	12234	5708
10627	9293	10724	10724	4500	10767	4392	10771	2876
11539	5114	11572	11576
9250	10347	10349	10188
10739	10642	4316	8412	2241	8380	2238
9250	10347	10349	10188
11539	5114	11572	11574	5150
11539	5114	11572	11574
11270	11271	4907	4819	11063	4577	10854	4402	10538	4321	10541	4311
8540	2344	8565	8591	1834
7947	8526	8527	2326
10441	4114	4132	10527	4310	10544	4322	10637	4401	10638
8645	7963	2457	2491
8746	2728	8801	7988	2544
12219	5570	5529	12079	5306
12109	12106	5651	12163
12400	12442	9497	12460	5916	12494	5882	12495	5879	12440	5873	12440	5877	12445	5877	12439	5877	12445	5877
11575	5150	11692	5246	11686	5239	11679	5235	11651
10119	10120	3064	3066	10523	4334
10530	4312	2240	8394	2251	8409
10645	4316	8411	2259
11999	5512	5575	5507
9403	5150	11692	5246	11686	5243	11682	5211	11788
11232	4927	11232	9360	4962	9093	3337	9089	5644	12154	5645	9080	3338	9395	3278	11404	4759	11294
10191	9249	4156	10287
11539	5114	11572	11576
12073	12006	11985	9437
10542	10526	4224	9269
9255	3021	9845	9836	3624	9656	3583	9710	3671	9837	2990	9166	2081	8295	2141	8295	2083	9164	2896
9322	10871	10875	10755
10337	10198	10226	10341	4153	3089	9251	4152
4125	10214	2212	1770
4970	9060	9401	9431	3359	9401
11539	5114	11572	11576
5234	9091	5320	11899
8388	8405	2268	8436	1737
11539	5114	11572	11576
11295	4927	4964	11401	4825
11876	3309	11876	9451	2851	12247	3435	12389	5825	12385	5831	12479	2839	12472	2842	9072	5905	12388	5829	12383	5832	9496	5718	9081	3381	11876	3309
11057	10994	10873	10875	4588	10850	4481	10852
11657	11658	11560	11546
9178	9828	9833	9845	3944
12076	12065	12065	9448	3404
4150	4240	10411	10455
11745	11747	11747	11811
12263	9479	9485	5815	12565	2843	9074	2842	9072	5905	12388	5829	12383	5832	9496	5718	9081	3381	11876	3309	11535	5000	11386	5000	9061	3250	11150
10628	9300	3160	9299	4569	10997	4568	10764	4502	10720	2877	11082	3245	11403	2870	11627	5199	11628	3300	11912	2848	12266	5808	12492	2843	12565	5815	9492	3438	12368	5815	12368	3438	12368	5815	12368
10849	10852	10852	4573
8442	8436	2268	2267
9097	10772	10717	10621	4246	10460	4245	9261	4026
10414	4239	4305	10632	4331	9323	4589	10877	4474
11539	5114	11572	11574
10995	10873	10875	10755
10420	10416	10326	10333
10755	10875	10966	9332	3215	11171	2821	11485	4995	11386	2820	11579	3352	9446	3381	9081	5718	9489	5796
12400	12442	12458	12494	5916	12465	2841	9074	2843	9075	2841	9073	3442	12480	5830	12384	5913	5913	12384	5830	12480	3442	9073	2842	9072	5905	12373	3439	12368	2843	9075	2842	9073	3442	9073
11680	11682	11686	2835	11755	5341	11796	5246	9412
10438	10531	8397	8395	2261
11539	5114	11572	11576
10537	4316	8413	8407
10333	10416	10416	10333
10432	10430	10442	10443
5234	9091	5320	11899
9178	9828	9833	9845	3944
10636	10526	4224	9269
4239	4305	10634	10652
10730	4474	4408	4407
11522	9405	9404	11637	5346	11970	5557	12257	5730	12168	5535	12022	5536	3372
5759	12308	12331	12407	5840	12431	3448	12400	5785	12411	5851	12413	5781	9048	2805	8976	2542	8743	2540	8747	8743	1720	7989
12263	9479	12358	5815	12565	2843	9074	2842	9072	5905	9072	2842	9074	5915	12368	3440	12368	5815	12368	9492	9492	5815	12368
11475	11449	11449	5064
10411	10454	10510	9300	4500	10767	4392	10771	2876	11232
10756	10875	10872	10994	3191	10552	4332
11144	11280	11282	11282
10856	10971	11063	4819	11272	4978
9832	9835	9202	10117	3020	9838
2581	8801	7988	1869
11539	5114	11572	11576
10228	10340	10341	10288	3086	10347	4026
1807	2337	2321	8474
9234	9235	10425	10551
11286	5010	11399	5075
10343	4242	4289	10457	4209
8697	8701	2500	2490
11477	4994	4972	4816	11069	3217	11061
10976	10977	8451	7894
10346	9277	10560	10500	4243	4243	10502	4390	10572	2885	10360	4166	4166	10394	4192	10363	4098	10238
10628	9300	3160	9299	4569	10997	4665	11075	4806	11143	4753
11539	5114	11572	11576
11257	4816	4899	11382
8374	2242	8391	8409
11569	9403	5150	11692
2358	8540	2344	8583	2461
2358	8524	8491	8492
12400	12442	9497	12460	5753	12464	3444	12390	5827	12386	5824	12373	3439	12368	5915	12368	3438	9492	5815	12368	12368	12368	12368	12368	9492	9492	3440	3438	12368
12400	12442	9497	12460	5916	12494	5881	12496	12496	12496	12496	12496	5880	12441	5874	12441	5880	12441	5874	12436	5869	12430	5864	12425	5859	12555	5973	12426	5865	12432	5870	12437	5875	12443	5881	12496	12496	12496	12496	12445	5877	12445	5891	12494	5894	12494	5894	9074	2842	9072	5905	12388	5905	9072	2842	9074	5915	12368	3440	3438	12368	5815	12368	3438	9492	5815	12368
10856	10971	11063	4819	11272	4978
4916	4917	4968	11392	5002	11533	5255
8451	7894	2294	2266
11539	5114	11572	11574
9097	10772	10717	10621	4246
10346	10559	10501	4248	10503
10867	10852	10853	10969
9047	9044	8977	8983	2586	8953	2702	8954	2725	8978	2745	8802	2541	8744	2540	8743	1720	7989
11232	4927	4964	11401
8655	11468	5056	5120
9925	9977	10074	9249	3106
5234	9091	5320	11899
11160	11264	4907	11458
11590	9405	9404	11637	5042
11256	11260	4972	4994	11449
11138	9366	11239	4924
11138	9366	11239	4924
8745	11903	11903	8725
11071	11056	4739	4751	11052	4689
11459	11272	4819	4818	10988	3199	10748	4406	10539	4319
11363	4905	11266	11265
10442	10443	10319	9232	4037
11539	5114	11572	11576
5299	11743	5201	11743
4689	10878	10762	10724
10109	10208	10207	10314
10333	10416	10416	10333
12400	12442	9497	12460	2841	9074	2843	9075	5895	12458	5888	12448	5888	12343	5794	12463	3435	12247	2851	9451	3359	9401	5111	9060	3249	11151	3219	11250	3219	9331	4588	10875	4474
10889	10773	10718	10619	4343	10569	4350	9103	4099	10236
9250	10347	10349	10188
10857	10971	11063	4819	11272	4978
11539	5114	11572	11576
10957	10885	10767	10764	4665	11049	4735
8620	8660	8648	7963
9250	10347	10349	10188
12300	12221	12195	12065
11295	4927	4964	11401	4825
8574	8572	1811	1805
2358	8540	2344	8583	2461	8660
10995	10872	10875	10755
8465	8487	8487	2320
10221	10120	10119	9201	3010	9896	3718	9202
11680	11682	11686	2835	11684	5423	9436	5505	12073
12218	2854	12217	12195
9178	9828	9833	9845
4970	9060	9401	11875	3375
11539	5114	11572	11576
8575	11368	11464	5053	11463	11463	5055	11464	5054	11464	5054
11539	5114	9403	11576
12173	12173	12171	12255
9250	10347	10349	10188
11064	4819	11272	11274	5049
11539	5114	11572	11574
9432	11815	5353	11631	2870	11403	3245	11082	2877	10720	4502	10764	4666	10961	4736	11077
10346	10559	10501	4248	10503	4412	10721	4503
7988	8804	8805	2577
4239	4305	10632	3154
11629	11629	11627	3313	11637	5346	11970	5557	12092	5532	9082	5669	9490	5833	12382	5828	12382	5902	5902	12391	3437	12246	2853	9446	3352	3351
10346	9277	10560	10500	4248	10503
8413	8407	8408	8416
11763	5236	5310	11758	5235	11788
7936	7936	7938	8455
10198	10338	10454	10510
8410	8409	8408	8416
9916	9896	9833	9845	3944
11752	9430	3309	11876	3381	9081	5718	9490	5836	12462	5893	12454	5878	12431	5840	12407	5775	12325	5778	8964	2805	8976	2542	8743	2540	8747	8744
9995	9993	9993	10100
11571	11569	9403	5150
9432	11815	5353	11631	3315	5160	11632	5041	11631	5199	11633	5041	11628	3315
11271	4907	4819	4818	10988	3199	10748	4406	10539	4319
10961	9299	3160	9299	4569	10997
3188	10875	4474	4408
4673	11158	11264	11274	5049
11539	5114	9403	11576
8429	2259	2257	2265
9084	12076	12065	12065
2358	8540	2344	8583	2461	8660
7988	8804	8805	2577
11064	11158	11264	11274	5049
8374	2242	8391	2259	8410	2258
11286	5010	11399	11492	5203	11971	5534	12092	5532
8597	8620	8660	8648	1834
11295	4927	4964	11401
11556	11553	5056	5120
11631	9405	9404	11637	5346	11970	5557	12170	5728	12286	5656	12046	3372	12022	3372
10346	9277	10560	10500	4248
8508	2308	2295	8467
10455	4242	4289	10457
9234	9235	10425	10551
8746	2728	8963	9049	2729	7988	2544
9250	10347	10349	10188
7954	7953	8567	1812
11260	11260	4972	4994	11477
10429	10321	9105	9106
10125	10124	10119	10120	4051	10119	3943	10125
4753	4734	4693	4755
10972	11063	4819	11272	4978
11539	5114	11572	11576
11295	4927	4964	11401
10288	10344	9249	4156	10559	4283	10657	4466	10775	3185
10889	10773	10718	10619	4412	10721	4502	10956	4597	10880	4501	10762	4594	10997	4690	11054	4739	11248	4808	9339	3205	10874	4475	10756	3154	10550	3192	10871	4496
11539	5114	11572	11576
3933	10196	10228	10340
9097	10772	10718	10619	4246
8518	8510	8509	8509	2361	8545	2338	8549	1830	8670	2510	7876	1881	8006	1895	9032	9032	1883	8830	1857	8776	7980	1706	7876	1706	7876	1706	7875	1708	8709	1703	8671	2450	7956	1800	8438	2269	7940	1801	7946	1828	8670	2510	8720	2493	7964	2455	8688	2522	7888	2542	8976	2805	9048	5781	9487	3433	12326	2732	8972	8970
8508	8475	8477	1792
11553	5056	5120	11550
9427	5309	11762	11787	5237	11681	5242	9070	5304	11798	5339
10756	10757	10874	10872	3205	9339	4813
9252	3093	4211	10519
11232	4927	4964	11401
11629	5353	11631	11632	5160	11632	5041	11629
11349	11535	3309	11875	3375
9178	9830	9832	9835	3021
9250	10347	10349	10188
9917	9916	9896	9833	3020
9250	10347	10349	10188
4237	10445	10424	10425	4332
2898	3852	3854	10101	4043
8617	2397	1822	8571
12028	12266	12358	5815	9075	2843	9074	2842	9072	5905	12373	3439	12368	2843	9075	2842	9073	3442	12480	5830	12384	5913	5913	12390	3444	12348	2852
11384	11382	11260	11154
10346	9277	10501	4248	10503	4412	10773	4605
10878	10762	10724	10724	4500	11050	4752
10346	10560	10500	10500	4285	10656	3149	10885
8347	2230	8362	8374	2229
11252	4816	4899	11382
10346	10559	10501	4248	10502	4344	10569	4350	10469	4098	10238
10346	10560	10500	10500	4285
9401	11875	9446	2853	12246	3437	12391	5826	12384	5830	12480	3442	9072	2842	9074	5915	12492	3440	9492	3438	12368	5915	9492	5815	12368	3440	9492	3438	12368	2843	9075	2842	9072	5905	12373	3439	12367	3430	12265	9485	3429	9485	3429	12266	9485	3421	9485
8746	2728	8801	7988	2544
10074	9249	4156	10287	4025
12263	9479	9485	12368	2843
10765	9299	3160	9299	4569	10997	4568	10763	3150	9292	4293	10631
11539	5114	11572	11574	5150
11174	11173	11241	11286
10535	8397	8396	8407
10646	10640	8413	8411	2260	8396	2250	8380
10744	2288	10743	10644
11634	11747	11747	5298
10506	10506	10455	4209
11075	4806	4735	11046
11295	4927	11342	5010
10457	10506	10506	10455	4210
11997	11903	11903	8725
12202	2854	12219	5570
11369	5053	11377	11364
9426	5309	11762	11787	5237	11677
11539	5114	11572	11576
11485	11579	3309	11876	3381	12088
10346	10559	10501	4248
11561	11546	11543	11450
12300	12300	12220	12195	3378
10011	10080	10198	10338
11295	4927	4964	11401
11539	5114	11572	11576
11539	5114	11572	11576
9827	9832	9835	9202
11143	11143	11049	10961	3162
8744	7888	8723	2507	8687	2455	7964
12289	12350	12350	12257	5557	11970	5346	11639	5011
8346	7919	8348	2141	8295	1762	8196	2072	9116	431	6322	456	7808	450	6318	1649	9134	2961	9852	3727
11295	4927	4964	11401	5010
11539	5114	11572	11574	5150
10762	10847	10998	4689	10846	4468
10346	10559	10501	4248
10123	10119	10120	9235
10739	10856	10971	11063	4819	11272	4978
11173	4882	4803	3253
11349	11349	11487	9401	3359	9451
8411	2259	2257	2265
10209	10101	10100	9995
10441	4114	4132	10527	4310	10544	4322	10637	4401	10638	4310	4324	10635
11396	11396	11346	11348
8648	7963	2457	2491
11232	4927	4964	11401
11577	3309	11876	9451
11539	5114	11572	11576
11232	4927	4964	11401	4825
11138	9366	11239	4924
10867	10993	9332	10966	4590	10875	4474
10191	9249	4156	10287
8583	8648	8661	8684
9917	9916	9896	9833	3020
11996	5511	5512	5575
12400	12442	9497	12460	5916	12494	5881	12497	2846	5921	12505	5923	12503	12503	12503	12503	12503	12503	12503	12503	12503	12503	12503	12503	12503	12503	12503	12503	12503	12503	12503	12503	12503	12503	12503	12503	12503	12503	12503	12503	12503	12503	12503	12503	12503	12503	12503	12503	12503	12503	12503	12503	12503	12503	12503	12503	12503	12503	12503	12503	12503	12503	12503	12503	12503	12503	12503	12503	12503	12503	12503	12503
11807	11807	11811	11747
10198	10338	10454	10510
9250	10347	10349	10188	4060
11539	5114	11572	11574
8385	2242	8391	2259
9468	12196	12217	12195
10854	3199	4673	11158	4901	11458
5759	12308	12331	12407	5840	12431	5791	12341	5711	12189	5671	12244	3437	12464
8797	8798	8802	7989
11629	5353	11631	9405
12106	5651	12163	12288	5802	12372	5805	9479	3430	12368	2843	9075	2842	12472	2839	12479	5818	9491	5815	12492	2843	12565	12565	12565	3440	12368	12368	12368	12368	3438	9492	5815	9492	3438	12368	5815	12368
8563	8626	8629	8642	2473	8667	1837	8720	2510	7873	2477	8639	1824	7946	2283	8438	2269	8234	1751	8226	1901	8012	1907	8136	2023	8150	2032	8163	2030	8144	2017	8075	47	8014	2099	7906	2106	8236	2283	7946	1828	8670	2510	7877	2530	8772	1857	7875	2516	7979	1858	8776	2529	8773	2529	8773	2529	8773	2529
4881	11239	11237	11240
11539	5114	11572	11576
8620	8660	8648	8661
9432	11815	5353	11631	2870	11403	3245	11082	2877	10720	4502
11590	11632	3313	3314
12400	12442	9497	12460	5916	12494	5881	12497	2846	5921	12504	12504	12504	12504	12504	12504	12504	12504	12504	12504	12504	12504	12504	12504	12504	12504	12504	12504	12504	12504	12504	12504	12504	12504	12504	12504	12504	12504	12504	12504	12504	12504	12504	12504	12504	12504	12504	12504	12504	12504	12504	12504	12504	12504	12504	12504	12504	12504	12504	12504	12504	12504	12504	12504	12504	12504	12504	12504	12504	12504	12504	12504	12504	12504	12504	12504
8474	8477	1792	8458
10221	9235	10425	10551
8477	8477	8467	8467
11900	11898	11905	11907
11552	11548	11460	11458	5049
11368	11369	5053	5056	11469	2467	8654	2427	8609	2426	8658	2487	8699	2482	8699
9381	11590	11632	3313
10866	9340	11062	11164
8350	8363	8367	8383
9328	10970	10969	11164
8746	2728	8801	7988	1720	8723	2492	8664	2449	8549	2300	8510
11363	4905	11266	11265
11539	5114	11572	11576
4970	9060	9401	9431	5111	11487	4998	11386	4997	11385	4999	4999	11485	2821	11171	3215	11057	4750	11146	4741	11052	4741	11057	3215	11153
9178	9828	9833	9845	3944
8724	7888	8723	2507	8687	2474	7960	1839	8715	1706	7999	1895	9032	8006	1882	8828	2614	8838	2605	7998	1707	8716	1838	7874	2454	8633	1826	8439	1779	8354	2214	8321	2083	8267	3775	9903	2141	8295	2081	8192	1690	6323	1646	7809	1602
10118	10118	9255	10323
10346	9277	10560	10500	3105	10458	3105	10503	4412	10773	4605
11781	5440	5442	11989
10346	9277	10560	10500
10346	9277	10501	4248
8617	2397	8567	1812
10528	4224	9269	3119
11458	5049	5047	5046
11539	5114	11572	11576
9277	10560	10500	10500	4285
8510	8509	8509	2285	8513	2374	8665	2456	8629	2445	8622	2366
8575	8573	8537	7948
11539	5114	11572	11576
8490	2308	2295	8467
11964	5492	5445	12021	5556	12258	5654
3061	10214	4125	2226
4920	4964	11294	11176	3245	11176	4878
10454	10510	9300	3160
12400	12450	12458	12494	5916	12446	5879	12440	5873	12435	5868	12429	5863	12429	5868	12435	5873	12435	5868	12429	5863	12424	5855	12414	5854	12416	2811	9040	2802	9053	5852	12422	5861	12427	5969	12430	5869	12436	5874	12436	5869	12430	5864	12554	5860	12417	12415	5853	12324	2754	9033	2798	9036	9039	9039	9039	2801	2801	9039	9039	2801	9039	9039	9039	9039	9039	9039	2801	9039
7896	8435	8425	8426
7988	8804	8805	2577
4585	9331	10994	10873	4496
11972	9451	9082	2852
11539	5114	11572	11576
10346	9277	10560	10500	4248
11075	4806	11075	11050	4500
8494	10978	8451	7894
10198	10338	10454	10510
8516	8510	8509	8509	2285	8513	2374	7892	8588	2402	8587	2446
11540	11449	11382	11260	4749
8968	2730	8959	8802	2745	8978	2725	8954	2702	8943	2710	8936	2786	8936	2706	8939	2713	8946	2722	8818	2595	8816	2594	8812	2591	8812	8812	2591	7986	2593	8816	2594	8951	2714	8940	2707	8940	2714	8951	2723	8982	2746	9043	2805	9047	2737
9432	11815	11629	11632
12044	5651	12163	12289	5800	12355	3439	12367	3430	12266	3429	9485	3429	9486	9485	5644	9089	3337	9093	4962	9360	4830
11232	4927	4964	11401
12107	12161	5652	12288	5802	12372	5817	9491	5808	9485	5644	12154	2849	12265	3430	12266	9485	3429	12143	5639	12267	5735	12267	5626	12130	5625	12130	12267	5735	12267
11539	5114	11572	11576
11282	4917	5008	5009
9060	9401	11875	9446	2853	12246	3437	12464	5753	12458	5888	12442	5843	12399	5785	12411	5689	12323	2807	9044	1867	8742	2541	8801	2727	8961	2732	12326	3433	9487	5689	12411	5785	12399	5840	12431	3448	12450	5883	12447	5883	12447	12447	3449	12338	5707	12194	3378
10436	10314	3059	4040
8348	2141	8296	8208	2072	8139	52	9543	430	7806	1690	8192	2081	8267	2140	8265	2072	9768	457	7806	1688
4983	5053	4985	2430
9321	4474	4408	4407
12067	12076	12065	12065	5678	12224	5703	12219	5684	9468	2858	12209	5691	12325	3432	9487	3433	12418
11995	11995	11995	5512
12060	11980	11982	12063	3379	12228	5758	12395	5840	12407	5775	12325	3432	9487	3433	5781	12418	5689	12411	5785	12399	5840	12431	3448	12450	3445	12459	5796	9489	5718	9081	3381	11876	3309	11535	2819
10346	10559	10501	4248	10503
11590	11632	3313	3314
10346	9277	10560	10500	4248
11659	11560	11546	11543	4993
10346	9277	10560	10500	4248
10346	9277	10560	10500	4248	10503	4412	10773	4605	10770	4392	10766
10454	10510	9300	3160	10762	4594
10346	9277	10560	10500	4248
8725	7968	8701	2500
12070	12068	11986	9436	3380
10442	10443	10319	9232	4037
11158	11264	11274	4978
8462	8488	8481	8487	2285	8513	2374	8662	1844	8722	1723	8744	2540	8744	1725	8723	2492	8665	1836
10730	4474	4408	4407
11295	4927	4964	11401
10228	4152	10289	4105	9249	3106
11552	11548	11460	11459
9178	9828	9833	9845	3944
4907	4819	4818	4673	10856	4480	10737
11539	5114	9403	11576
9848	9178	9830	9832	3719	10088
12003	12070	12068	11986
12300	12221	12195	12065
8374	2242	8391	2259
10971	11063	4819	11272	4978
10226	10341	4152	10289	3088	10346	3130	10624
11988	5440	5324	5435
8390	2242	8391	2259
8384	2247	8399	2259	8410	2260	8396	2250
11548	11460	11459	4978	11272
11539	5114	11572	11574
10536	8413	8411	8409
9917	9916	9896	9833	3020
8573	8537	7948	8528
8658	11553	11556	5228
11143	11143	11049	10846	4468	10885
9324	9326	10972	11063	4819	11272	4978
11539	5114	9403	11576
11369	5053	11377	4980	11364
4312	10531	2240	8397	2249	8413
10076	10075	10228	10340
11539	5114	11572	11574
11539	5114	11572	11576
11274	11264	11158	11063	4674	10975
10857	10971	11063	4819	11272	4978
10083	10124	10119	10120	3066	10523	3154	10550	3192	10871	3190	10968	3204	11250	4808	11248	4807	9342	3203	10968	3190	10755
5759	12308	12331	12407	5840	12431	3449	12450	5883	12448	5888	12458	5895	9074	2838	12477	5819	12370	3440	12565	2843	9074	2842	9072	5905	12373	3439	12368	5815	12368	12368	3438	9492	5815	12368	12368	9492	9492	9492	12368
9178	9828	9833	9845	3944
12218	12217	5570	12078	3378	9466	5673	12242	5581
11267	3246	11160	4819	11063	4577	10854	4402	10538	10539
11255	4816	4899	11382
9250	10347	10349	10188
8374	2242	8391	2259
8383	2247	8399	8408
11172	11401	11342	11340
12288	12351	5799	12351	5593	12047	2862	11872	5202	11490
11560	11545	11542	11378
11384	4994	4972	4816
10999	11075	4806	11076
10889	10773	10718	10619
11046	4753	11143	11143
11542	11545	11545	11542	4992
10878	10762	10724	10724	3151	10631	4293	9300
7936	7936	7938	8455
9250	10347	10349	10188
8516	8511	2314	2320	8565	2365	8512	2369	8642	2473	8667	1837	8667	1830	8586	2270	8436	2270	8586	1810
11349	11535	9401	11875	3375	9082	5669	9490	5833	5902	5902	12391	3437	12246	2853	9446	3352	11579	2820	11350	4971
11539	5114	11572	11576
9231	10314	10436	10437
10765	10762	10762	10765	4503
10999	10846	10724	10724	3151	10628	4395
9402	5150	11692	5246	11686	5243	11685	2835	11754
11629	11629	11632	3313	11637	5042
9999	3963	4040	9230	4128
4829	4881	11288	4919
9915	10006	10089	10117
2358	8540	2344	8565
11631	11632	3313	3314
9827	9832	9835	9202	3720	9181	2897	8207	2068	9770	3669	9164	2067	9647	430	7806	469	6320	1600	7680	1479
9250	10347	10349	10188	3731	9819	3650	9719	3649
11994	12003	12070	12068	5504	9437	3380
9047	9045	9043	8978	2725	8954	2702	8943	2710	8936	2704	8936	2710	8936	2705	8932	2694	9028	2792	9023	2704	8935	2708	8942	2716	8953	2586	8983	2726	9044	2807	8963	2728	8801	2541	8744	2540	8747	2523	7887	2522	8688	2455	7964
11539	5114	11572	11576
11271	4907	4819	4818
10998	10847	9299	3160
8802	7989	2544	2585
4803	4826	4882	11401
8526	8567	2397	8566
11905	11905	11899	11901
7988	8804	8805	2577
11294	4964	11401	4825
10867	10993	10994	10872	3190	10755	4474	10875	4590	10966	3203	9343	3250	9061	3288	9401	3359	9451	2851
10346	10559	10501	4248
10627	9293	10724	10724	3151	9300
11078	3252	4829	4881
9827	9832	9835	9202	2890
10414	4239	4305	10632	4221
8617	2397	1822	8571
11064	4819	11272	11274	5049
9178	9828	9833	9845	2991	9167	2971	8205	2905	6305	454	7858	451	7797	1549	7586
11468	5056	5120	11550
9910	9911	9912	9912
11879	5416	5303	11977	5568	11977	5498	12015	12015
4033	4150	4240	10631	3151	9299	4569	10997
11136	11138	9366	4829
2358	8524	8491	8491
10198	10198	10226	10342	4152
8703	8701	2500	8723	2526	8757	2526	8688	2455	7964	2493	8717	2518	8823
8388	8405	2268	8436	1737
9432	11815	5353	11631	2870	9421	5401	11817	3329	11710	5166
10346	10560	10500	10500	4285	10718	4505
11539	5114	11572	11576
9178	9828	9833	9202
9999	3963	10207	10314
10739	10642	4316	8411	2259
10109	4040	10307	4128	9259	3100
9432	11815	5353	11627	5199	11628	2869	11405	3244	9097	4504	10622	4412	10571	4256	10498	3146	10660	4517	10706	4384	10665	4455	4455	10665	4422	10663	4455	10663
9387	9401	9431	9446	2853	12246	3437	12391	5902	5902	5826	12384	5830	12480	3442	9073	2842	9072	5905	12373	3439	12368	5915	12368	3438	9492	5815	9492	5816	12369	5815	9075	2843	9074	2842	9072	5905	12388	5819	12370	3440	12492	2843	9075	2842	12472	2838	12477	5819	12370	3440	12565	2843	9074	2840	12472	2838	12477	5819	12370	3440	12565	2843
10191	9249	4156	10287
8518	8487	8509	8509	2315	8547	2366	8541
8441	8436	2268	2267	7930	2267
10656	10619	10565	10564
8658	11470	11552	11548
2358	8540	2344	8565	2365	8517	2285	8466	2339	8640	2471	8688	2522
8648	8661	8684	8686
10108	4040	9230	4128
8414	8411	2259	2257
12402	5764	5759	12307	5697	12202	3405
12397	12431	9497	12460	5916	12494	5881	12496	12496	12496	12496	12496	5918	12445	5877	12439	5877	12445	5877	12439	5877
8429	2259	2257	8415	1732	7893	2294
8617	2397	1822	8571
9047	9045	9043	8978	2725	8954	2702	7991	1873	8906	2668	8854	2601	7985	2628	8898	2630	8896	2628	7985	2600	8824	2534	8783	2570	8783	2569	8781	2574	8819	1862	7985	2628	8896	2670	8853	1863	8821	2599	8788	2568	8784	2568	8780	2602	8820	1861	8899	2629	8894	2679	7992	1870	8931	2714	8940	2707	8934	2787	8933	2788	8933	2786	8936	2786	2786	8936	2710	8943	2702	7991	1873	8906	2668	8854	2601	7984	2598	8823	2566	7881	1713	8783	2534	8824	2600	7985
10346	10560	10500	10500	4285	10656	4348	10567	4346	4346
8658	11470	11552	11548
11074	11074	11053	11056	4750	11146	2828	10968	3190	10870	3181	10852	4481
12044	5651	12163	12289	5800	12378	5799
11590	11632	3313	3314
11540	11476	11448	11382
11458	5049	5047	11458
10756	10757	10874	10966	3203	9343	4890	11248	4739	11056	4750	11146	2828	9339	4814	9364	2820	11579	3352
8516	8510	8509	8509	2285	8513	1731	8629	2445	8546	2361	8509	2314
10433	10640	8413	8411	2260	8407
10972	11063	4819	4907	11455
11560	11545	11450	4900
9995	2898	3854	10101	4043
9916	9896	9833	9845	3944
11252	4816	4899	11382
11138	11238	11239	4924
10333	10416	10416	10333
12223	5570	5529	12079	3378	9466
10956	4567	10764	10724
10337	10338	10454	10510
12023	12102	12165	12170	5751	12287	5750	5730	12257	5557	11970	5346	11637	3313	11633	5194	9093	4962	9360	2876	10771	4392	10767
10346	9277	10560	10500	4248
10198	10338	10454	10510
4753	4734	4693	4755
11906	11909	11987	9436	3380
11145	11251	4968	4884
10757	10756	10651	10652
10346	9277	10560	10500	4248
11138	9366	4829	4881
10973	11065	4819	11272	4978
10878	10762	10724	10724	4500	11050	4752
12323	12325	12411	12332	5766	12221	5678	5703	12224	5697	12196
10075	10228	10340	10341	4059	9250	3131	10559	4283
9060	9401	9431	9446	2853	12246	3437	12391	5902	5902	5833	9490	5669	9082	3375	11875	3307	11487	2821	11171	4813
9277	10560	10500	10500	4285
2358	8540	2344	8583	2461	8660
10346	10559	10501	4248
10441	4114	4132	10299	4049	4037
8512	8549	8631	2455	8662	2449	8549	2338	8545	2361	8540
11242	4968	4917	5008
10764	10724	10724	10762	4594
10971	11063	4819	11272	4978
11539	5114	11572	11576
9321	10757	4474	4408
11539	5114	11572	11574	5150
11539	5114	9403	5150
8746	2728	8801	7988	2544
5082	11586	3313	3314
10346	9277	10560	10500	4248
8478	2295	8467	8467	2301
11064	4819	11272	11274	5049
9250	10347	10349	10188
11232	4927	4964	11294	4877	11233	4830	9097	4504	10622	4393	10624	3130	10501	4248
9361	11265	11271	4907	11455	4978
8468	8452	7894	2294
8804	8805	2577	2526	8723	1725	8800	2744	9051	2731
8511	2314	2320	8510	2344	8546	2341	8511	2285	8513	2374	8665	2456	8629	1730	8558	2316	8547	2366	8649	2441	8660	2405	8546	2341	8546	2344
9432	11815	11629	11632
7988	8804	8805	2577
11539	5114	11572	11576
3854	3852	9995	10101	4043
9250	10347	10349	10188
9432	11815	5353	11631	5199	11586
10867	10852	10853	10969
11282	4917	5008	5009
10972	11063	4819	4907
8414	8411	2259	2257
11136	3252	4829	4881
10756	10757	10874	10966	3203	9343	3250	9061	3288	9401	3359	9451	2853	9446	3352	11579	2820	11579	5151
10321	9105	9106	3021	9837	3670	9645	1689	7857	449	7798
10859	10977	8451	7894
11295	4927	4964	11401
11815	11629	11627	9405	5157	11492	5009
4114	4132	10299	10203	4113
10087	10122	3972	3064	10425	4332
9047	9045	9043	8978	2725	8954	2702	7991	1873	8906	2668	8895	2629	8898	2672	8822	1862	8819	2574	8781	1713	8784	2568	8788	2599	8821	1863	8853	2631	8905	1874	7990	2701	9016	2781	8951	2723	8982	2746	9043	2584	8748	1853	7977	2523	7887	2507	8687	2474	7965	1837	8720	2510	7873	2477	8639	1824	8555
10192	10226	10341	4152
9097	10772	10717	10621	4246	9262	3925
8371	8383	2247	2259
9277	10501	4248	10503	4412	10721	4503
10441	4114	4132	10527	4310	4324	10544	4309
10995	10872	10757	4474
8499	8497	8472	7938	1790	7933
9250	10347	10349	10188
3357	11964	5492	11970	5346	11639	5011
9097	10772	10717	10621	4246	10460	4245	9261	4026
11539	5114	11572	11576
11466	11464	11364	4905
10531	8397	8396	8407
11627	9405	9404	11637	5346	11970	5557	12257	5800	12355	3439	12368	5915	12368	3438	12368	5915	9492	3440	9492	9492	5815	5815	12368
10765	9299	3160	9299	4569	10997	4737	11074	4751	11054	4742	11146	4809	11058	3205	10874	4496
11475	4994	11477	5065
11964	11967	11969	2862	11804	5075	11491
8583	8648	8661	8684
5234	9091	5320	11899
11675	11679	11681	5240	9070	5240
8451	7894	2294	2266
11590	9405	9405	11631	5196	11590	3337	9089	5644	12143	5639	12267	5735	12267	12267	5625	12130	12130	5627	12148	5641	12148	5641	5627	12267	5735	5626	12130	5625	12130	5735	12267
11994	12003	12071	9086	3425	9086
9250	10347	10349	10188	3731	9171	3007	9206	3016	10189	3087	10287	4026
11232	4927	4964	11294	4877	11233	4878
10346	9277	10560	10500	4243	9262	3925
11076	4806	11075	10961	3162
10207	10207	10314	4228
11575	5150	11692	5246	11686	5240	9070	5304	11798	5339	11754	3324
9259	4128	10307	10207
9250	10347	10349	10188
11295	4927	4964	11401
10765	9299	3160	9299	4569	10997
10972	3194	10972	11063	4819	11272	4978
3933	10196	10228	10340
9844	3770	3022	9844	3719	10088
10346	10560	10500	10503	4412	10571	4256	10498	3146	10660	4517	10706	4457	4457	10663	4384
10001	10006	10089	10117
11590	9405	9404	11637	5042
12076	12065	12065	9448	3404	12189	3427	12461	5671	12184	5581	12242	5754
11070	4816	4899	11382
11633	3313	3314	11637	5346	11970	5557	12170	5728
10346	9277	10560	10500	3105	4245	10460	3104	10188
10878	10762	10724	10724	4500	11050	4752	11143	4735
8350	8363	2228	8377	2234
9913	9846	9835	9202
9178	9828	9833	9845
11964	5492	5445	12045	5559	12018
11552	11548	5051	4978	11455	4907	11163	4746	10971	4575	10735	4318	10539	4319
10995	10873	10757	4474
10645	10640	8413	8407	2260	8396	2250
10764	10724	10724	10762	4594
1796	8473	1798	2294	7893	1733
9201	10119	10120	9235
10442	10443	10319	9232	4037
10878	10762	10724	10724	3151	10631	4293
10346	10560	10500	10500	4285	10718	4505	9097	3244	11405	2869	9420	3339	9413	5165	9413	3328
11295	4927	4964	11401
11142	11143	10961	9299	3152	4396	10629	3150	10763	4665	11075	4806	11143	4753
12257	12048	12020	2862	11804	5075	11491
11552	11548	11460	11458
11539	5114	11572	11576
10856	10971	11063	4819	11272	4978	11455
10454	10510	9300	3160
10723	10764	10724	10724	4500	11050	4736
8495	8493	7942	8528
12070	12068	11986	9436	3380
11539	5114	11572	11574
9328	10970	10969	11164
9178	9828	9833	9845	3944
8383	2247	8399	8408
11295	4927	4964	11401
4224	9269	3119	10424	3973	10221	3866	10087	3869	10126
10346	9277	10560	10500
8537	7948	8528	8496
11057	10994	10872	10875	4474
9910	3781	9911	9844	3719	10088	2890
11232	4927	4964	11294	4877	11233	4878
8724	7888	8723	2507	8687	2456	8631	2474	7965	1837	8720	2510	7877	2530	8772	1857	7875	2516	7979	1707	7876	1706	7875	2516	7966	2496	7873	2477	8639	1824	8555
11631	9405	9404	11637	5042
12067	12076	12065	12065
11863	11865	11815	5353	11814	5194	11590	3337	9089	5644	9485	3440	12565	2843	9074	2842	9072	12472	2839	12479	5818	9491	5815	12492	12492	9492	9492	9492	5815	9075	2843	9074	2842	9072	5905	12373	3439	12368	5915	12368	3438	9492	12368	12368	9492	3438	12368
11232	4927	4964	11401
10972	11063	4819	4907	11455
9178	9830	9832	9835	3021
9250	10347	10349	10188
12300	12300	12221	12195
9444	12021	12020	2862	11804	5075	11491
11539	5114	9403	11576
10074	9249	4156	10287
11169	11168	4816	4899
12400	12442	9497	12460	5916	12494	5881	12508	2846	5921	12504	12504	12504	12504	12504	12504	12504	12504	12504	12504	12504	12504	12504	12504	12504	12504	12504	12504	12504	12504	12504	12504	12504	12504	12504	12504	12504	12504	12504	12504	12504	12504	12504	12504	12504	12504	12504	12504	12504	12504	12504	12504	12504	12504	12504	12504	12504	12504	12504	12504	12504	12504	12504	12504	12504	12504	12504	12504	12504	12504	12504	12504	12504	12504	12504	12504
9060	11535	3309	11876	3381	9081
9402	5150	11692	5246	11686	5239	11679
9250	10347	10349	10188
11047	11046	4753	11143	4806
10346	9277	10501	4248
11295	4927	4964	11401
8451	7894	2294	2266
4753	4734	4693	4755	4694
7942	8528	8496	8497
11539	5114	11572	11576
11539	5114	11572	11576
9047	9045	9043	8978	2725	8954	2702	8954	2702	7991	1873	8906	2668	8854	2601	7984	2598	8823	2534	8782	2568	8788	2599	8821	1863	8898	2672	8822	2675	8900	2674	7984	2598	8823	2566	7881	1713	8781	2568	8788	2599	8821	1863	8853	2671	8855	2668	8896	2628	7985	2600	8824	2534	8783	2570	8783	2534	8824	2600	7985	2628	8855	2678	8907	1871	8930	2716	8942	2708	8935	2786	8936	2708	9020	2785	8937	2711	8937	2784	8937	2711	8945	2721	8955	2725	8978	2745	8802	2541	7887	2522	8755
10859	10977	8451	7894
10537	4316	8412	2259
10756	10874	10994	9339	4814	9364	2820	11388	4997	11385
8963	2728	8801	7988	2544
12076	12065	12065	9448	3404
9917	9916	9896	9833	3020	9838	2974	9167	2971	8205	1739	9614	3552	7898	3491	6305	454	7859
8676	8655	11469	11470
8414	8411	2259	2257
9097	10772	10717	10621	4246	10458	4243	9262	3925
2337	2321	1796	8473
9277	10501	4248	10503
9097	10772	10717	10621	4246	9262	3925
11071	11057	10966	10874	4496
10333	10416	10416	10333
11994	12003	12070	12068	5504	9437
8451	7894	2294	2266
11816	11629	11627	9405	5157	11804	2862	12047	5593	12351	5799
8676	8701	2500	8723	2492	7971	2550	8761	2552	8761	2553	8758	1843	8706	2546	8757	2548	8754
11539	5114	11572	11576
11267	3246	11160	11264	4909
10739	10856	10971	11063	4819	11272	4978
10315	10442	10443	10319
9202	10118	9255	10323
10346	10559	10501	4248	10503
10977	8451	7894	8454
9250	10347	10349	10188
9432	11815	5353	11631	2870	9421	2850	12265	3430	12368	2843	9075	2842	12472	2839	12479	5818	9491	5815	12492	9075	2843	9074	2842	9072	5905	12388	5829	12383	5832	9496	5718	9081	3381	11876	3309	11535	2819	9363	3220	9331	3205	10874	4496
8961	8959	8802	7989
10224	10414	4239	4305
4106	9252	3093	4211
10446	4237	10445	3066	10120	3018	9193	3768	9833	3020	9838	2974
11999	5512	5575	5507
9250	10347	10349	10188
10739	10642	4316	8412	2241
11782	5236	5310	11758	5235	11680	5240	9070	5304
8976	7989	2544	2585
8573	8537	7948	8528
11634	11747	11747	5298
8724	7888	8723	2507	8687	1830	8549	2339	8466	2318	8542	2364	8515	2339	8631	2473	8642	2447	8625	2443	8648
2302	2293	1734	8453
10346	9277	10560	10500	4248
2857	2859	12206	12208
11777	11898	11905	5442
11539	5114	11572	11576
10764	10724	10724	10762	4594
11876	3309	11876	9451	2851	12247	3435	12389	5825	12385	5831	12479	2839	12472	2842	9072	5905	12373	3439	12368	5915	12565	12565	12492	3440	3438	12368	5915	9075	2842	12472	2839	12479	5818	9491	5815	12492	5915	12368	3438	12368
8564	2344	8540	2346
11539	5114	9403	11576
11634	11747	11747	5298
10441	4114	4132	10527	3119
12104	5537	5598	12168	5535	12022	12022	3372
10744	2288	10744	4405	10740	3195	10858	4405	10740	3195
4237	10425	3066	10523	4334
11904	11994	12003	12070
9097	10772	10717	10621	4246	10458	4246	10560	3129	4286	10504	3130	10501	3105	10458	4248
11999	5512	12072	12070
10444	10527	9270	10426
8656	8658	11468	5056
10993	10994	10873	10757
9194	9913	9846	9835	3021
10739	10642	4316	8411	2241
11539	5114	11572	11574
10530	10531	8397	8396	2262
10646	10640	8413	8407
8802	7989	2544	2585
11232	4927	4964	11401	4825
9277	10560	10500	10500	4285
10639	10748	10856	10971	4746	11158	4901	11458
9178	9828	9833	9845	3944
3198	4574	11067	4821
12044	5651	12163	12289	5558	12020	5412	11638	5042
9178	9143	9664	9663	3587	9714	3608	9688	3589	9661	2932	9136	3587	9755	2941	9665	1687	7812	1648	7856
9328	10970	10969	11164
11590	11632	3313	3314
8348	8319	8295	8209	2067	9706	2972	8207	2020	8142	2024	8151	1746	7903	2057	7904
11590	11632	3313	3314
9060	11535	3309	11876	3381	9081	5718	9496	5832	12383	5829	12388	5905	9072	2842	9074	2843	12368	5808	9485	3421	9485	3429	12143	5639	5626	12267	12267	12130	5625	12130	12267	5735	12267	3388	9455	5370	11932	5374	9416	3334
12195	12065	12065	9448	3378	12194	5707	12341	5893	12462	3436	12348	2852	12055	3376	9431	5111	11696	5251
9917	9916	9896	9833	3020	10118
3188	10875	10755	10756
8699	2500	8723	2507	8757	2548	8757	2545
8725	8699	8704	8705
8977	8983	8955	8951	1872	8908	2680	8904	2630	8852	1861	8820	2602	8780	2574	8819	2598	7984	2601	8897	2630	8904	2680	8908	1872	8951	2594	8816	2596	8818	2722	8981	2747	8977	2729	9049	5778	12325	5775	12332	5760	12220	5680
8591	1834	2457	2491
10991	9340	11062	11164
10441	4114	4132	10299	4037	10299
11539	5114	11572	11576
9178	9828	9833	9845	3944
8698	2500	8723	2507	8687	1830	8586	2270	8425	1778	8387	2223	8343	1765	8209	2067	9706	3623	3622	8205	2971
11058	9332	10966	10873	3191	10849
8451	7894	2294	2266
11295	4927	4964	11401	4825
10956	4567	10764	10724
4907	4819	4818	4673	10856	4480	10649	4319
10527	10527	3119	10424	3064	10221	3066	10523	4334	10550
10120	9235	10425	10551
9432	11815	11629	11627	11706	11706	5194	11631	2870	11403	3245	11176	4878
11972	9451	9082	2852
8540	8542	8545	8512	2369	8642	2473	8667	1837	8668	2475	7965	2508	8720	2510	7873	2495	12578	1827	7955	1827	8639	1838	8716	1707	8006	1895	9032	1893	7998	2605	8827	8827	8827	8827	8827	8827	8827	8827	8827	8827	8827	8827	2606	8827	8827	8827	8827	8827	8827
10739	10642	4316	8412	2253
11064	4819	4907	11458
9060	9401	9431	9446	2853	12246	3437	12464	5753	12458	5888	12442	5792	12299	5677
8574	8572	1811	1805
11539	5114	11572	11576
8675	8698	8704	8705
10889	10773	10718	10619	4343	10571	2883	10358
10765	9299	3160	9299	4569	10997	4689	11052	4751	11251	4808	11054	4737	11056	2828	9339	4814	9364	2820	11577
11540	11569	9403	5150
10087	10122	3972	10297	3973	10122	3938
10971	11063	4819	11272	4978
11539	5114	11572	11576
10429	10321	9105	9106
11702	11746	5201	11743	5298
4583	10990	3216	11067	4817	11061
10859	10977	8451	7894
8675	8698	2500	8723	2526	8757	2526	8688	2455	8667	1837	8667	1830	8670	1827	7955	1810
11631	11632	3313	3314
10454	10510	9300	3160
9832	9835	9202	10117
11059	3216	11067	4821
9827	9832	9835	9202
10739	10856	10971	11063	4819	11272	4978
10224	10414	4239	4305
10756	10757	10873	10966	3203	9343	3250	9061	3288	11579	2820	9364	4814	9339	3205	10874	4475
11240	4882	4919	11288
11267	3246	11160	11264	4909
10294	9234	9235	10425	4332
11064	4819	11272	11274	5049
5114	11572	11574	5150
3782	3781	3022	9911
8583	8648	7963	2457
10441	4114	4132	10527	3119
11763	5236	5310	11758	5237	11677	5235	11788
4968	4917	5008	5009
11369	5053	11377	11364
10455	4242	4289	10457
8563	8626	8629	8662	1844	8727
9432	11815	11629	11627	3313	11637	5042
3204	9332	10966	10875	4589	10967	4671	4671	10994	4588	10850
10441	4114	4132	10527	3119
8534	1811	1805	2325
10764	10724	10724	10762	4594
10321	9105	9105	4134
10528	10527	10527	9270
8977	8978	8981	8951	2714	8951	2594	8816	1865	8812	2591	2591	8818	2595	8818	2702	8943	2710	8936	2786	8935	2708	8942	2708	9020	2706	8939	2711	8937	2784	8937	2706	8939	2713	8946	1872	8908	2680	8904	2630	8897	2631	8905	1874	7990	2701	8953	2701	7990	1874	8905	2631	8853	1863	8821	2599	8788	2568	8784	2568	8780	2602	8820	1861	8852	2672	8854	2668	8906	1873	7991	2702	8954	2702	8943	2710	8936	2704	8926	2657	8856	1879	8861	2617	8842	2606	7999	1895	9032	8006	1882	8828	2605	8827	8827	8827	8829	7999	1895	9032	1883	8829	2605	8827	8827	8827	8827	8827	8827	8827	8827	8827	8827	8827	8827	8827	8827	8827	8827	8827	8827	8827	8827	8827	8827	8827	8827	8827	8827	8827	8827	8827
11539	5114	9403	11576
8540	2344	8565	8591	1834
10346	9277	10560	10500	4285	10656	3149	10765	4568	11049	4806	11077	4753	11075	4665	10964	10964	10961	4736	11143	4806
10346	9277	10560	10500	4248
11444	9405	9404	11637	5042
4968	4884	11346	11396
10764	10724	10724	10762	4594
10642	4316	8411	2259
9178	9828	9833	9845	3944
11240	4882	4919	11288
11669	11669	11666	11556
9250	10347	10349	10188	4024
11900	11898	11905	5442
11996	5511	5512	12072
11279	11351	11382	11381
10346	10560	10500	10500	4285	10718	4505
9320	9299	3160	9299	4569	10997	4665	10764	4502
11150	9331	10966	10874	4475	10550	4220
11745	11747	11747	11811
11142	11143	11049	10846	4468
9439	12044	5651	12163
11058	9332	10966	10874	4475
11552	11548	11460	11459
11251	4968	4884	11280	4751	11054	4742	11146	4809	11058	3205	10874	4475
10991	9340	11062	11164
10956	10845	9299	3160	10763	4665	11075	4753
10346	9277	10560	10500	4248	10503	4412	10720	4502
9097	10772	10717	10621	4246
11282	4917	5008	5009
11470	11470	11468	11468	2468	8609	2426	8658	5058
10993	10994	10873	10875	4474
11539	5114	11572	11574
9913	9846	9835	9202	2890
10530	10531	8397	8396	2261
9097	10772	10717	10621
10346	10560	10500	10500	4285
10441	4114	4132	10527	4310	4324	10544	4399	10637	4310	4324	4324	10528	4224
10453	4239	4305	10632
10102	2185	3854	3852
9178	9828	9833	9845	3944
8725	8725	11998	11998
11073	11143	11143	11049	4568	9299
2313	8475	8477	1792
5303	11980	11982	3404	9448	5570
10651	10651	10757	10874	3205	9339	4814	9363	2819	11535	3309	11876	3381	9081	5718	9496	5832	12486	5913	12382	5902	5902	12391	3437	12246	2853	9446	3352	11579	3288	9061	3250	11150
11065	4819	4907	11458
11539	5114	11572	11576
11136	11138	9366	11239
9097	10772	10717	10621	4246	10458	4243	9262	4103
11539	5114	9403	5150
8468	8452	7894	2294
10995	10872	10875	10755	4496	10877	4496	10871	3203	9343	4687
4240	9293	10724	10724	4500	11050	4752	11143	4806	11077
11460	11458	5049	5046
11448	11382	11260	11154
10639	10748	10856	10971	4746	11163	4820
11548	11460	11459	4978
1788	1793	8477	2307
9300	3160	9299	3189	10998	4689	10878	3162
8462	8435	8425	8425	2270	8586	1826
9097	10772	10717	10621	4246
8390	2242	8391	2259
11631	9405	9404	11637	5346	11970	5557	12257	5800	12355	3439	12367	3430	12265	2850	9421	2870	11403	3245	11082	2877	10720	4502	10885
12408	12332	12331	12307	5697	12079	5306	12079	5702	12224	5678	12197	5683	12317	5693
8365	8367	8383	2247
10346	10560	10500	10500	4285
10757	4474	4408	4407
7924	8419	8425	2279	8442
11143	11143	11049	10961	3162
9468	12196	12217	12195	3378
11138	9366	11239	4924
9432	11815	5353	11627	5101
11989	12068	11986	9436	3380
10420	10419	4214	10326
11448	11382	11260	11154
9178	9828	9833	9845	3944
10510	9293	10724	10724	4500	11050	4736	11077	4753
10118	3021	2890	3096
5764	5759	12307	12219	5703	12224	5578
12163	12289	12350	5799
9910	3781	9911	9844	2974	9840	2072	9116	431	6321	1527
9432	11815	5353	11631	2870	9421	2850	12265	3430	12368	2843	9075	2842	9074	2841	9075	2841	9074	2841	9075	2841
5234	9091	5320	11899
10642	4316	8413	8411	2260	8399
10878	10762	10724	10724	4500	11050	4752
9178	9828	9833	9845	3944
9432	11815	11629	11627	3313	11637	5346	11970	5557	12170	5535	12022	5536	12022	5536	3373
10074	10190	10347	10349
8466	8465	2314	2320	8565	2365	8517	2285	8485	2369	8641	1844	8722	2544	8803	1722	7886	1725	8800	2727	9043	2746	8980	2745	8802	2541	8744	8747	1725	7885	1869
8597	8620	8660	8648
8746	2728	8801	7988	2544
10972	11063	4819	11272	4978
8451	7894	2294	2266
10431	4114	4132	10299	4037	10203
9832	9835	9202	10117
11295	4927	4964	11401
8537	7948	8528	8496
11138	11238	11239	4924
11136	3252	4829	4881
11048	11078	11138	9366
11002	11079	3252	4829
9231	10207	10207	10314
12044	5651	12163	12289	5558	12020	5412	11638	5042	11491
10756	10757	10873	10966	3203	9343	3250	9061	5000	11385	4997
11369	5053	11377	4980
10122	3972	3064	3066	10523	3154
9097	10772	10717	10621	4246	10460	4245	9261	4026
11899	5440	11988	5507
11142	11143	11049	10961	3162
9047	9044	8977	8978	2745	8802	2541	7887	2507	8757	2548	8757	2507	8687	1830	8670	2510	7876	1881	8006	1895	9032	9032	9032	9032	9032	8006	1707	7980	2562	8731	2529	8773	2529	8773	2529	8773	2529
11879	5416	9429	3309	11535	5000	11385	4997
11539	5114	11572	11576
11396	11396	11346	11348
9250	10347	10349	10188
8388	8405	2268	8436	1737
10990	3216	11067	4821
8472	7938	7936	8474
10972	11063	4819	4907	11455
11590	9405	9404	11637	5042
10889	10773	10718	10619	4343	10569
8515	8513	8556	8641	1844	8766	2552	8761	2550	8741	2603	8825	1843	8706	1724	8748	2584	9043	2746	8980	2745	8802	2541	8744	1853	7888	2522	8688	2455	7964	1837	7965	2474	8631	2339	8515	2364	8542	2318	8517	2365	8546	2344	8487
10993	10993	10994	10873	4496
9178	9830	9832	9835	3021
11671	11673	11768	11900
9194	9913	9846	9835	3021
10972	11063	4819	11272	4978
11539	5114	11572	11576
8428	2259	2257	2265
11992	11899	5440	11988
10528	10527	10527	3119
8625	8627	8630	8662	1844	8722	1723	8744	2540
10730	4474	4408	4407
11064	4819	11272	11274
9178	9828	9833	9845	3944
8511	2314	2320	8510	2342	8545	2361	8540
11539	5114	11572	11576
11252	4816	4899	11382
11550	5051	4978	5047
10346	9277	10560	10500	4248	10503
11587	9405	9404	11637	5042
9091	5320	11899	5440
10972	11063	4819	11272	4978	11455
10878	10762	10724	10724	4500	11050	4752	11077
4128	9230	10207	10208
11539	5114	11572	11576
9432	11815	11629	11632
8392	8391	2259	2257
11552	11548	11460	11459
12263	12266	12358	5815	9075	2843	9074	2840	9073	2840	12472	2839	12479	5831	12385	5825	12389	3435	12463	5794	9497	5886	12447	5883	12447	5883	12450	5888	12458	5753	12464	3437	12246	3399
8511	2314	2320	8465	2316	8556	2455	8662	2449	8664	2492	8726
10430	10442	10443	10319
11590	9405	9404	11637	5075	11491
11539	5114	11572	11576
9439	12044	5651	12163
11904	5511	5512	12072
10535	8397	8396	2259
11251	4968	4884	11346
11746	5201	11743	11811
9250	10347	10349	10188
11590	9405	9404	11636
11539	5114	9403	11576
8365	8367	8383	2247
2322	1805	7948	8572	2389	12599	1819	12584	2424	2424	2422	12599	2424	8607	1819	1820	12584	2424	2424	12599	2422	8607	2424
9178	9828	9833	9845	3944
10871	10875	10755	10756
10315	10442	10443	10319
4573	4481	4574	11067	4821
10850	4572	4481	10851
8405	2268	8436	8435	1737
9047	9045	9043	8978	2725	8955	2721	8955	2749	8978	2745	8802	2541	7887	2507	8687	2455	7964
11631	9405	9404	11637	5346	11970	5557
10346	10560	10500	10500	4285
11571	11569	9403	5150
10507	10506	10506	10455	4210
12223	5570	5529	12079	5306	12188	5716	12245	2852	12055	3376	9431	5111	11487	2821	11171	3220	9331	4588	10875	4474
2325	2306	8499	8527
8799	7989	2544	2585
11064	4819	11272	11274	5049
11458	5049	5046	11450	5063	11475
2346	8541	8542	8583	2461	2441
11051	10998	10847	9299	3152	10628
11232	4927	4964	11401
11899	5440	11988	5507
11539	5114	11572	11576
11145	4737	10998	10847	3161
11539	5114	11572	11576
10076	10075	10228	10340
10993	10993	9332	10966	4589	10757
10346	9277	10560	10502	3104	10188
8957	2544	2585	8754	2547	8756	2526
11560	11545	11542	11378
9250	10347	10349	10188
8413	8411	2259	2257
8385	2242	8391	8409
8494	10978	8451	7894
11629	11629	11627	3313	11637	5346	11970	5557	12170	5728	12287
11539	5114	11572	11574	5150
11150	11070	11068	11062	4817
10971	11063	4819	4907	11455
10346	10560	10500	10500	4285	10656	4392	10771	4506
11138	9366	11239	4924
9432	11815	5353	11631	2870	11403	3245	11082	2877	10720	4502	10885
10346	10559	10501	10500
10889	10773	10718	10619	4343	10571	2883	10358	4065
2325	2306	8499	8499
10441	4114	4132	10299	4037
10441	4114	4132	10299	4049	10203	4037
11539	5114	11572	11576
10457	10506	10506	10455
10346	10559	10501	4248
11076	4806	11075	10961	3162	9293	4293
12223	5570	5529	12079	5306
9381	11590	11632	3313	11633	5199	11628	3300	11912	2848	12266	5808	12492	2843	12565	5915	12368	3438	9492	12368	12368	12368	12368	3438	9492	12368	12368	12368	12368	12368	12368	3440	9491	2843	9075	2842	12472	2839	12479	5818	9491	5815	12492	2843	12565	12565	5915	12368
11539	5114	11572	11574
11279	11351	11382	11381
12219	5570	5529	12079	5306
8485	2285	8487	8509	2361	8545	2338	8549	1830	8664	2449	8627	2381	8547	2316	8556	2455	8688	2522	7888	2542	8976	2726	8983	2586	8953	2701	7990	1874	8928	2699	8904	2630	8852	1861	8820	2602	8780	1715	8784	2568	8782	2566	8823	2598	7984	2601	8897	2671	8852	1861	8820	2602	8780	2568
8959	8802	7989	2544
11590	11632	3313	11632	5041	11629
11366	11363	4905	11266
10198	10338	10454	10510
4920	4964	11232	11177	3284	9381	3300	11912	2848	12154	5644	12143	5639	12131	5735	12267	12132	3388	9455	5370	11943	5544	12032	5475	11942	11936	5545	12033	5468	12033	5468	12033	5545	12033
9401	11875	9446	2853	12246	3437	12244	5580
9250	10347	10349	10188
11815	5353	11631	11632
11152	11168	11256	11260
12218	2854	12217	12195
10510	9300	3160	9299	4568	11050	4752	11143	4752
9402	11576	5207	11756	2836	11682	5211	11788
9832	9835	9202	10117
12328	12328	12409	5767	12406	5840	12431	3448	12395	5758	12228	3379	12063
9917	9916	9896	9833	3720	9181	2897	8207	2020	7898	53	5998	45	8021	1963	8115	1999	8176	2055	8077	2017	8144	2030	8163	1746	8179	2057	7903
10889	10773	10718	10619	4343	10571	4256	10498	3146	10660	4517	10706	4455	10665	4384	10707	10707	10665
9060	9401	9431	11876	3381	9081	5718	9496	5832	12486	5913	12384	5830	12384	5826	12391	3437	12246	2853	9446	3352	11579	5151
11996	5511	5512	5575
10995	10873	10875	10755
5219	5118	11543	11450	4976
11389	11446	11488	11532	5205	11697
11573	11573	11576	11576
11629	11629	11627	9405
11295	4927	4964	11401	4825
11452	11452	11457	11458	4901
11539	5114	11572	11576
8465	8465	2314	2320	8565	2365	8583	2461	8660	2441	12632	2464	2465	2465	2463	8649	2366	8541
10739	10642	4316	8413	2249	8397
8745	1840	8699	8704
10346	10560	10500	10500	4285
10418	10416	4139	9252	3976
4311	4318	10737	4480	10856	4673	11159	4820	11274	5049
11539	5114	11572	11574	5150
8462	8481	2308	2295	8467
9387	9401	11875	9446	2853	12246	3437	12391	5902	5902	12391	3437	12246
11590	9405	9404	11637	5346	11970	5557	12257	5730	12286	5727	12350	5799
11550	5051	11458	5049
10079	10080	10198	10198
2257	8415	2294	2266
11577	9401	9431	11876	3381
10764	10724	10724	10762	4569	10997	4689	10846	4468
8484	2285	8487	8509	2361	8545	2338	8549	1815	7950	2369	8641	1844	8722	1723	8744
10122	3972	3064	3066	10523	4334
10542	10526	4224	9270
12202	2854	12219	5570
5303	11977	5421	3402	12062	5675	12229	5755	12343	5888	12448	5888	12343	5713
11295	4927	4964	11294	4759	11404	3278	9395	3338	11862	5402	5402	5402	9422	3300	9381	3284	11336	4929	11336	3301
8466	8465	8487	8509	2361	8545	2342	8465	2285	8513	2374	8662	1844	8727
10756	10757	10874	10966	3205	9322	4572	10852
11550	11459	11272	4819	11063	4577	10854	4402	10538	4319
4040	10307	4128	10436
11367	11363	4905	11266
9250	10347	10349	10188
11160	11264	4907	11458
10346	10560	10500	10500	4285
12044	5651	12163	12289	5800	12355	3419	9478	5805	12354	5727	12048	5494	11872	5202
9432	11815	5353	11631	2870	9421	5264	9414	5265	11624	5088	9393	3298	11506	5191	11709	3327	11818	5402	11862	11862	3338	9395	3278	11404	4759	11295
11545	11542	11378	4900
11590	9405	9404	11636
11539	5114	11572	11576
10739	10642	4316	8412	2241	8380	2239
10346	10560	10500	10500	4243	10458	3106	10188
10346	9277	10560	10500	4248	10503
10887	10886	10769	10621	4246	10458	4243	10502	4344	10569	4348	10498	2883	10358	4065
8494	8493	7942	8528
10766	10765	9299	3160
12189	5579	5580	12245	3435	12463	5794	9497	5888	12343	5758	12228	5677	9448
11065	4819	4907	11458
7954	7953	8567	1812
11763	5236	5310	11758	5237	11681	5242	11689	3326
9827	9832	9835	9202
3093	4211	10519	10554
11758	11680	11682	11684	5144	11677	5235	11788	5327
11539	5114	11572	11574
9432	11815	11629	9405	3315
8746	2728	8801	7988	1720	1722	8803	2544
12237	12234	5708	12234	5755	12458	5891	12494	5894	12494	5894	9497	5886	12447	5883	12447	5886	9498	3447	12452	5884	12447	5883	5884	12452	3446	12461	5796	9489	5718	9081	3381	11876	3309	11535	2819	9363	3220
10224	10414	4239	4305
10438	10531	8397	8396	2262
9047	9045	9043	8979	2749	8955	2721	9016	2716	8953	2586	8983	2748	8980	2745	8802	2541	8744	1854	7977	2523	7887	2507	8757	2548	8755
12070	12068	11986	9436	3380
9178	9828	9833	9845
10628	9300	3160	9299	4569	10997	4737	11074	4890	11250	3204	10968	3190	10872	3205	9339	4813	11153
8676	8698	8704	8705
8611	11370	11465	11464	3275
11384	11382	11260	11154
11252	4816	4899	11382
10995	10872	10875	10755	4593	10877	4474
10993	9332	10966	10873	4671	4671	10994	3204	11151	3249	9060	5111	11696	5251
10646	10640	8413	8407
8485	8549	8631	2455	7964	2493	8718	2516	7875	1883	9032	1895	9054	2812	9054	9054	9054	9054	9054	12568	3453	12542	3451	9502	9502
10346	9277	10560	10500
8384	2247	8399	8408
12400	12442	12458	12494	5916	12446	5918	12496	12496	12496	12445	5877	12445	5877	12439	5872	12434	5867	12428	5862	12423	5855	12415	5853	5853	5852	12422	5861	12427	5866	12433	5871	12438	5876	12438	5871	12433	5866	12427	5861	12422	5861	12427	5866	12433	5871	12438	5871
10740	10744	4578	10859
12165	12170	12048	11970	5346	11639	5011	11491
11286	5010	11399	5075	11804	2862	12047	5593	12351	5806	12350
11569	9403	5150	11692
11384	11382	11260	11154
11631	11632	3313	3314
10125	10124	10119	10120	4051	10119	3009	9916	3725	9835	2991	9167	2971	8205	3622	6324	452	9548	3491	6032	24	6025	42	6019	18	6010	38	6016	6	6018	5	6059	1308	7376
11136	3252	4829	4881	4923	11290	4882	11174	11174
9387	11579	3309	11875	3375
10764	10724	10724	10762	4594
10449	10522	10425	3066	10120	3018	9917	3788	9919	2941	9830	3717	9837	2990	9166	2081	8192	2972	9164	2083	8321	2214	8354	1779	8424	2281
10528	10527	10527	9270
11539	5114	11572	11576
10961	9299	3160	9299	4501	10768	4413	10559	3131	10190	3980	10189	3016	9206	3026	9206	2980	9854
12221	12219	5570	9448
12328	12328	12409	12332	5760
9250	10347	10349	10188
10961	9299	3160	9299	4569	10997	4665	10764	4502	10720	4465	10717	4466	10656	4338	9278	3086	10288	3090
5759	12308	12331	12407	5840	12431	5884	12447	5883	12448	5888	12343	5758	12395	5840	12406	5850	12412	5781	9048	2805	8976	2542	8743	1724	8706	2473	8631	2339	8515	2315	8509	2361	8545	2338	8549	1729	7891
8611	11370	11464	11464
11539	5114	11572	11574
10645	4316	8412	8407	2264	8453	1733	8428	2253
4753	4734	4693	4755
12044	5651	12163	12289	5800	12355	3439	12368	2843	9075	2842	12472	2839	12472	2839	12479	5831	12385	5825	12474	5902	5902	12391	3437	12246	2853	9446	3352	11579	2820	9364	4814	9339	3203	10871	4496
10763	10724	10724	10762	4594	10997	3207	11076
10765	10768	10720	10621	4246	9262	3925
11295	4927	4964	11294	4830	9097	4605
10510	9293	10724	10724	3189	10998	4592
9092	11900	11900	11768	5234
10649	4311	10649	4480	10856	4673	11159	4819
11536	11574	5150	11692	5305	11885	5305	11689	5242	11681	5237	11676	3344	11785	5308	11760	5237
9313	10642	4316	8413	2258
10626	10506	10455	4209
11162	3246	11160	11264	4909
8572	1811	1805	2325
5234	11900	11898	11905
11571	11569	11576	5207
12109	12161	5652	12288	5593	12047	2862	11804	5157	9405	5199	9405
8359	8388	8405	2268	8423	2284	8554
10762	10724	10724	10762	4594
11539	5114	11572	11576
11539	5114	11572	11576
8392	8391	8409	8408
10972	11063	4819	4907	11458
11880	5416	9429	9431	5111	11578
11349	11535	3309	11875	3375	9082	5669	9490	5833	12473	5901	5901	12486	5913	12384	5830	12480	3442	9073	2842	9072	5905	12388	5819	12370	3440	12565	2843	9074	2842	9072	2840	9074	5915	12492	3440	3438	12368	5815	9492	3438	12368	5815	12368	9492	9492	3440	9492	9492	5815	12368
9905	3781	3022	9911
9299	3160	9299	3189	10998
9178	9828	9833	9845	3944
11138	11238	11239	4924
8460	8467	2295	8457
11745	11747	11747	11811
3777	9908	3022	3770
11271	11264	4819	4818	10988	3199	10748	4406	10539	4319
11232	4927	4964	11401
9250	10347	10349	10188
12025	12107	12161	5652
8617	8596	7953	8567
8511	8487	8509	8509
8436	2268	8436	8435	2268	8403	2233	8360	2141	8295	2081	8191	2021
9432	11815	5353	11631	2870	9421	5401	11912	2848	12154	5644	12143	5639	5626	12267	12267	12132	3388	9455	5370	11943	5544	12032	5469	11942	5475	11942	11942	11942	11942	11942	11942	11942	11942	11942	11942	11942	11942	11942	11942	5469	11942	11942	11942	11942	11942	5469	11942
10995	10872	10874	10757
9178	9828	9833	9845
11629	11629	11627	3313	11637	5042
9432	11815	11629	11627	5101
11295	4927	4964	11294	4759	11404	3278	9395	3338	11817	3329	11710	5166	11507	4954	9373	5021	11429	3265	11218	4787	11021	4441
10644	8412	8407	2259
8746	2728	8801	7988	2544
8617	2397	1822	8571
11765	11764	11779	11781
11064	4819	11272	11274	5049	11458
11057	10994	10873	10757
9313	10642	4316	8413	2249	8397
11539	5114	11572	11576
10346	9277	10501	4248	10503
9231	10207	10207	10307	4228	10530	4312	10641	4227
11162	3246	11160	11264	4909
9250	10347	10349	10188
10739	10642	4316	8412	2241	8380	2238
5241	11682	11686	2835	11755	5341	11798	5304	9070	5240	11680	5142	11681	5242	11689	5305	11885	5305	11689	5242	11681	5237	11677	5235	11788
9250	10347	10349	10188
11575	5150	11692	5246	11686	5239	11679	5235
11539	5114	11572	11576
10646	10640	10643	8412	2253
11274	11264	11158	11063	4577	10856	4480	10738	4482	10735
10542	10526	4224	9269	4310	10638	4401	10635	4324	10544	4309	9270
12411	12410	5767	12308	5699	12195
8350	8363	8367	8383	2243
11059	3216	11067	4821
11631	9405	9404	11637	5042
10315	10442	10443	10319
11144	11280	11282	11282
9328	10970	10969	11164
9999	3963	4040	10307	4228
12202	12196	12197	12219	5703	12224	5578
9468	12196	12197	12219	5703	12224	5697	12196
8676	8704	8705	8722	1844	8641	2369	8485	2299
10723	10764	10724	10724	3189	10998
11590	11632	3313	3314
8410	2259	2257	8415	1732	7893	2264	8399
12067	12076	12065	12065
10995	10873	10875	10755
11631	9405	9404	11637	5346	11970	5557
10999	10846	10724	10724	4500	11050	4736	11077
11539	5114	11572	11576
3782	3781	9911	9844	2974	9167
11232	4927	4964	11401
8749	7888	8723	2507
5241	11682	11686	2835	11754	5339	11798
9178	9828	9833	9845
9277	10501	4248	10503
11631	11632	3313	3314
11232	4927	4964	11401	4825
10528	10527	10527	3119
11879	5416	9429	9431	5111	9060	3249	11151	3204	10968	3190	10755
12076	12065	12065	9448	3404	12189	3427	12459	5891	12494	5894	9074	2842	9072	12472	2839	12479	5831	12385	5825	12389	3435	12247	2851	9451	3359	9401	5111	9060	3249	11151	3204	10968	3190	10755
8799	7989	2544	2585
5653	12163	12289	12378	5799	12373	3439	12368	5915	9492	12368	12368	12368	12368	12368	12368	9492	3438	12368	5815	12368
12028	12266	12358	5815	12565	2843	9074	2842	9072	5905	12373	3439	12368	2843	9075	2842	12472	2839	12479	5818	9491	5815	12492	2843	12565	12565	12368	3440	12368	12368	12368	3440	9492	9492	9492	12368
11577	3309	11876	9451	2851	12247	3435	12389	5825	12385	5831	12488	5817	9491	5808	9485	3421	9485	3429	9486	9485	3421	9485
3782	3781	3022	9911	2991	9167	2897	8209	1765	8320	1772	8373	2270	8586	1831	7966	1703	8671	2450	7956	2284	8422	2219	8353	2182	7916	1764	8208	2072	9768	457	6322	432	7756	4
3727	9776	9156	9134	1617	6317	71	7592	380	7402	1252	7299	347	7339	347	7299	64	7303	324	7276	1196	1231	7305	322	7303	1282	7304	1058	6958	98	6150	779	6887	262	6178	262	6954	97	6160	1057	7186	322	7345	1282	7304	1254	7273	1231
10995	10872	10757	4474
10651	10651	10755	10875	4588	11057	4741	11053
8518	8487	8509	8509	2361	8545	2338	8549	2449	8627	2381	8649	2441	8660	2405	8546	2341	8513	2374	8662	2473	8667	1837
11136	3252	4829	4881
