2223	2226	2229	2236
2993	2995	2998	3005
1920	1922	1926	1928
1702	1711	1715	1718
2661	2666	2668	2679
218	228	234	241
3212	3215	3222	3225
1272	1276	1282	1291
1403	1406	1408	1410
1820	1823	1826	1828
1549	1556	1560	1570
1400	1405	1408	1413
1830	1832	1834	1837
1951	1955	1965	1975
2180	2190	2194	2197
1907	1918	1921	1928
1016	1019	1024	1034
144	147	151	153
170	174	179	184
1002	1004	1008	1014
174	178	180	189
3160	3164	3167	3172
1157	1160	1162	1164
167	175	177	184
1085	1089	1093	1097
235	242	243	244
2890	2902	2905	2911
171	179	192	200
1682	1694	1698	1704
2151	2155	2157	2163
1176	1181	1184	1197
3311	3320	3334	3341
2632	2638	2644	2648
1170	1173	1175	1181
2439	2462	2464	2467
1752	1760	1764	1765
2350	2354	2358	2361
2565	2567	2575	2582
2230	2234	2236	2238
2039	2041	2046	2096
145	152	164	169
3444	3445	3448	3458
1445	1451	1453	1458
148	150	155	163
1936	1943	1946	1956
2943	2955	2958	2964
819	821	824	826
140	144	148	153
1764	1766	1771	1774
2136	2162	2164	2168
238	239	245	252
3469	3519	3569	3619
3575	3579	3584	3591
2156	2166	2176	2190
1964	1967	1980	1984
1225	1231	1234	1237
2099	2118	2121	2130
165	170	173	182
1466	1479	1481	1487
246	252	258	265
676	687	703	713
151	154	158	161
3100	3103	3106	3109
3493	3543	3545	3546
3453	3458	3466	3471
717	724	726	731
1160	1162	1166	1171
581	587	589	591
1480	1483	1485	1487
1514	1522	1525	1528
2686	2693	2701	2706
3129	3130	3135	3145
156	164	168	178
2631	2634	2636	2641
2239	2246	2247	2252
2500	2508	2513	2515
1217	1220	1231	1244
2262	2265	2267	2269
1074	1076	1078	1081
497	498	507	513
1371	1376	1379	1388
693	698	700	703
1460	1465	1475	1481
1159	1161	1163	1166
1430	1432	1434	1437
2718	2726	2729	2732
175	179	182	185
218	221	233	250
1076	1080	1082	1087
1430	1433	1437	1444
1461	1464	1467	1479
2819	2822	2826	2828
1697	1700	1703	1712
2534	2537	2547	2555
1230	1233	1237	1240
2973	2975	2981	2984
3352	3356	3358	3363
1990	1993	1995	1998
2189	2194	2198	2204
2560	2563	2565	2570
1220	1228	1242	1251
2113	2116	2119	2123
183	190	194	203
143	147	149	152
161	176	184	198
3017	3021	3025	3033
3465	3515	3565	3615
307	311	318	326
1686	1694	1695	1701
2333	2341	2346	2356
145	155	163	167
627	630	642	649
1697	1701	1705	1707
1632	1635	1637	1639
278	281	287	294
2294	2300	2309	2314
157	162	171	176
178	182	184	205
1241	1246	1250	1252
1410	1413	1427	1431
155	158	163	168
1489	1495	1512	1525
1162	1168	1170	1175
1645	1655	1663	1671
950	952	956	958
2542	2545	2563	2570
2280	2287	2292	2295
616	618	621	624
671	672	678	685
1674	1679	1683	1684
951	953	957	959
616	618	621	624
580	581	582	583
1675	1679	1680	1681
2729	2733	2736	2738
163	171	175	184
197	210	219	231
3449	3467	3470	3473
1923	1932	1946	1958
164	169	178	183
1760	1765	1771	1775
3072	3077	3078	3079
2742	2750	2758	2766
3585	3589	3593	3598
441	444	447	456
3100	3104	3111	3115
1904	1906	1910	1920
959	967	970	973
1312	1318	1322	1361
1544	1549	1558	1563
1267	1272	1369	1378
1110	1113	1118	1120
2039	2044	2048	2052
2974	2977	2980	2988
3130	3134	3136	3147
1611	1618	1625	1633
1949	1952	1954	1956
617	619	621	631
997	1047	1048	1049
1549	1556	1559	1561
1243	1247	1254	1263
1860	1862	1869	1879
2830	2834	2837	2840
3073	3078	3080	3086
2320	2322	2324	2327
1100	1105	1108	1115
3512	3514	3564	3614
2050	2052	2055	2058
1745	1747	1751	1755
3486	3489	3499	3500
1460	1462	1465	1469
631	635	637	639
3502	3506	3507	3512
1769	1778	1784	1788
1272	1276	1288	1291
729	733	735	737
1521	1524	1526	1531
2709	2715	2719	2722
2701	2704	2706	2711
2202	2211	2215	2218
3110	3117	3119	3121
182	191	195	204
223	235	241	246
2731	2737	2739	2750
2750	2758	2766	2774
976	985	999	1011
1379	1382	1384	1387
173	182	188	197
2141	2146	2170	2177
1117	1125	1133	1137
1436	1439	1442	1445
175	178	182	184
1526	1529	1531	1541
1757	1766	1770	1773
1811	1822	1829	1833
1109	1118	1122	1125
1132	1135	1142	1145
1413	1417	1424	1429
803	808	810	813
3488	3492	3506	3509
1500	1502	1504	1510
3472	3474	3475	3478
1106	1108	1110	1112
1166	1170	1176	1182
1555	1559	1563	1566
2414	2422	2432	2439
150	154	159	165
2269	2272	2275	2282
2889	2891	2903	2907
576	578	579	580
883	901	921	926
3100	3105	3109	3113
1670	1673	1680	1688
2080	2083	2086	2090
179	181	183	186
2720	2722	2724	2729
1942	1944	1946	1961
253	254	261	271
3109	3116	3121	3128
2879	2886	2890	2900
2921	2934	2939	2943
169	179	188	192
318	322	328	348
1090	1094	1103	1107
1090	1101	1105	1113
3122	3220	3228	3236
1073	1075	1077	1080
1094	1101	1104	1107
1947	1952	1955	1959
2431	2438	2441	2443
1288	1297	1332	1340
1209	1211	1216	1218
181	186	194	199
1404	1407	1410	1418
2090	2095	2097	2102
2490	2492	2494	2505
1079	1084	1090	1097
900	903	905	908
185	192	196	209
2809	2820	2824	2828
140	145	151	159
3161	3166	3170	3171
151	156	161	167
1775	1779	1782	1786
1883	1890	1893	1895
2073	2079	2080	2083
2954	2958	2961	2966
2580	2582	2584	2594
1637	1640	1641	1642
3080	3082	3087	3091
2662	2665	2668	2678
1882	1884	1886	1896
2879	2883	2886	2888
507	508	510	512
2478	2488	2494	2502
159	165	171	190
2284	2286	2292	2298
1680	1684	1689	1693
1629	1634	1639	1644
2060	2063	2073	2078
2468	2469	2480	2490
162	177	186	194
1889	1900	1904	1908
1729	1731	1735	1737
1950	1959	1966	1971
803	805	815	823
1040	1046	1052	1057
171	175	176	180
1670	1672	1674	1678
2906	2915	2917	2925
1732	1745	1750	1754
1332	1337	1341	1343
1303	1309	1312	1319
2430	2438	2441	2444
2434	2436	2441	2444
888	894	901	906
1655	1663	1673	1675
500	502	504	507
186	196	201	210
173	175	180	188
523	526	529	533
1050	1054	1057	1060
946	959	966	974
466	470	472	474
1859	1863	1865	1867
1969	1976	1981	1988
2563	2564	2570	2576
210	218	221	226
2337	2349	2354	2357
701	711	713	716
171	173	175	178
278	284	289	295
560	562	563	564
787	789	796	802
1623	1626	1629	1635
1688	1704	1710	1715
1849	1856	1858	1864
156	160	163	166
2201	2203	2207	2211
1103	1107	1110	1123
148	159	165	174
2320	2327	2330	2333
159	163	165	167
3171	3198	3200	3211
1163	1167	1168	1169
886	892	906	912
3324	3374	3379	3381
996	999	1001	1004
555	559	572	581
1088	1095	1105	1126
2669	2673	2676	2678
1325	1330	1334	1344
144	148	153	166
925	938	943	952
2613	2622	2626	2629
178	186	190	225
2080	2093	2096	2098
167	170	177	183
3320	3329	3331	3343
137	140	143	150
1010	1025	1036	1046
2070	2077	2084	2087
1969	1972	1974	1977
330	333	342	347
225	228	229	236
2990	3000	3004	3008
2140	2143	2147	2149
2190	2196	2198	2201
2100	2103	2108	2110
3206	3210	3214	3221
3493	3495	3507	3510
713	714	716	720
869	870	875	877
2787	2793	2797	2807
2373	2374	2384	2392
770	772	776	780
1157	1167	1171	1174
1867	1871	1874	1881
164	167	175	180
2439	2459	2463	2468
1363	1369	1383	1389
930	936	939	948
1330	1334	1339	1342
139	146	154	185
1919	1923	1926	1939
1040	1043	1046	1051
877	879	895	904
2373	2377	2379	2381
552	557	559	561
2882	2885	2887	2889
1130	1132	1135	1139
3527	3530	3537	3756
1294	1299	1309	1311
1480	1483	1485	1487
3523	3525	3529	3534
2284	2292	2295	2298
1200	1203	1205	1207
265	267	278	291
1805	1808	1810	1814
153	158	161	165
501	509	515	520
1775	1782	1786	1791
157	160	164	169
1080	1086	1090	1100
1115	1124	1128	1131
2527	2538	2540	2548
1769	1775	1782	1786
157	161	164	168
2729	2732	2735	2739
2354	2356	2361	2364
1739	1743	1746	1750
1170	1174	1181	1187
2109	2122	2124	2127
1880	1883	1885	1889
166	177	188	201
130	141	147	152
815	818	820	825
143	149	155	159
1327	1333	1340	1347
1849	1857	1860	1863
2754	2755	2756	2757
1294	1302	1306	1309
2350	2352	2355	2358
142	146	150	155
1539	1542	1544	1552
1566	1576	1580	1583
2300	2304	2310	2317
175	181	197	206
2080	2087	2090	2093
159	161	163	165
850	854	860	863
188	197	198	203
610	616	621	624
1924	1926	1932	1939
2680	2683	2686	2689
158	164	168	172
1590	1596	1598	1601
149	157	162	171
2371	2377	2378	2381
1469	1471	1473	1477
1149	1151	1154	1158
1045	1051	1052	1057
3108	3113	3123	3125
1700	1702	1710	1715
2583	2587	2591	2593
852	856	859	867
881	890	894	897
3000	3005	3007	3009
1590	1603	1606	1608
2414	2418	2425	2431
1710	1715	1718	1721
3549	3553	3556	3564
2869	2873	2880	2883
520	525	531	542
3580	3584	3587	3589
2981	2985	2987	2993
490	493	503	508
1552	1557	1558	1559
151	154	167	168
1490	1503	1506	1508
144	149	151	153
169	174	181	188
761	767	779	789
181	186	191	197
1180	1186	1188	1194
1162	1168	1171	1176
1980	1984	1987	1991
165	174	181	184
203	206	218	224
1676	1683	1686	1696
1710	1719	1723	1726
2951	2954	2956	2961
207	214	221	225
162	170	179	184
1847	1856	1860	1863
149	151	155	159
2428	2434	2437	2444
2360	2378	2387	2388
2511	2513	2516	2518
1450	1454	1457	1459
1917	1928	1932	1933
180	186	191	203
156	159	163	165
1870	1874	1876	1882
1260	1265	1270	1275
1832	1848	1850	1857
156	158	165	179
146	150	154	158
178	182	188	201
175	180	185	191
179	185	187	208
2542	2546	2548	2552
947	951	953	957
1757	1768	1773	1778
1140	1143	1145	1150
154	160	168	174
2902	2908	2917	2922
192	202	215	223
1735	1737	1742	1749
909	915	920	922
216	220	227	232
174	183	185	192
2849	2852	2856	2860
2155	2158	2162	2172
139	143	147	158
3564	3567	3571	3620
1431	1432	1435	1436
1920	1923	1925	1929
2189	2191	2193	2195
1939	1941	1944	1949
3396	3404	3409	3411
1190	1192	1195	1197
880	884	887	890
153	155	158	161
617	619	623	625
1531	1533	1535	1540
150	152	154	157
1539	1541	1544	1548
2780	2783	2787	2791
1831	1836	1838	1840
3274	3276	3280	3283
1262	1270	1273	1276
3132	3134	3141	3146
171	177	181	190
899	901	905	909
1072	1076	1078	1090
1569	1572	1576	1581
1921	1926	1928	1935
2263	2272	2276	2279
2435	2441	2444	2446
160	165	179	192
1383	1385	1388	1395
2668	2684	2691	2696
640	647	655	661
2794	2803	2811	2813
1314	1316	1321	1323
1778	1782	1785	1789
1503	1505	1518	1531
155	160	163	171
148	153	155	161
1201	1208	1212	1222
820	822	825	827
2200	2204	2212	2219
771	775	777	779
1389	1394	1397	1400
2724	2726	2729	2732
1697	1701	1705	1707
2549	2552	2558	2562
1770	1774	1776	1782
1640	1649	1651	1656
2218	2226	2229	2232
1464	1466	1473	1476
3092	3095	3097	3099
1759	1761	1764	1769
178	185	189	193
2379	2383	2386	2390
170	176	185	198
3260	3263	3266	3270
3466	3516	3566	3616
2119	2121	2123	2125
180	182	185	188
136	140	145	154
3117	3127	3131	3134
1410	1416	1418	1421
940	944	946	950
1527	1531	1537	1546
849	850	860	865
1449	1451	1466	1474
1272	1275	1281	1285
3592	3596	3598	3600
2353	2354	2355	2356
3089	3091	3093	3095
1177	1185	1188	1191
2879	2883	2887	2890
774	788	793	800
753	759	762	766
3462	3512	3562	3612
2210	2229	2231	2233
177	179	186	192
1919	1922	1924	1927
709	712	716	719
2542	2544	2547	2550
1320	1331	1337	1343
1423	1427	1436	1438
1340	1346	1348	1355
1520	1522	1524	1529
1180	1182	1184	1190
1441	1451	1464	1475
1480	1483	1486	1490
1529	1544	1549	1554
2597	2610	2617	2628
140	149	154	163
2477	2495	2505	2511
810	813	822	826
206	212	220	226
919	924	926	928
158	161	163	170
165	169	174	182
1890	1897	1899	1903
1952	1956	1958	1960
1105	1110	1112	1114
1128	1144	1150	1155
144	152	154	161
2142	2151	2197	2206
3119	3122	3125	3127
1919	1930	1934	1938
2029	2037	2041	2043
928	931	939	943
2530	2532	2534	2537
215	227	239	248
471	473	477	480
1283	1333	1334	1335
1204	1207	1210	1213
3339	3346	3351	3355
2176	2179	2183	2186
1570	1574	1576	1580
2039	2046	2049	2052
175	177	186	187
1423	1425	1428	1437
2559	2563	2567	2571
159	163	166	169
1301	1302	1307	1314
1651	1654	1656	1664
1317	1325	1328	1332
2970	2973	2986	2994
2354	2360	2366	2375
830	834	836	842
1950	1952	1953	1954
2611	2622	2626	2630
1270	1280	1282	1286
2742	2746	2750	2756
2660	2662	2665	2668
865	902	904	913
1741	1743	1747	1749
3380	3386	3388	3399
155	156	157	158
899	901	903	909
1932	1937	1949	1957
145	149	158	163
823	828	831	834
185	188	198	199
2381	2384	2388	2396
187	189	197	198
184	193	200	209
157	161	169	177
155	158	168	169
2841	2845	2852	2862
1022	1028	1032	1040
1384	1387	1392	1397
860	862	865	871
1295	1305	1322	1328
2591	2596	2598	2609
1111	1114	1116	1121
168	171	179	210
950	952	954	958
150	156	160	169
3139	3145	3151	3154
1079	1088	1092	1095
186	189	199	212
2310	2313	2317	2323
2579	2582	2586	2590
3350	3357	3359	3363
2182	2189	2192	2202
166	175	182	185
2329	2332	2334	2336
2030	2036	2038	2042
2838	2841	2849	2854
1201	1205	1210	1220
1226	1238	1243	1246
1363	1367	1372	1376
146	151	159	172
2300	2302	2304	2307
1189	1194	1198	1200
1765	1770	1783	1790
2662	2669	2673	2683
2696	2705	2709	2712
1781	1783	1785	1786
1370	1372	1376	1384
164	166	173	178
1723	1733	1737	1740
1139	1148	1152	1155
1256	1260	1274	1277
2271	2277	2281	2291
569	573	581	586
1081	1131	1181	1184
181	189	194	203
841	905	912	919
3241	3245	3253	3258
1469	1472	1477	1479
146	151	156	162
1309	1313	1315	1317
3560	3562	3564	3568
1947	1953	1956	1961
2165	2169	2179	2186
1281	1283	1286	1290
1760	1764	1767	1774
637	641	643	645
1952	1961	1966	1970
1629	1631	1635	1637
2553	2557	2561	2571
2858	2862	2863	2866
2030	2033	2037	2040
173	177	180	184
3019	3024	3056	3069
3133	3137	3154	3155
1710	1721	1725	1729
1772	1777	1780	1782
304	308	313	322
1742	1748	1753	1755
1831	1832	1835	1845
2051	2053	2150	2159
1112	1114	1117	1122
750	752	754	757
157	160	165	202
1906	1908	1911	1914
1021	1024	1026	1029
286	292	298	305
278	288	304	311
1397	1406	1413	1417
2214	2227	2241	2246
1772	1783	1787	1791
3159	3162	3166	3170
2320	2323	2328	2334
1370	1378	1384	1387
2380	2382	2384	2389
1198	1201	1206	1208
3460	3462	3464	3466
2459	2467	2472	2476
1561	1563	1567	1570
1727	1735	1742	1747
173	178	181	189
174	177	183	186
3540	3544	3546	3548
183	192	199	209
169	173	175	196
1270	1277	1279	1283
1756	1759	1761	1769
282	286	293	302
2400	2404	2407	2409
1289	1293	1295	1297
2668	2670	2672	2722
180	186	194	199
810	815	821	823
1893	1895	1907	1911
177	182	186	189
3544	3549	3553	3613
884	890	893	900
1268	1273	1275	1279
160	167	172	180
2665	2672	2675	2678
178	182	187	194
1830	1834	1836	1839
1504	1509	1513	1518
3065	3068	3073	3074
1135	1141	1145	1149
2389	2405	2442	2453
566	576	581	586
2155	2160	2167	2174
1532	1537	1543	1549
1113	1122	1125	1127
960	964	967	969
3571	3576	3588	3601
2769	2771	2774	2781
1590	1611	1614	1617
2750	2753	2756	2758
1036	1039	1045	1053
550	552	553	554
2919	2931	2933	2938
1730	1739	1741	1746
664	678	679	680
199	203	204	254
1660	1667	1672	1676
2350	2356	2367	2369
1099	1102	1104	1105
1713	1720	1723	1727
1230	1238	1241	1243
2869	2871	2873	2875
317	329	333	345
1910	1913	1931	1934
3186	3189	3194	3200
984	991	994	1004
3421	3423	3428	3434
1722	1725	1740	1744
179	186	190	199
920	923	927	929
312	315	317	319
1042	1046	1048	1051
1736	1738	1746	1753
2779	2781	2785	2790
161	163	166	169
3190	3203	3207	3214
172	174	181	182
159	164	167	171
209	212	224	230
1943	1945	1948	1956
139	150	154	156
1960	1965	1968	1979
183	187	203	204
282	287	289	292
2952	2965	2968	2978
850	856	865	870
2332	2333	2337	2342
165	175	179	192
2447	2457	2463	2476
175	187	190	197
2494	2498	2505	2511
137	142	145	153
1639	1644	1648	1652
3237	3244	3251	3260
3400	3403	3413	3416
299	303	310	318
892	900	903	913
929	940	944	948
3369	3374	3379	3382
2183	2188	2192	2196
1129	1138	1142	1147
3373	3380	3391	3401
2570	2574	2580	2585
156	160	173	174
1881	1883	1886	1887
1544	1548	1550	1558
170	177	183	191
2493	2496	2505	2512
2047	2050	2060	2061
2039	2041	2055	2059
3000	3007	3014	3024
1895	1900	1905	1913
591	616	629	637
3220	3224	3227	3229
1820	1831	1835	1839
2116	2118	2121	2125
178	183	187	193
1757	1766	1774	1779
1950	1968	1971	1976
896	899	902	908
2080	2087	2096	2100
2649	2661	2669	2673
2280	2285	2287	2289
286	290	294	302
1604	1624	1638	1643
2470	2472	2474	2477
3101	3104	3106	3111
893	991	999	1007
1022	1026	1029	1035
190	199	475	496
3241	3264	3270	3283
158	160	163	165
2682	2689	2697	2704
2559	2563	2565	2568
188	194	210	219
1786	1789	1790	1799
2769	2783	2785	2787
1008	1019	1023	1025
162	165	169	174
1017	1024	1032	1038
2454	2455	2461	2467
2912	2919	2922	2925
2480	2483	2485	2487
3090	3092	3095	3099
2954	2959	3009	3011
2388	2397	2405	2407
1648	1653	1656	1658
1123	1131	1139	1147
2049	2054	2057	2061
1565	1575	1582	1586
1691	1699	1702	1705
1241	1246	1253	1261
2741	2742	2745	2746
2276	2280	2285	2290
185	193	225	227
269	276	277	284
186	194	202	209
2793	2795	2799	2806
890	893	897	901
1297	1298	1302	1306
2879	2883	2886	2888
176	181	185	190
2071	2075	2077	2083
3584	3587	3595	3600
1792	1799	1803	1813
152	154	157	160
1803	1805	1812	1825
206	256	260	265
174	177	180	214
1089	1092	1096	1105
1908	1909	1916	1924
1353	1359	1366	1368
2050	2055	2062	2068
164	165	172	178
2198	2203	2204	2210
1244	1246	1249	1260
135	145	150	160
136	144	153	157
1644	1646	1653	1663
2307	2312	2321	2323
1691	1708	1710	1712
3520	3526	3534	3539
1725	1728	1732	1740
1978	1982	1987	1989
168	172	174	179
743	745	749	754
2813	2819	2823	2824
287	291	295	297
1591	1594	1596	1601
3245	3248	3249	3256
1774	1782	1790	1798
1990	1993	1995	1998
2681	2689	2692	2695
1593	1597	1607	1608
149	152	157	162
1001	1007	1016	1020
2229	2231	2233	2235
2383	2391	2395	2403
1427	1441	1446	1450
1470	1475	1478	1488
175	183	187	196
680	683	685	688
831	835	837	844
3572	3579	3581	3586
165	172	176	193
1611	1614	1619	1621
1463	1466	1468	1473
2726	2733	2746	2754
3437	3444	3445	3452
2274	2297	2303	2316
3125	3128	3131	3140
2340	2348	2352	2354
2127	2130	2131	2135
3290	3293	3295	3300
1438	1447	1451	1461
176	178	187	201
139	143	146	150
3559	3562	3565	3567
1173	1181	1189	1197
2284	2292	2296	2299
173	179	184	189
3389	3397	3403	3411
3450	3500	3550	3600
2246	2248	2255	2261
2705	2713	2718	2728
148	152	156	160
1942	1945	1952	1953
154	157	161	167
2201	2204	2206	2211
2690	2693	2707	2711
211	222	239	243
1173	1175	1177	1189
1906	1913	1916	1919
1892	1899	1902	1905
1768	1778	1784	1796
1020	1022	1024	1028
1919	1932	1935	1938
229	236	239	240
2436	2440	2445	2455
2245	2248	2256	2264
266	280	290	296
1151	1155	1160	1164
2299	2308	2313	2316
1046	1048	1056	1063
2523	2529	2532	2537
165	170	178	180
798	805	813	820
2325	2332	2335	2337
1042	1046	1048	1051
1393	1397	1406	1413
1970	1972	1977	1983
912	918	925	928
1253	1254	1255	1261
2700	2711	2715	2719
816	819	828	836
2231	2238	2242	2252
1045	1048	1051	1053
964	968	975	978
171	175	184	189
2050	2052	2055	2058
141	146	151	157
3281	3284	3292	3294
3072	3076	3082	3092
168	171	174	178
599	601	603	606
488	501	514	528
2919	2926	2929	2932
133	143	151	163
1136	1142	1147	1152
2071	2081	2084	2095
2850	2857	2862	2865
1919	1923	1927	1933
2560	2564	2567	2570
1197	1206	1254	1257
3420	3423	3437	3440
165	167	175	176
3141	3143	3145	3149
1499	1518	1532	1534
2537	2545	2548	2551
1257	1260	1265	1273
1477	1505	1509	1513
1590	1595	1598	1601
1633	1642	1646	1649
1760	1764	1766	1768
1909	1912	1917	1923
2494	2498	2548	2549
3427	3432	3434	3440
2645	2647	2650	2669
2839	2842	2845	2849
795	803	805	813
2919	2923	2926	2928
1614	1616	1619	1621
1157	1160	1163	1167
2269	2273	2277	2279
143	156	163	177
1804	1810	1816	1822
3023	3033	3037	3040
863	866	869	877
2440	2445	2449	2455
1230	1237	1242	1245
2203	2205	2210	2213
181	188	190	197
3227	3230	3236	3245
148	155	159	168
2610	2612	2616	2623
2520	2524	2534	2544
127	141	142	152
3170	3173	3175	3181
913	918	920	923
1677	1678	1680	1681
3053	3058	3061	3064
2154	2159	2169	2171
810	821	829	830
149	158	171	179
2390	2395	2399	2402
2176	2177	2178	2186
1261	1264	1270	1277
1754	1793	1797	1801
1409	1412	1416	1418
2200	2204	2206	2211
1221	1226	1233	1240
1952	1960	1963	1966
169	178	184	193
1634	1641	1647	1649
1573	1576	1582	1594
3460	3463	3477	3481
1114	1116	1122	1125
2929	2933	2937	2944
2995	3001	3006	3017
3567	3573	3592	3610
167	173	180	186
3535	3536	3548	3557
3279	3283	3285	3289
3469	3519	3569	3619
1864	1869	1873	1879
1529	1541	1545	1551
2790	2795	2798	2802
2779	2783	2786	2790
1639	1646	1649	1652
1529	1536	1538	1546
957	964	973	978
1012	1017	1029	1034
3126	3130	3133	3137
154	155	166	171
2414	2421	2424	2434
2451	2460	2464	2467
1260	1262	1264	1271
1851	1854	1857	1858
1786	1789	1792	1797
2130	2132	2134	2137
932	940	946	956
2531	2535	2538	2542
166	172	180	188
170	179	189	193
2499	2504	2508	2516
153	158	172	184
1236	1243	1247	1257
597	619	623	625
709	714	722	727
583	585	587	589
2034	2037	2048	2056
156	164	172	193
838	841	843	851
1150	1154	1157	1160
2240	2243	2245	2247
189	194	197	201
1031	1034	1039	1045
1938	1941	1944	1951
1044	1054	1057	1062
2249	2252	2254	2256
166	172	175	178
2021	2025	2032	2049
1195	1201	1298	1307
689	693	700	708
1007	1011	1018	1024
679	684	689	691
903	906	910	918
2490	2493	2498	2505
2290	2293	2297	2300
3485	3535	3585	3635
1556	1564	1568	1571
2343	2346	2349	2354
326	332	335	336
143	147	160	161
2786	2790	2794	2803
1762	1766	1770	1772
546	548	552	560
2210	2214	2218	2222
180	188	193	202
583	585	598	600
1549	1551	1553	1555
135	139	144	158
2360	2362	2375	2377
2609	2611	2615	2619
1350	1364	1367	1369
189	196	201	209
1036	1055	1066	1076
388	393	417	424
1070	1074	1077	1080
2074	2076	2081	2094
3059	3063	3068	3070
1346	1349	1353	1358
1175	1179	1182	1186
1777	1786	1794	1799
2050	2057	2059	2067
2224	2233	2237	2244
190	196	210	217
1280	1285	1290	1297
626	628	630	634
2418	2419	2423	2429
1693	1697	1699	1704
1566	1576	1580	1583
187	195	211	221
1783	1786	1789	1792
1492	1499	1504	1508
166	174	176	183
1961	2011	2017	2027
159	162	164	166
2740	2743	2745	2748
166	174	179	188
1661	1665	1675	1677
1598	1601	1608	1614
2880	2882	2887	2891
716	720	728	737
868	877	884	892
894	910	915	922
945	961	967	972
1020	1024	1029	1031
3260	3262	3270	3280
1894	1899	1902	1905
2360	2362	2376	2390
859	867	872	883
500	501	502	510
1710	1712	1716	1718
1350	1352	1354	1358
3031	3039	3044	3045
1199	1201	1205	1209
1099	1109	1111	1113
2387	2388	2391	2399
1176	1181	1213	1221
1361	1367	1372	1379
2540	2544	2546	2549
2744	2749	2756	2762
3559	3565	3569	3572
3360	3383	3389	3392
147	154	156	163
2989	2992	2994	3005
2665	2667	2669	2673
603	605	608	615
1085	1087	1092	1104
282	286	288	290
1973	1985	1990	1996
3532	3540	3544	3552
175	179	181	183
1770	1772	1774	1779
169	176	181	190
205	209	216	217
3021	3028	3037	3041
1131	1134	1135	1140
2980	2985	2988	2990
1456	1471	1489	1498
2394	2400	2404	2408
1407	1410	1412	1425
2860	2865	2870	2880
3308	3314	3323	3328
146	159	166	175
1778	1779	1780	1783
167	169	174	179
1675	1681	1695	1702
2751	2770	2774	2778
1705	1708	1712	1722
1850	1861	1865	1875
740	742	745	749
2176	2181	2188	2190
156	162	169	173
1031	1034	1036	1042
3041	3044	3048	3050
1592	1595	1597	1603
1740	1745	1747	1753
223	235	240	244
3019	3022	3027	3029
1879	1884	1887	1890
1522	1532	1542	1545
226	239	244	245
3501	3505	3507	3509
151	158	164	184
3113	3114	3120	3126
1870	1873	1875	1879
1702	1704	1706	1713
2990	2991	2992	2993
1429	1436	1441	1442
2840	2851	2855	2859
3580	3583	3586	3588
179	183	187	192
2742	2746	2748	2755
2730	2732	2736	2745
2389	2394	2396	2399
2183	2189	2192	2202
948	951	954	963
2314	2318	2335	2336
2174	2178	2186	2207
1833	1840	1844	1847
160	163	175	189
1459	1461	1463	1467
173	182	186	200
2044	2051	2054	2064
2082	2091	2095	2098
3160	3164	3166	3168
1659	1663	1666	1668
1589	1591	1594	1598
714	723	734	737
2931	2938	2941	2952
2030	2042	2046	2048
151	159	163	172
3380	3386	3393	3402
881	889	892	895
1219	1227	1233	1235
2329	2332	2336	2338
148	156	157	162
2003	2005	2008	2017
2930	2933	2946	2949
2911	2914	2924	2925
2577	2586	2591	2597
1270	1273	1275	1278
1385	1396	1400	1404
1111	1117	1130	1140
850	853	857	859
2660	2664	2667	2671
1659	1664	1670	1676
2239	2243	2259	2269
1540	1543	1546	1548
1680	1683	1686	1694
928	936	939	942
2829	2833	2837	2839
1429	1432	1435	1438
2699	2701	2704	2710
1840	1845	1847	1849
849	852	854	856
146	151	155	161
3503	3512	3516	3521
2338	2346	2350	2353
1149	1154	1160	1164
2706	2707	2708	2709
177	185	190	199
2780	2784	2787	2789
1045	1051	1057	1061
2684	2690	2696	2703
3229	3238	3242	3246
2122	2124	2126	2131
1205	1221	1228	1233
2662	2671	2678	2683
185	193	195	202
1149	1151	1154	1158
178	181	185	188
1437	1445	1451	1456
1899	1912	1914	1917
2689	2695	2701	2705
2309	2312	2314	2322
1414	1421	1433	1436
3108	3112	3119	3126
1884	1887	1893	1895
2960	2963	2965	2970
3590	3592	3594	3597
2617	2625	2628	2631
640	642	644	653
2414	2423	2427	2430
176	178	183	186
1670	1672	1675	1679
174	181	188	194
1709	1715	1716	1720
1761	1763	1766	1771
168	173	177	183
1990	1993	1997	1999
810	816	818	821
2089	2092	2095	2098
2680	2687	2693	2697
2092	2097	2100	2104
2186	2189	2193	2200
849	855	858	868
197	205	209	219
2172	2176	2178	2180
1238	1243	1250	1256
170	176	180	188
3547	3556	3561	3566
1899	1901	1903	1906
1999	2002	2007	2014
1882	1886	1888	1890
2175	2186	2190	2194
176	179	183	189
184	190	194	204
1451	1458	1465	1466
2814	2816	2818	2828
2211	2261	2272	2300
2785	2795	2799	2802
883	897	901	903
2242	2244	2246	2256
2337	2339	2354	2355
1289	1293	1300	1304
574	577	582	587
2039	2041	2043	2046
156	159	161	164
435	439	443	447
2548	2554	2564	2569
142	147	152	158
289	292	301	306
740	742	744	748
3339	3343	3345	3350
196	201	202	203
1237	1240	1250	1255
142	150	158	162
947	951	954	963
294	295	296	298
2848	2856	2906	2912
513	519	531	539
1729	1732	1735	1738
1299	1315	1317	1320
828	831	833	845
1855	1860	1867	1875
2799	2801	2806	2809
2362	2366	2374	2379
2685	2687	2694	2697
1392	1394	1396	1405
1430	1441	1445	1449
2909	2914	2922	2929
1941	1943	1951	1955
1970	1976	1978	1985
175	186	189	196
137	141	146	156
2447	2452	2459	2467
2498	2502	2505	2509
3053	3057	3061	3065
2848	2857	2863	2869
2184	2189	2192	2194
919	923	925	929
180	184	188	193
337	340	352	359
2622	2635	2638	2645
2241	2242	2255	2268
1298	1315	1324	1335
182	190	196	215
1829	1836	1840	1844
2450	2452	2455	2459
754	755	759	764
2261	2268	2275	2353
2125	2132	2139	2156
210	218	230	232
1232	1236	1244	1250
3050	3055	3060	3062
2179	2181	2184	2186
136	141	146	152
1590	1596	1598	1602
151	160	162	169
1828	1833	1838	1848
2696	2697	2708	2717
2699	2702	2706	2709
2263	2271	2275	2279
2549	2559	2563	2567
226	231	235	236
179	181	188	192
182	200	201	206
1472	1479	1484	1489
2840	2844	2846	2848
580	584	592	597
1781	1785	1786	1791
2999	3012	3015	3019
1750	1754	1756	1763
1336	1343	1349	1356
171	175	184	192
176	179	181	185
1344	1347	1354	1356
2730	2738	2741	2744
2524	2537	2547	2549
1569	1570	1573	1581
1888	1896	1904	1908
597	601	604	608
784	787	790	798
1894	1904	1905	1908
1823	1833	1839	1847
149	157	166	171
492	497	509	510
3190	3193	3195	3205
1730	1736	1738	1739
2531	2540	2542	2548
1209	1216	1221	1223
2157	2162	2163	2168
3088	3095	3103	3104
2390	2394	2397	2401
3587	3592	3595	3645
155	161	165	179
831	835	837	840
569	570	571	572
2069	2071	2074	2076
2471	2479	2485	2488
2113	2120	2123	2126
3091	3095	3101	3103
2630	2635	2637	2642
2271	2275	2278	2282
439	456	470	475
125	127	131	181
1052	1063	1065	1072
2947	2950	2955	2963
1742	1761	1765	1770
2820	2823	2827	2830
1711	1725	1730	1735
490	491	504	514
3229	3231	3235	3240
1283	1295	1304	1343
170	174	179	184
683	691	699	704
988	996	1001	1003
1769	1772	1777	1779
1817	1825	1828	1831
1243	1247	1256	1263
214	226	237	254
2310	2314	2322	2327
249	250	269	276
664	671	679	686
1448	1455	1466	1477
167	176	183	184
3093	3096	3098	3101
676	682	687	692
145	148	149	157
2897	2905	2907	2912
176	178	182	187
1944	1947	1958	1966
2500	2502	2506	2508
1859	1864	1868	1882
2579	2581	2585	2587
2130	2228	2233	2238
1982	1987	2018	2030
2377	2380	2385	2393
1890	1907	1913	1919
3094	3100	3103	3105
2960	2964	2967	2969
3408	3417	3421	3429
2363	2366	2377	2383
2127	2177	2182	2184
1678	1685	1688	1691
1825	1828	1836	1843
171	178	182	191
3132	3135	3137	3139
2379	2382	2385	2387
2110	2113	2115	2117
1570	1572	1574	1576
3405	3410	3420	3422
3390	3393	3395	3400
173	179	184	191
650	656	659	662
3520	3530	3532	3534
2729	2731	2733	2738
975	986	988	1003
3461	3511	3514	3517
979	993	995	998
150	159	169	175
760	766	863	872
2378	2382	2391	2397
670	681	688	696
611	618	620	624
1366	1369	1373	1383
1490	1496	1498	1502
2969	2972	2974	2976
1503	1505	1513	1516
1120	1123	1128	1131
2651	2653	2661	2665
1898	1909	1913	1917
147	152	160	165
144	147	155	159
2207	2211	2227	2235
169	175	180	187
3022	3027	3031	3032
2142	2145	2148	2155
171	178	184	192
1260	1265	1275	1281
1682	1693	1697	1701
1940	1945	1951	1957
688	692	693	697
2740	2741	2750	2754
1222	1227	1231	1235
1128	1130	1135	1142
2249	2254	2257	2264
2266	2269	2273	2282
1044	1049	1052	1055
1929	1934	1938	1940
2210	2214	2217	2225
823	825	829	833
1599	1602	1603	1608
1666	1667	1671	1676
1582	1594	1604	1618
2329	2333	2342	2349
1993	1999	2002	2006
3512	3514	3525	3531
1885	1893	1897	1899
2750	2762	2764	2768
2921	2930	2937	2942
2670	2679	2683	2690
1709	1720	1724	1728
1655	1657	1672	1673
2730	2734	2736	2742
1240	1244	1250	1257
1488	1498	1502	1503
141	149	159	164
177	182	189	191
3391	3395	3398	3402
2414	2416	2422	2425
1996	2001	2005	2010
1942	1949	1957	1962
2299	2306	2314	2319
1031	1037	1042	1045
380	384	386	388
1630	1680	1730	1733
686	696	700	704
356	360	377	397
363	373	379	380
701	710	712	715
749	757	770	776
963	968	976	982
581	587	589	591
