2220	2223	2226	2229	2236
2990	2993	2995	2998	3005
1920	1922	1926	1928
1702	1711	1715	1718
2661	2666	2668	2679
164	167	172	174	180	188	194	195	200	211	218	228	234	241
3212	3215	3222	3225
1265	1268	1272	1276	1282	1291
1403	1406	1408	1410
1820	1823	1826	1828
1540	1543	1546	1549	1556	1560	1570
1400	1405	1408	1413
1830	1832	1834	1837
1920	1924	1926	1936	1947	1951	1955	1965	1975
2180	2190	2194	2197
1907	1918	1921	1928
1010	1016	1019	1024	1034
142	144	147	151	153
170	174	179	184
998	1002	1004	1008	1014
174	178	180	189
3160	3164	3167	3172
1157	1160	1162	1164
147	152	155	167	175	177	184
1081	1085	1089	1093	1097
202	205	207	210	214	217	223	235	242	243	244
2888	2890	2902	2905	2911
158	166	171	179	192	200
1670	1674	1678	1682	1694	1698	1704
2151	2155	2157	2163
1170	1176	1181	1184	1197
3272	3279	3284	3288	3295	3301	3303	3311	3320	3334	3341
2302	2304	2308	2315	2365	2369	2381	2387	2389	2390	2398	2432	2445	2462	2463	2464	2468	2517	2521	2536	2537	2538	2540	2551	2567	2577	2590	2628	2632	2638	2644	2648
1170	1173	1175	1181
2439	2462	2464	2467
1743	1746	1749	1752	1760	1764	1765
2350	2354	2358	2361
2532	2541	2546	2552	2559	2565	2567	2575	2582
2230	2234	2236	2238
1912	1919	1923	1926	1943	1945	1953	1956	1962	1969	1973	1974	1975	1982	2032	2039	2041	2046	2096
140	145	152	164	169
3190	3194	3198	3203	3211	3212	3431	3434	3444	3445	3448	3458
1440	1445	1451	1453	1458
145	148	150	155	163
1930	1936	1943	1946	1956
2941	2943	2955	2958	2964
819	821	824	826
140	144	148	153
1761	1764	1766	1771	1774
2136	2162	2164	2168
215	217	220	223	230	238	239	245	252
315	319	321	325	328	340	342	343	344	345	346	347	348	349	350	351	352	353	354	355	356	357	358	359	360	361	363	364	365	366	367	368	369	419	469	519	569	619	669	719	769	819	869	919	969	1019	1069	1119	1169	1219	1269	1319	1369	1419	1469	1519	1569	1619	1669	1719	1769	1819	1869	1919	1969	2019	2069	2119	2169	2219	2269	2319	2369	2419	2469	2519	2569	2619	2669	2719	2769	2819	2869	2919	2969	3019	3069	3119	3169	3219	3269	3319	3369	3419	3469	3519	3569	3619
3571	3573	3575	3579	3584	3591
2090	2095	2103	2111	2121	2122	2133	2148	2156	2166	2176	2190
1960	1964	1967	1980	1984
1225	1231	1234	1237
1830	1834	1836	1839	1847	1848	2067	2070	2080	2081	2089	2098	2099	2118	2121	2130
160	165	170	173	182
1250	1253	1261	1265	1284	1291	1298	1306	1318	1328	1344	1347	1370	1375	1383	1390	1420	1436	1443	1454	1457	1463	1464	1466	1479	1481	1487
222	225	229	231	237	246	252	258	265
363	369	371	376	390	407	444	457	472	475	525	530	532	536	537	542	592	598	599	604	653	657	672	673	674	676	687	703	713
151	154	158	161
3100	3103	3106	3109
2841	2847	2860	2867	2872	2879	2888	2903	2915	2917	2923	2940	2975	2986	3036	3073	3074	3124	3125	3126	3176	3226	3276	3279	3281	3283	3286	3336	3341	3343	3393	3443	3493	3543	3545	3546
3090	3095	3098	3102	3110	3111	3330	3333	3343	3344	3352	3361	3364	3369	3381	3385	3397	3403	3407	3411	3417	3429	3433	3445	3450	3453	3458	3466	3471
419	421	423	429	707	708	717	724	726	731
1160	1162	1166	1171
581	587	589	591
1480	1483	1485	1487
1514	1522	1525	1528
2650	2653	2657	2661	2673	2677	2686	2693	2701	2706
3101	3108	3111	3119	3125	3129	3130	3135	3145
156	164	168	178
2631	2634	2636	2641
2000	2002	2005	2009	2228	2233	2239	2246	2247	2252
2500	2508	2513	2515
1217	1220	1231	1244
2260	2262	2265	2267	2269
1074	1076	1078	1081
471	473	477	481	488	497	498	507	513
1112	1120	1124	1128	1145	1152	1160	1163	1352	1356	1357	1362	1364	1366	1371	1376	1379	1388
693	698	700	703
1460	1465	1475	1481
1159	1161	1163	1166
1430	1432	1434	1437
2718	2726	2729	2732
175	179	182	185
218	221	233	250
1076	1080	1082	1087
1430	1433	1437	1444
1449	1461	1464	1467	1479
2819	2822	2826	2828
1697	1700	1703	1712
2529	2534	2537	2547	2555
1230	1233	1237	1240
2970	2973	2975	2981	2984
3350	3352	3356	3358	3363
1990	1993	1995	1998
2189	2194	2198	2204
2560	2563	2565	2570
1151	1155	1162	1166	1176	1192	1196	1207	1216	1218	1220	1228	1242	1251
2110	2113	2116	2119	2123
177	183	190	194	203
111	117	122	129	143	147	149	152
154	161	176	184	198
2980	2985	2988	3002	3009	3017	3021	3025	3033
327	332	335	340	347	350	360	362	363	364	365	415	465	515	565	615	665	715	765	815	865	915	965	1015	1065	1115	1165	1215	1265	1315	1365	1415	1465	1515	1565	1615	1665	1715	1765	1815	1865	1915	1965	2015	2065	2115	2165	2215	2265	2315	2365	2415	2465	2515	2565	2615	2665	2715	2765	2815	2865	2915	2965	3015	3065	3115	3165	3215	3265	3315	3365	3415	3465	3515	3565	3615
299	304	307	311	318	326
1662	1671	1675	1679	1686	1694	1695	1701
2320	2324	2326	2333	2341	2346	2356
138	142	145	155	163	167
615	619	621	627	630	642	649
1697	1701	1705	1707
1632	1635	1637	1639
274	278	281	287	294
2280	2283	2290	2294	2300	2309	2314
153	157	162	171	176
175	178	182	184	205
1241	1246	1250	1252
1410	1413	1427	1431
152	155	158	163	168
1437	1439	1443	1449	1459	1476	1488	1489	1495	1512	1525
1162	1168	1170	1175
1381	1384	1390	1396	1400	1405	1408	1411	1414	1415	1416	1421	1422	1423	1428	1431	1437	1440	1452	1459	1466	1477	1487	1503	1507	1511	1526	1530	1538	1543	1544	1545	1595	1596	1597	1606	1612	1613	1625	1645	1655	1663	1671
950	952	956	958
2539	2542	2545	2563	2570
2280	2287	2292	2295
616	618	621	624
648	650	653	656	663	671	672	678	685
1660	1663	1669	1674	1679	1683	1684
951	953	957	959
616	618	621	624
323	328	330	335	342	345	355	356	406	456	506	556	557	558	559	561	562	563	564	565	566	567	568	569	570	571	572	573	574	575	576	577	578	579	580	581	582	583
1431	1434	1440	1451	1454	1460	1463	1466	1467	1470	1471	1474	1480	1481	1485	1490	1493	1496	1499	1500	1503	1504	1505	1506	1507	1508	1509	1511	1525	1526	1527	1528	1530	1544	1545	1546	1547	1548	1549	1550	1551	1554	1556	1558	1566	1568	1577	1586	1593	1611	1614	1623	1630	1671	1675	1679	1680	1681
2729	2733	2736	2738
156	163	171	175	184
137	140	142	145	151	154	161	182	193	197	210	219	231
3449	3467	3470	3473
1471	1476	1486	1488	1495	1501	1507	1512	1523	1524	1525	1575	1577	1578	1580	1582	1583	1585	1587	1588	1597	1611	1623	1625	1627	1630	1631	1635	1663	1688	1694	1703	1711	1712	1719	1731	1747	1784	1795	1807	1813	1815	1816	1820	1829	1844	1854	1867	1891	1902	1914	1920	1922	1923	1932	1946	1958
160	164	169	178	183
1760	1765	1771	1775
3050	3053	3055	3059	3063	3072	3077	3078	3079
2709	2715	2717	2721	2731	2737	2742	2750	2758	2766
3580	3585	3589	3593	3598
181	184	186	194	195	202	219	221	229	232	421	425	426	431	433	435	441	444	447	456
3100	3104	3111	3115
1900	1904	1906	1910	1920
959	967	970	973
1309	1312	1318	1322	1361
1513	1520	1524	1528	1537	1544	1549	1558	1563
1260	1262	1267	1272	1369	1378
1110	1113	1118	1120
2039	2044	2048	2052
2970	2974	2977	2980	2988
3130	3134	3136	3147
1579	1583	1585	1588	1598	1611	1618	1625	1633
1949	1952	1954	1956
614	617	619	621	631
312	316	318	322	329	332	342	343	393	443	493	543	544	545	595	645	695	745	795	796	797	847	897	947	997	1047	1048	1049
1549	1556	1559	1561
1239	1243	1247	1254	1263
1851	1856	1860	1862	1869	1879
2830	2834	2837	2840
3069	3073	3078	3080	3086
2320	2322	2324	2327
312	315	317	320	334	351	388	390	440	490	540	590	640	690	694	695	745	750	800	804	818	829	831	832	833	883	885	904	985	1022	1074	1081	1088	1089	1090	1091	1092	1093	1096	1100	1105	1108	1115
3140	3142	3145	3147	3158	3171	3181	3185	3195	3201	3202	3236	3240	3247	3248	3259	3273	3282	3294	3310	3318	3337	3344	3351	3359	3369	3375	3383	3388	3421	3423	3431	3439	3448	3470	3480	3490	3503	3512	3514	3564	3614
2050	2052	2055	2058
1740	1745	1747	1751	1755
3480	3482	3486	3489	3499	3500
1460	1462	1465	1469
628	631	635	637	639
3270	3272	3277	3281	3289	3295	3301	3310	3360	3362	3363	3364	3366	3377	3397	3415	3428	3434	3435	3440	3442	3444	3445	3495	3496	3498	3500	3502	3506	3507	3512
1769	1778	1784	1788
1272	1276	1288	1291
729	733	735	737
1521	1524	1526	1531
2709	2715	2719	2722
2701	2704	2706	2711
2202	2211	2215	2218
3110	3117	3119	3121
175	182	191	195	204
223	235	241	246
2731	2737	2739	2750
2740	2744	2746	2750	2758	2766	2774
391	398	412	414	421	426	432	439	445	452	459	465	471	483	486	491	492	493	494	495	496	500	507	513	518	529	530	531	532	533	583	585	586	588	590	591	593	595	596	605	619	631	659	687	691	692	697	699	749	799	802	852	902	907	944	955	967	973	975	976	985	999	1011
1379	1382	1384	1387
164	173	182	188	197
2130	2134	2139	2141	2146	2170	2177
1009	1013	1024	1034	1037	1046	1047	1052	1070	1076	1081	1087	1093	1100	1105	1117	1125	1133	1137
1436	1439	1442	1445
175	178	182	184
1524	1526	1529	1531	1541
1757	1766	1770	1773
1789	1791	1794	1798	1811	1822	1829	1833
1109	1118	1122	1125
1132	1135	1142	1145
1410	1413	1417	1424	1429
800	803	808	810	813
3480	3484	3488	3492	3506	3509
1500	1502	1504	1510
3249	3261	3274	3284	3289	3320	3332	3341	3357	3408	3409	3410	3421	3439	3445	3446	3455	3457	3463	3464	3470	3472	3474	3475	3478
1001	1004	1008	1017	1020	1026	1029	1032	1033	1034	1035	1036	1037	1038	1039	1040	1041	1042	1043	1044	1046	1048	1050	1052	1055	1056	1057	1058	1059	1060	1061	1062	1076	1078	1079	1080	1082	1096	1097	1098	1099	1100	1101	1102	1103	1106	1108	1110	1112
1112	1121	1125	1130	1147	1154	1163	1166	1170	1176	1182
1549	1555	1559	1563	1566
2390	2394	2397	2404	2414	2422	2432	2439
150	154	159	165
2252	2269	2272	2275	2282
2889	2891	2903	2907
569	571	576	578	579	580
750	754	757	759	770	787	793	798	831	832	836	842	848	872	883	901	921	926
3100	3105	3109	3113
1670	1673	1680	1688
2080	2083	2086	2090
179	181	183	186
2720	2722	2724	2729
1939	1942	1944	1946	1961
151	157	160	165	171	184	196	203	208	217	240	253	254	261	271
3100	3105	3109	3116	3121	3128
2859	2864	2867	2879	2886	2890	2900
2921	2934	2939	2943
169	179	188	192
309	311	318	322	328	348
1090	1094	1103	1107
1084	1090	1101	1105	1113
3110	3112	3118	3122	3220	3228	3236
1073	1075	1077	1080
1094	1101	1104	1107
1947	1952	1955	1959
2431	2438	2441	2443
1240	1244	1246	1250	1260	1274	1281	1288	1297	1332	1340
1199	1203	1209	1211	1216	1218
177	181	186	194	199
1400	1404	1407	1410	1418
2090	2095	2097	2102
2490	2492	2494	2505
933	935	945	947	949	964	968	969	971	973	974	983	997	1037	1041	1053	1059	1061	1062	1065	1066	1067	1068	1079	1084	1090	1097
900	903	905	908
158	161	164	167	173	185	192	196	209
2809	2820	2824	2828
140	145	151	159
3150	3153	3157	3161	3166	3170	3171
151	156	161	167
1765	1775	1779	1782	1786
1883	1890	1893	1895
2031	2035	2038	2042	2049	2057	2061	2065	2073	2079	2080	2083
2950	2954	2958	2961	2966
2580	2582	2584	2594
1610	1614	1617	1622	1633	1636	1637	1640	1641	1642
3080	3082	3087	3091
2659	2662	2665	2668	2678
1879	1882	1884	1886	1896
2879	2883	2886	2888
448	459	463	474	481	484	493	495	498	499	500	501	502	504	506	507	508	510	512
2451	2456	2458	2465	2473	2478	2488	2494	2502
152	154	159	165	171	190
2279	2281	2284	2286	2292	2298
1680	1684	1689	1693
1629	1634	1639	1644
2040	2044	2046	2051	2059	2060	2063	2073	2078
2350	2360	2365	2379	2385	2391	2403	2411	2421	2426	2427	2436	2447	2460	2468	2469	2480	2490
162	177	186	194
1889	1900	1904	1908
1729	1731	1735	1737
1950	1959	1966	1971
601	610	614	623	674	680	681	687	736	739	750	761	772	783	793	803	805	815	823
1040	1046	1052	1057
152	156	164	170	171	175	176	180
1670	1672	1674	1678
2890	2898	2906	2915	2917	2925
1732	1745	1750	1754
1332	1337	1341	1343
1300	1303	1309	1312	1319
2430	2438	2441	2444
2431	2434	2436	2441	2444
810	812	814	818	823	829	835	844	848	849	850	853	855	856	857	859	860	863	864	865	866	877	882	888	894	901	906
1640	1643	1647	1649	1655	1663	1673	1675
500	502	504	507
178	186	196	201	210
170	173	175	180	188
523	526	529	533
1050	1054	1057	1060
792	794	797	802	839	850	862	868	870	871	874	875	876	877	888	893	899	905	912	917	929	936	941	946	959	966	974
180	183	187	190	198	203	217	224	234	241	246	260	273	274	282	292	297	304	313	328	340	342	348	365	400	411	448	453	454	458	460	462	466	470	472	474
1859	1863	1865	1867
1969	1976	1981	1988
2532	2539	2544	2548	2555	2563	2564	2570	2576
173	176	180	182	200	210	218	221	226
2337	2349	2354	2357
701	711	713	716
171	173	175	178
196	198	200	202	208	211	217	229	236	237	246	250	262	268	272	278	284	289	295
312	317	320	324	327	338	346	352	364	368	372	386	387	389	391	392	394	444	446	447	449	451	452	454	456	457	466	480	492	541	545	560	562	563	564
760	766	770	772	783	787	789	796	802
1620	1623	1626	1629	1635
1688	1704	1710	1715
1849	1856	1858	1864
156	160	163	166
2201	2203	2207	2211
1103	1107	1110	1123
138	148	159	165	174
2320	2327	2330	2333
159	163	165	167
3171	3198	3200	3211
1102	1105	1108	1111	1120	1127	1132	1141	1149	1154	1163	1167	1168	1169
777	781	783	788	796	802	804	808	818	826	831	832	834	851	859	867	872	879	885	886	892	906	912
3162	3164	3170	3173	3210	3221	3233	3239	3241	3242	3243	3245	3251	3285	3313	3315	3317	3319	3321	3324	3374	3379	3381
996	999	1001	1004
522	524	527	531	536	548	555	559	572	581
1081	1084	1086	1088	1095	1105	1126
2669	2673	2676	2678
1320	1322	1325	1330	1334	1344
131	137	144	148	153	166
925	938	943	952
2613	2622	2626	2629
170	173	175	178	186	190	225
2080	2093	2096	2098
167	170	177	183
3320	3329	3331	3343
132	137	140	143	150
1010	1025	1036	1046
2060	2063	2065	2070	2077	2084	2087
1969	1972	1974	1977
142	148	152	167	175	225	233	242	257	265	274	276	326	329	330	333	342	347
177	181	186	189	197	202	221	225	228	229	236
2990	3000	3004	3008
2140	2143	2147	2149
2190	2196	2198	2201
2100	2103	2108	2110
3204	3206	3210	3214	3221
3493	3495	3507	3510
315	319	321	325	331	337	342	353	354	355	357	366	380	392	420	448	452	453	458	460	510	560	610	660	663	713	714	716	720
313	317	319	323	330	333	343	344	394	444	494	544	546	548	549	550	552	554	555	556	557	558	559	560	561	562	563	564	565	566	567	568	569	570	572	573	623	673	723	725	727	729	736	739	742	745	748	767	773	775	776	779	782	783	785	791	825	853	855	857	861	863	865	869	870	875	877
2780	2783	2787	2793	2797	2807
2339	2362	2371	2373	2374	2384	2392
770	772	776	780
1157	1167	1171	1174
1862	1867	1871	1874	1881
159	164	167	175	180
2439	2459	2463	2468
1291	1295	1301	1307	1311	1316	1318	1320	1328	1330	1339	1348	1355	1360	1363	1369	1383	1389
930	936	939	948
1330	1334	1339	1342
136	139	146	154	185
1919	1923	1926	1939
1040	1043	1046	1051
873	877	879	895	904
2370	2373	2377	2379	2381
552	557	559	561
2882	2885	2887	2889
1130	1132	1135	1139
3520	3523	3527	3530	3537	3756
1267	1271	1274	1278	1283	1288	1294	1299	1309	1311
1480	1483	1485	1487
3520	3523	3525	3529	3534
2284	2292	2295	2298
1200	1203	1205	1207
265	267	278	291
1805	1808	1810	1814
153	158	161	165
315	320	322	327	341	347	359	363	369	382	386	387	388	392	399	406	412	418	424	429	436	444	450	457	467	471	484	485	486	501	509	515	520
1712	1730	1739	1748	1765	1766	1775	1782	1786	1791
157	160	164	169
1070	1076	1080	1086	1090	1100
1115	1124	1128	1131
2510	2513	2520	2527	2538	2540	2548
1769	1775	1782	1786
157	161	164	168
2729	2732	2735	2739
2351	2354	2356	2361	2364
1739	1743	1746	1750
1164	1166	1170	1174	1181	1187
2109	2122	2124	2127
1880	1883	1885	1889
143	145	153	157	166	177	188	201
100	109	114	117	120	130	141	147	152
815	818	820	825
143	149	155	159
1320	1327	1333	1340	1347
1849	1857	1860	1863
2689	2693	2698	2700	2702	2752	2753	2754	2755	2756	2757
1294	1302	1306	1309
2350	2352	2355	2358
142	146	150	155
1529	1539	1542	1544	1552
1566	1576	1580	1583
2201	2210	2214	2225	2234	2242	2243	2256	2270	2275	2282	2292	2300	2304	2310	2317
154	159	163	170	175	181	197	206
2080	2087	2090	2093
159	161	163	165
522	525	530	535	632	641	648	653	658	669	740	746	753	761	767	768	769	771	821	830	836	842	850	854	860	863
182	186	188	197	198	203
610	616	621	624
1920	1922	1924	1926	1932	1939
2680	2683	2686	2689
158	164	168	172
1590	1596	1598	1601
145	149	157	162	171
2239	2242	2244	2246	2253	2259	2265	2268	2274	2278	2284	2290	2291	2294	2300	2308	2314	2321	2323	2343	2351	2359	2364	2371	2377	2378	2381
1469	1471	1473	1477
1149	1151	1154	1158
971	996	1008	1013	1019	1024	1029	1034	1035	1043	1045	1051	1052	1057
3069	3087	3089	3092	3097	3102	3108	3113	3123	3125
1691	1696	1700	1702	1710	1715
2583	2587	2591	2593
848	852	856	859	867
881	890	894	897
3000	3005	3007	3009
1590	1603	1606	1608
2408	2410	2414	2418	2425	2431
1710	1715	1718	1721
3529	3549	3553	3556	3564
2860	2867	2869	2873	2880	2883
490	496	498	503	512	520	525	531	542
3561	3580	3584	3587	3589
2981	2985	2987	2993
490	493	503	508
1491	1495	1498	1502	1511	1518	1523	1530	1536	1539	1543	1552	1557	1558	1559
146	151	154	167	168
1490	1503	1506	1508
144	149	151	153
169	174	181	188
742	749	753	761	767	779	789
181	186	191	197
1180	1186	1188	1194
1159	1162	1168	1171	1176
1980	1984	1987	1991
151	154	158	160	165	174	181	184
203	206	218	224
1670	1676	1683	1686	1696
1710	1719	1723	1726
2951	2954	2956	2961
161	164	168	171	185	198	207	214	221	225
2	10	14	17	22	38	42	53	57	58	64	71	79	80	82	84	87	96	104	117	122	130	135	138	144	162	170	179	184
1847	1856	1860	1863
149	151	155	159
2422	2428	2434	2437	2444
1849	1854	1856	1861	1879	1886	1893	1901	1913	1922	1936	1946	1950	1959	1981	1991	2041	2057	2064	2071	2074	2079	2087	2088	2089	2090	2091	2093	2095	2105	2111	2116	2141	2149	2157	2172	2175	2187	2188	2195	2206	2214	2228	2232	2233	2265	2270	2284	2297	2307	2318	2323	2331	2339	2356	2357	2358	2360	2378	2387	2388
2511	2513	2516	2518
1450	1454	1457	1459
1889	1892	1894	1896	1900	1908	1915	1917	1928	1932	1933
172	174	178	180	186	191	203
156	159	163	165
1870	1874	1876	1882
1242	1245	1251	1255	1260	1265	1270	1275
1820	1832	1848	1850	1857
151	156	158	165	179
146	150	154	158
173	178	182	188	201
175	180	185	191
177	179	185	187	208
2540	2542	2546	2548	2552
947	951	953	957
1500	1509	1513	1517	1567	1571	1583	1589	1591	1592	1601	1615	1627	1676	1680	1695	1697	1698	1700	1702	1703	1705	1755	1757	1768	1773	1778
1140	1143	1145	1150
136	139	143	149	154	160	168	174
2890	2894	2899	2902	2908	2917	2922
172	176	183	185	192	202	215	223
1732	1735	1737	1742	1749
909	915	920	922
162	167	170	178	180	189	207	216	220	227	232
169	174	183	185	192
2530	2533	2536	2540	2548	2554	2560	2569	2570	2571	2573	2575	2576	2578	2584	2618	2631	2648	2649	2650	2654	2682	2708	2713	2715	2717	2718	2719	2723	2772	2776	2791	2793	2794	2803	2817	2828	2829	2835	2839	2842	2845	2848	2849	2852	2856	2860
2150	2155	2158	2162	2172
134	139	143	147	158
3562	3564	3567	3571	3620
1380	1386	1391	1393	1401	1406	1420	1424	1431	1432	1435	1436
1913	1920	1923	1925	1929
2189	2191	2193	2195
1939	1941	1944	1949
3380	3383	3387	3391	3396	3404	3409	3411
1190	1192	1195	1197
880	884	887	890
153	155	158	161
617	619	623	625
1531	1533	1535	1540
148	150	152	154	157
1539	1541	1544	1548
2780	2783	2787	2791
1831	1836	1838	1840
3269	3272	3274	3276	3280	3283
1262	1270	1273	1276
3120	3124	3132	3134	3141	3146
171	177	181	190
899	901	905	909
1069	1072	1076	1078	1090
1569	1572	1576	1581
1921	1926	1928	1935
2263	2272	2276	2279
2435	2441	2444	2446
160	165	179	192
1380	1383	1385	1388	1395
2650	2655	2661	2668	2684	2691	2696
619	622	624	626	635	640	647	655	661
2610	2612	2614	2636	2646	2653	2676	2685	2694	2709	2725	2728	2749	2761	2771	2778	2794	2803	2811	2813
1311	1314	1316	1321	1323
1768	1778	1782	1785	1789
1497	1500	1503	1505	1518	1531
155	160	163	171
148	153	155	161
1190	1194	1197	1201	1208	1212	1222
820	822	825	827
2180	2185	2200	2204	2212	2219
771	775	777	779
1389	1394	1397	1400
2695	2698	2700	2704	2715	2718	2719	2722	2723	2724	2726	2729	2732
1697	1701	1705	1707
2549	2552	2558	2562
1770	1774	1776	1782
1640	1649	1651	1656
2218	2226	2229	2232
1460	1464	1466	1473	1476
3092	3095	3097	3099
1741	1745	1755	1759	1761	1764	1769
178	185	189	193
2379	2383	2386	2390
161	170	176	185	198
3260	3263	3266	3270
628	633	635	639	646	649	659	661	662	663	664	665	666	716	766	816	866	916	966	1016	1066	1116	1166	1216	1266	1316	1366	1416	1466	1516	1566	1616	1666	1716	1766	1816	1866	1916	1966	2016	2066	2116	2166	2216	2266	2316	2366	2416	2466	2516	2566	2616	2666	2716	2766	2816	2866	2916	2966	3016	3066	3116	3166	3216	3266	3316	3366	3416	3466	3516	3566	3616
2119	2121	2123	2125
180	182	185	188
132	136	140	145	154
3117	3127	3131	3134
1410	1416	1418	1421
940	944	946	950
1520	1523	1527	1531	1537	1546
757	761	763	768	776	782	786	794	799	842	849	850	860	865
1449	1451	1466	1474
1272	1275	1281	1285
3070	3073	3075	3081	3085	3089	3091	3108	3116	3119	3168	3172	3187	3188	3189	3191	3202	3218	3228	3241	3276	3287	3337	3387	3424	3426	3476	3526	3576	3580	3581	3586	3591	3592	3596	3598	3600
1879	1884	1888	1891	1897	1905	1911	1945	1949	1955	1958	1981	1987	1996	2009	2012	2015	2071	2072	2073	2074	2099	2108	2111	2113	2115	2117	2118	2120	2121	2123	2126	2132	2150	2161	2162	2163	2187	2225	2238	2249	2257	2271	2284	2290	2293	2301	2310	2321	2331	2338	2345	2350	2351	2352	2353	2354	2355	2356
3089	3091	3093	3095
1177	1185	1188	1191
2879	2883	2887	2890
701	726	738	743	752	760	761	774	788	793	800
753	759	762	766
327	331	333	337	344	347	357	359	360	361	362	412	462	512	562	612	662	712	762	812	862	912	962	1012	1062	1112	1162	1212	1262	1312	1362	1412	1462	1512	1562	1612	1662	1712	1762	1812	1862	1912	1962	2012	2062	2112	2162	2212	2262	2312	2362	2412	2462	2512	2562	2612	2662	2712	2762	2812	2862	2912	2962	3012	3062	3112	3162	3212	3262	3312	3362	3412	3462	3512	3562	3612
2210	2229	2231	2233
177	179	186	192
1919	1922	1924	1927
709	712	716	719
2540	2542	2544	2547	2550
1275	1277	1282	1286	1294	1301	1302	1306	1307	1308	1312	1320	1331	1337	1343
1423	1427	1436	1438
1340	1346	1348	1355
1520	1522	1524	1529
1180	1182	1184	1190
1371	1381	1385	1392	1401	1411	1421	1437	1441	1451	1464	1475
1480	1483	1486	1490
1529	1544	1549	1554
2430	2438	2446	2455	2466	2470	2479	2480	2481	2482	2483	2533	2540	2552	2558	2561	2568	2578	2579	2587	2592	2597	2610	2617	2628
132	140	149	154	163
2020	2036	2042	2048	2064	2073	2078	2088	2100	2109	2116	2144	2154	2167	2179	2191	2198	2199	2200	2209	2211	2219	2225	2231	2237	2266	2274	2296	2314	2333	2338	2349	2358	2370	2374	2375	2401	2411	2422	2425	2434	2477	2495	2505	2511
810	813	822	826
154	163	168	190	195	197	199	206	212	220	226
919	924	926	928
158	161	163	170
165	169	174	182
1890	1897	1899	1903
1952	1956	1958	1960
1105	1110	1112	1114
1128	1144	1150	1155
142	144	152	154	161
2080	2082	2086	2094	2108	2122	2128	2137	2142	2151	2197	2206
3119	3122	3125	3127
1919	1930	1934	1938
2029	2037	2041	2043
919	922	926	928	931	939	943
2530	2532	2534	2537
204	209	211	215	227	239	248
471	473	477	480
608	612	614	618	621	633	635	636	637	638	639	640	641	642	643	644	645	646	647	648	649	650	658	674	675	676	691	720	721	744	766	785	789	790	791	792	793	794	795	796	797	798	799	800	801	816	825	826	834	869	876	877	878	879	929	979	980	1030	1031	1081	1082	1083	1133	1183	1233	1283	1333	1334	1335
1204	1207	1210	1213
3339	3346	3351	3355
2170	2176	2179	2183	2186
1570	1574	1576	1580
2039	2046	2049	2052
171	175	177	186	187
1420	1423	1425	1428	1437
2559	2563	2567	2571
159	163	166	169
1240	1242	1244	1247	1257	1271	1285	1297	1301	1302	1307	1314
1647	1651	1654	1656	1664
1159	1161	1163	1167	1176	1185	1187	1195	1197	1199	1200	1201	1202	1203	1204	1205	1206	1207	1209	1212	1215	1216	1217	1222	1223	1224	1274	1275	1276	1280	1281	1282	1287	1289	1290	1291	1292	1293	1295	1296	1304	1307	1317	1325	1328	1332
2970	2973	2986	2994
2249	2252	2254	2259	2262	2265	2277	2288	2289	2295	2296	2299	2302	2310	2320	2324	2334	2342	2354	2360	2366	2375
830	834	836	842
1840	1842	1844	1853	1857	1861	1864	1879	1885	1888	1892	1897	1898	1904	1910	1916	1919	1922	1939	1941	1943	1944	1945	1946	1948	1949	1950	1952	1953	1954
2611	2622	2626	2630
1270	1280	1282	1286
2431	2436	2442	2445	2449	2457	2463	2468	2474	2481	2485	2487	2493	2494	2502	2510	2516	2525	2540	2545	2559	2567	2579	2586	2588	2618	2627	2645	2647	2648	2649	2655	2663	2671	2672	2678	2680	2682	2683	2684	2685	2686	2736	2738	2742	2746	2750	2756
2660	2662	2665	2668
700	722	724	730	736	741	758	767	784	788	830	839	842	847	851	857	860	865	902	904	913
1741	1743	1747	1749
3380	3386	3388	3399
100	103	111	115	120	122	123	126	131	139	142	145	148	153	155	156	157	158
899	901	903	909
1789	1793	1795	1801	1810	1813	1817	1821	1827	1835	1841	1848	1850	1851	1852	1853	1854	1855	1861	1869	1877	1878	1884	1886	1888	1889	1895	1902	1908	1913	1919	1925	1932	1937	1949	1957
139	145	149	158	163
823	828	831	834
181	185	188	198	199
2379	2381	2384	2388	2396
184	187	189	197	198
141	145	148	158	159	164	170	178	184	193	200	209
149	152	157	161	169	177
151	155	158	168	169
2841	2845	2852	2862
1020	1022	1028	1032	1040
1381	1384	1387	1392	1397
860	862	865	871
1162	1165	1167	1186	1195	1209	1223	1230	1237	1254	1263	1274	1277	1280	1284	1295	1305	1322	1328
2591	2596	2598	2609
1111	1114	1116	1121
162	166	168	171	179	210
950	952	954	958
144	150	156	160	169
3130	3133	3136	3139	3145	3151	3154
1079	1088	1092	1095
166	170	186	189	199	212
2310	2313	2317	2323
2579	2582	2586	2590
3350	3357	3359	3363
2180	2182	2189	2192	2202
151	155	157	160	166	175	182	185
2329	2332	2334	2336
2030	2036	2038	2042
2821	2826	2828	2831	2838	2841	2849	2854
1199	1201	1205	1210	1220
1226	1238	1243	1246
1363	1367	1372	1376
138	146	151	159	172
2300	2302	2304	2307
1189	1194	1198	1200
1760	1763	1765	1770	1783	1790
2650	2652	2654	2662	2669	2673	2683
2696	2705	2709	2712
1779	1781	1783	1785	1786
1364	1366	1370	1372	1376	1384
164	166	173	178
1723	1733	1737	1740
1139	1148	1152	1155
1250	1252	1256	1260	1274	1277
2260	2267	2271	2277	2281	2291
156	158	161	163	437	443	463	481	489	498	502	510	517	531	532	540	543	558	569	573	581	586
757	761	763	768	776	782	783	785	786	787	788	792	805	814	822	823	830	842	858	895	906	918	924	926	927	936	950	962	964	966	1016	1020	1021	1026	1028	1078	1081	1131	1181	1184
173	181	189	194	203
814	817	821	823	834	841	905	912	919
3209	3212	3214	3222	3229	3237	3241	3245	3253	3258
1469	1472	1477	1479
146	151	156	162
1309	1313	1315	1317
3560	3562	3564	3568
1947	1953	1956	1961
2140	2143	2145	2147	2154	2160	2165	2169	2179	2186
1281	1283	1286	1290
1760	1764	1767	1774
637	641	643	645
1952	1961	1966	1970
1629	1631	1635	1637
2548	2553	2557	2561	2571
2821	2831	2845	2852	2858	2862	2863	2866
2030	2033	2037	2040
173	177	180	184
2889	2891	2893	2895	2914	2921	2928	2936	2946	2952	2960	2966	2972	2976	2982	3014	3019	3024	3056	3069
2980	2985	2987	2992	2999	3004	3010	3017	3025	3032	3082	3091	3097	3103	3111	3115	3121	3133	3137	3154	3155
1710	1721	1725	1729
1772	1777	1780	1782
300	304	308	313	322
1729	1734	1739	1742	1748	1753	1755
1807	1814	1816	1822	1830	1831	1832	1835	1845
2042	2045	2051	2053	2150	2159
1110	1112	1114	1117	1122
750	752	754	757
157	160	165	202
1906	1908	1911	1914
1021	1024	1026	1029
136	139	148	155	168	181	193	200	205	210	211	216	218	231	254	258	269	286	292	298	305
171	176	180	186	262	278	288	304	311
1387	1389	1393	1397	1406	1413	1417
2051	2054	2058	2068	2070	2078	2080	2082	2083	2084	2085	2086	2087	2088	2089	2090	2091	2092	2093	2094	2095	2096	2097	2098	2099	2102	2107	2111	2114	2127	2132	2143	2148	2178	2185	2190	2193	2194	2199	2208	2214	2227	2241	2246
1772	1783	1787	1791
3159	3162	3166	3170
2320	2323	2328	2334
1370	1378	1384	1387
2380	2382	2384	2389
1198	1201	1206	1208
3460	3462	3464	3466
2459	2467	2472	2476
1561	1563	1567	1570
1639	1660	1666	1669	1672	1677	1678	1683	1686	1688	1693	1698	1702	1709	1718	1727	1735	1742	1747
173	178	181	189
169	172	174	177	183	186
3540	3544	3546	3548
180	183	192	199	209
166	169	173	175	196
1270	1277	1279	1283
1750	1756	1759	1761	1769
155	162	170	175	185	198	212	214	227	244	254	261	282	286	293	302
2400	2404	2407	2409
1289	1293	1295	1297
2649	2651	2654	2658	2663	2668	2670	2672	2722
167	170	173	176	180	186	194	199
810	815	821	823
1893	1895	1907	1911
175	177	182	186	189
3439	3441	3451	3457	3470	3474	3478	3493	3507	3512	3544	3549	3553	3613
881	884	890	893	900
1191	1216	1228	1233	1242	1254	1264	1268	1273	1275	1279
144	149	157	160	167	172	180
2665	2672	2675	2678
178	182	187	194
1830	1834	1836	1839
1499	1504	1509	1513	1518
3060	3062	3065	3068	3073	3074
891	916	928	933	938	945	956	961	972	981	991	997	1014	1026	1034	1037	1041	1047	1055	1058	1066	1068	1075	1125	1132	1135	1141	1145	1149
1849	1853	1862	1866	1870	1878	1884	1890	1899	1949	1950	1951	1952	1954	1956	1957	1959	1961	1962	1971	1985	1997	2025	2053	2057	2058	2063	2068	2070	2071	2077	2127	2131	2143	2149	2151	2152	2155	2162	2174	2190	2207	2242	2246	2261	2262	2263	2264	2271	2283	2299	2336	2347	2359	2367	2368	2369	2370	2377	2389	2405	2442	2453
566	576	581	586
2139	2144	2146	2149	2155	2160	2167	2174
1525	1529	1532	1537	1543	1549
1113	1122	1125	1127
960	964	967	969
3509	3511	3514	3517	3524	3529	3540	3543	3557	3571	3576	3588	3601
2769	2771	2774	2781
1590	1611	1614	1617
2750	2753	2756	2758
1029	1031	1033	1036	1039	1045	1053
312	315	317	320	327	330	340	341	391	441	491	541	542	544	546	547	548	550	552	553	554
2910	2915	2917	2919	2931	2933	2938
1730	1739	1741	1746
421	424	429	439	441	449	451	453	456	457	458	459	460	461	462	463	464	465	466	467	468	469	483	485	486	487	489	490	504	507	508	509	510	511	512	513	514	515	516	525	533	535	537	538	553	555	556	557	558	559	560	561	564	565	567	568	569	570	571	572	573	574	575	576	577	627	628	629	630	632	634	637	638	639	640	641	642	643	645	659	660	661	662	664	678	679	680
146	153	164	167	174	184	199	203	204	254
1660	1667	1672	1676
2299	2302	2306	2309	2319	2320	2328	2336	2344	2350	2356	2367	2369
1089	1092	1094	1099	1102	1104	1105
1713	1720	1723	1727
1230	1238	1241	1243
2869	2871	2873	2875
192	195	199	201	206	211	228	231	276	281	291	292	300	309	312	317	329	333	345
1819	1823	1825	1828	1838	1852	1859	1866	1875	1910	1913	1931	1934
3180	3183	3186	3189	3194	3200
980	984	991	994	1004
3421	3423	3428	3434
1720	1722	1725	1740	1744
175	179	186	190	199
920	923	927	929
312	315	317	319
1042	1046	1048	1051
1730	1734	1736	1738	1746	1753
2779	2781	2785	2790
161	163	166	169
2989	2991	2993	2997	3007	3011	3012	3013	3021	3030	3035	3042	3051	3148	3153	3159	3169	3175	3181	3190	3203	3207	3214
169	172	174	181	182
159	164	167	171
209	212	224	230
1939	1943	1945	1948	1956
139	150	154	156
1960	1965	1968	1979
177	183	187	203	204
282	287	289	292
2949	2952	2965	2968	2978
840	843	848	850	856	865	870
2270	2272	2275	2283	2323	2327	2330	2332	2333	2337	2342
138	147	151	153	158	165	175	179	192
2290	2295	2304	2308	2312	2320	2326	2332	2341	2391	2398	2406	2413	2419	2424	2431	2443	2447	2457	2463	2476
172	175	187	190	197
2488	2490	2494	2498	2505	2511
137	142	145	153
1631	1636	1639	1644	1648	1652
3190	3195	3205	3207	3217	3219	3229	3237	3244	3251	3260
3400	3403	3413	3416
291	299	303	310	318
890	892	900	903	913
929	940	944	948
3369	3374	3379	3382
2169	2183	2188	2192	2196
1129	1138	1142	1147
3360	3373	3380	3391	3401
2570	2574	2580	2585
151	156	160	173	174
1879	1881	1883	1886	1887
1529	1544	1548	1550	1558
170	177	183	191
2440	2445	2447	2449	2456	2457	2458	2469	2479	2485	2492	2493	2496	2505	2512
2040	2043	2047	2050	2060	2061
2039	2041	2055	2059
2960	2963	2966	2969	2982	2993	3000	3007	3014	3024
1719	1721	1724	1726	1746	1754	1759	1766	1776	1790	1804	1810	1819	1824	1832	1838	1846	1854	1861	1869	1876	1878	1884	1895	1900	1905	1913
591	616	629	637
3220	3224	3227	3229
1820	1831	1835	1839
2100	2116	2118	2121	2125
178	183	187	193
1750	1754	1757	1766	1774	1779
1950	1968	1971	1976
896	899	902	908
2080	2087	2096	2100
2649	2661	2669	2673
2280	2285	2287	2289
200	202	206	208	213	218	222	229	238	247	255	262	264	268	274	286	290	294	302
1550	1552	1558	1565	1579	1583	1595	1604	1624	1638	1643
2470	2472	2474	2477
3101	3104	3106	3111
880	883	889	893	991	999	1007
1020	1022	1026	1029	1035
180	184	190	199	475	496
3001	3003	3007	3014	3016	3024	3026	3028	3031	3032	3033	3034	3035	3036	3037	3038	3039	3040	3043	3057	3058	3059	3061	3069	3078	3079	3080	3081	3082	3083	3084	3087	3088	3090	3091	3093	3094	3102	3105	3115	3124	3130	3137	3138	3143	3152	3162	3178	3187	3193	3194	3228	3232	3238	3241	3264	3270	3283
158	160	163	165
2662	2671	2677	2682	2689	2697	2704
2559	2563	2565	2568
173	178	186	188	194	210	219
1765	1769	1771	1775	1786	1789	1790	1799
2769	2783	2785	2787
1000	1004	1008	1019	1023	1025
162	165	169	174
1010	1012	1015	1017	1024	1032	1038
2422	2430	2435	2439	2446	2454	2455	2461	2467
2912	2919	2922	2925
2480	2483	2485	2487
3090	3092	3095	3099
2701	2704	2706	2722	2731	2738	2743	2752	2757	2760	2772	2784	2812	2840	2844	2848	2876	2902	2903	2904	2954	2959	3009	3011
2110	2116	2120	2122	2130	2135	2354	2359	2361	2368	2378	2381	2382	2388	2397	2405	2407
1648	1653	1656	1658
1110	1116	1118	1123	1131	1139	1147
2049	2054	2057	2061
1565	1575	1582	1586
1679	1685	1691	1699	1702	1705
1241	1246	1253	1261
2543	2550	2554	2560	2561	2566	2580	2588	2598	2615	2617	2619	2620	2621	2671	2674	2675	2725	2729	2730	2731	2732	2733	2734	2736	2737	2738	2740	2741	2742	2745	2746
2270	2272	2276	2280	2285	2290
111	116	120	125	136	148	166	173	175	185	193	225	227
260	265	267	269	276	277	284
161	167	171	186	194	202	209
2790	2793	2795	2799	2806
890	893	897	901
1260	1263	1265	1269	1277	1279	1282	1293	1297	1298	1302	1306
2879	2883	2886	2888
176	181	185	190
2071	2075	2077	2083
3570	3578	3584	3587	3595	3600
1780	1783	1785	1792	1799	1803	1813
152	154	157	160
1799	1801	1803	1805	1812	1825
141	144	150	152	158	170	178	181	185	191	199	202	206	256	260	265
174	177	180	214
1083	1089	1092	1096	1105
1769	1773	1775	1781	1789	1850	1854	1882	1904	1908	1909	1916	1924
1353	1359	1366	1368
2021	2027	2032	2034	2043	2050	2055	2062	2068
138	142	145	155	160	164	165	172	178
2169	2173	2179	2183	2189	2198	2203	2204	2210
1240	1244	1246	1249	1260
135	145	150	160
136	144	153	157
1639	1641	1644	1646	1653	1663
2260	2263	2266	2269	2270	2280	2284	2289	2297	2302	2307	2312	2321	2323
1691	1708	1710	1712
3509	3513	3516	3520	3526	3534	3539
1720	1725	1728	1732	1740
1972	1975	1978	1982	1987	1989
168	172	174	179
740	743	745	749	754
2800	2804	2810	2813	2819	2823	2824
184	189	198	200	207	212	220	236	245	256	261	270	284	287	291	295	297
1591	1594	1596	1601
3199	3203	3206	3211	3217	3220	3221	3225	3232	3241	3245	3248	3249	3256
1760	1767	1769	1774	1782	1790	1798
1990	1993	1995	1998
2681	2689	2692	2695
1580	1583	1587	1593	1597	1607	1608
149	152	157	162
980	995	999	1001	1007	1016	1020
2229	2231	2233	2235
2380	2383	2391	2395	2403
1427	1441	1446	1450
1470	1475	1478	1488
168	175	183	187	196
680	683	685	688
831	835	837	844
3270	3275	3279	3284	3562	3563	3572	3579	3581	3586
165	172	176	193
1611	1614	1619	1621
1460	1463	1466	1468	1473
2719	2722	2724	2726	2733	2746	2754
3430	3433	3435	3437	3444	3445	3452
2081	2083	2091	2099	2115	2122	2129	2133	2139	2140	2174	2178	2191	2197	2200	2208	2217	2228	2238	2243	2247	2248	2250	2261	2265	2269	2271	2274	2297	2303	2316
3121	3125	3128	3131	3140
2340	2348	2352	2354
1530	1533	1543	1555	1556	1564	1568	1582	1590	1600	1604	1608	1645	1656	1668	1674	1676	1677	1678	1680	1691	1707	1717	1730	1780	1798	1848	1898	1903	1953	1957	1969	1975	1977	1978	1987	2001	2013	2041	2069	2073	2074	2077	2127	2130	2131	2135
3290	3293	3295	3300
1430	1438	1447	1451	1461
170	176	178	187	201
139	143	146	150
3559	3562	3565	3567
1160	1162	1169	1173	1181	1189	1197
2284	2292	2296	2299
173	179	184	189
3389	3397	3403	3411
315	319	321	325	332	335	345	347	348	349	350	400	450	500	550	600	650	700	750	800	850	900	950	1000	1050	1100	1150	1200	1250	1300	1350	1400	1450	1500	1550	1600	1650	1700	1750	1800	1850	1900	1950	2000	2050	2100	2150	2200	2250	2300	2350	2400	2450	2500	2550	2600	2650	2700	2750	2800	2850	2900	2950	3000	3050	3100	3150	3200	3250	3300	3350	3400	3450	3500	3550	3600
2231	2236	2246	2248	2255	2261
2689	2695	2697	2705	2713	2718	2728
148	152	156	160
1940	1942	1945	1952	1953
154	157	161	167
2201	2204	2206	2211
2690	2693	2707	2711
199	211	222	239	243
1173	1175	1177	1189
1906	1913	1916	1919
1892	1899	1902	1905
1531	1534	1539	1548	1550	1558	1560	1562	1564	1566	1569	1570	1571	1572	1573	1574	1575	1577	1590	1592	1593	1601	1610	1611	1612	1613	1614	1615	1616	1617	1618	1619	1620	1622	1636	1637	1638	1639	1640	1648	1657	1658	1659	1660	1661	1662	1663	1664	1665	1666	1667	1668	1682	1684	1685	1686	1688	1702	1703	1704	1705	1706	1707	1708	1711	1712	1714	1715	1716	1717	1718	1719	1720	1721	1722	1723	1724	1725	1726	1727	1728	1729	1732	1735	1741	1743	1752	1761	1768	1778	1784	1796
1020	1022	1024	1028
1919	1932	1935	1938
200	203	206	209	212	217	229	236	239	240
2430	2436	2440	2445	2455
2239	2245	2248	2256	2264
152	159	164	171	184	197	211	212	226	228	236	248	249	257	266	280	290	296
1151	1155	1160	1164
2299	2308	2313	2316
1012	1021	1027	1033	1040	1046	1048	1056	1063
2523	2529	2532	2537
165	170	178	180
782	789	793	798	805	813	820
2319	2325	2332	2335	2337
1042	1046	1048	1051
1387	1389	1393	1397	1406	1413
1970	1972	1977	1983
780	782	788	792	890	899	907	912	918	925	928
1152	1154	1160	1163	1173	1199	1204	1205	1206	1207	1208	1209	1218	1242	1253	1254	1255	1261
2700	2711	2715	2719
810	816	819	828	836
2220	2225	2227	2231	2238	2242	2252
1045	1048	1051	1053
964	968	975	978
165	171	175	184	189
2050	2052	2055	2058
141	146	151	157
2950	2952	2956	2967	2976	2988	2996	3005	3011	3014	3063	3067	3082	3083	3084	3086	3097	3113	3123	3136	3174	3178	3190	3196	3198	3199	3202	3203	3204	3205	3216	3221	3227	3233	3240	3245	3257	3265	3273	3277	3281	3284	3292	3294
3072	3076	3082	3092
168	171	174	178
599	601	603	606
165	167	169	175	449	458	467	475	488	501	514	528
2919	2926	2929	2932
133	143	151	163
1129	1136	1142	1147	1152
2049	2052	2054	2056	2062	2071	2081	2084	2095
2850	2857	2862	2865
1919	1923	1927	1933
2560	2564	2567	2570
1040	1045	1053	1061	1077	1086	1098	1099	1113	1124	1142	1150	1155	1165	1177	1185	1191	1197	1206	1254	1257
3420	3423	3437	3440
162	165	167	175	176
3141	3143	3145	3149
1499	1518	1532	1534
2537	2545	2548	2551
1250	1257	1260	1265	1273
1120	1122	1124	1129	1134	1140	1146	1155	1159	1160	1161	1164	1166	1167	1168	1170	1171	1180	1194	1206	1234	1245	1295	1319	1336	1338	1342	1370	1395	1410	1411	1412	1414	1425	1441	1451	1464	1477	1505	1509	1513
1590	1595	1598	1601
1633	1642	1646	1649
1760	1764	1766	1768
1905	1909	1912	1917	1923
2479	2481	2483	2485	2494	2498	2548	2549
3410	3412	3414	3418	3420	3426	3427	3432	3434	3440
2640	2645	2647	2650	2669
2839	2842	2845	2849
722	730	735	740	747	753	759	770	775	779	781	786	795	803	805	813
2919	2923	2926	2928
1614	1616	1619	1621
1157	1160	1163	1167
2269	2273	2277	2279
136	143	156	163	177
1800	1804	1810	1816	1822
3023	3033	3037	3040
860	863	866	869	877
2440	2445	2449	2455
1230	1237	1242	1245
2200	2203	2205	2210	2213
179	181	188	190	197
3210	3214	3217	3219	3227	3230	3236	3245
141	148	155	159	168
2610	2612	2616	2623
2490	2493	2495	2505	2516	2520	2524	2534	2544
31	36	45	47	53	58	59	64	69	70	75	77	80	85	105	118	127	141	142	152
3170	3173	3175	3181
913	918	920	923
1602	1606	1612	1622	1624	1632	1637	1642	1645	1665	1673	1674	1677	1678	1680	1681
3053	3058	3061	3064
1901	1906	1916	1918	1925	1931	1937	1942	1953	1954	1955	1956	1959	1960	1962	1968	1980	2029	2032	2035	2039	2043	2046	2063	2065	2067	2068	2118	2120	2121	2122	2124	2125	2126	2129	2135	2148	2154	2159	2169	2171
729	732	734	740	743	749	753	761	769	775	781	786	791	799	804	810	821	829	830
135	143	149	158	171	179
2390	2395	2399	2402
2140	2153	2158	2166	2176	2177	2178	2186
1261	1264	1270	1277
1600	1606	1610	1614	1616	1618	1620	1621	1622	1623	1624	1625	1627	1642	1655	1658	1659	1660	1661	1662	1663	1664	1665	1667	1669	1671	1676	1677	1678	1681	1684	1691	1694	1700	1712	1718	1738	1740	1747	1754	1793	1797	1801
1409	1412	1416	1418
2200	2204	2206	2211
1213	1218	1221	1226	1233	1240
1952	1960	1963	1966
161	169	178	184	193
1479	1488	1492	1499	1515	1524	1530	1562	1567	1574	1581	1589	1599	1608	1620	1622	1630	1634	1641	1647	1649
1560	1569	1573	1576	1582	1594
3460	3463	3477	3481
1111	1114	1116	1122	1125
2929	2933	2937	2944
2980	2983	2986	2989	2995	3001	3006	3017
2989	2992	2996	3010	3288	3289	3567	3573	3592	3610
167	173	180	186
3411	3436	3449	3455	3460	3510	3517	3518	3527	3535	3536	3548	3557
3279	3283	3285	3289
2552	2558	2570	2578	2586	2596	2602	2610	2616	2621	2622	2627	2660	2661	2665	2671	2672	2675	2697	2703	2709	2710	2726	2732	2740	2749	2771	2781	2791	2804	2813	2815	2865	2915	2965	3015	3065	3115	3165	3215	3265	3315	3365	3367	3369	3419	3469	3519	3569	3619
1859	1864	1869	1873	1879
1529	1541	1545	1551
2731	2735	2744	2748	2752	2760	2766	2771	2777	2784	2788	2790	2795	2798	2802
2779	2783	2786	2790
1639	1646	1649	1652
1529	1536	1538	1546
922	931	936	940	957	964	973	978
647	652	657	660	668	673	674	893	900	944	947	983	984	987	1000	1009	1012	1017	1029	1034
3126	3130	3133	3137
143	145	149	154	155	166	171
2410	2414	2421	2424	2434
2451	2460	2464	2467
1260	1262	1264	1271
1849	1851	1854	1857	1858
1780	1782	1786	1789	1792	1797
2130	2132	2134	2137
829	837	848	854	867	871	875	890	904	907	913	919	923	932	940	946	956
2531	2535	2538	2542
166	172	180	188
170	179	189	193
2499	2504	2508	2516
153	158	172	184
1220	1228	1231	1236	1243	1247	1257
597	619	623	625
644	646	649	651	656	661	665	672	681	685	689	701	706	709	714	722	727
583	585	587	589
2029	2034	2037	2048	2056
153	156	164	172	193
830	838	841	843	851
1150	1154	1157	1160
2240	2243	2245	2247
189	194	197	201
1027	1031	1034	1039	1045
1930	1932	1934	1936	1938	1941	1944	1951
1044	1054	1057	1062
2249	2252	2254	2256
166	172	175	178
2011	2015	2021	2025	2032	2049
1170	1175	1188	1195	1201	1298	1307
626	628	631	634	636	638	639	689	693	700	708
1000	1007	1011	1018	1024
679	684	689	691
900	903	906	910	918
2490	2493	2498	2505
2290	2293	2297	2300
1730	1735	1737	1742	1744	1746	1751	1752	1756	1758	1759	1809	1812	1815	1818	1823	1825	1826	1827	1828	1829	1830	1831	1832	1833	1834	1835	1836	1837	1838	1839	1840	1841	1842	1843	1845	1847	1849	1850	1851	1852	1853	1854	1855	1858	1859	1862	1865	1866	1869	1870	1871	1872	1873	1874	1875	1884	1892	1894	1896	1897	1912	1914	1915	1916	1917	1918	1919	1920	1921	1924	1926	1928	1930	1932	1933	1934	1935	1936	1937	1939	1940	1941	1942	1945	1958	1969	1997	2007	2020	2032	2044	2049	2051	2101	2151	2155	2163	2191	2201	2217	2228	2233	2235	2285	2335	2385	2435	2485	2535	2585	2635	2685	2735	2785	2835	2885	2935	2985	3035	3085	3135	3185	3235	3285	3335	3385	3435	3485	3535	3585	3635
1556	1564	1568	1571
2340	2343	2346	2349	2354
172	176	178	187	194	204	217	222	234	241	246	254	255	262	266	272	322	326	332	335	336
138	143	147	160	161
2779	2786	2790	2794	2803
1762	1766	1770	1772
541	546	548	552	560
2210	2214	2218	2222
173	180	188	193	202
583	585	598	600
1549	1551	1553	1555
131	135	139	144	158
2360	2362	2375	2377
2609	2611	2615	2619
1350	1364	1367	1369
176	180	187	189	196	201	209
1010	1015	1020	1023	1031	1036	1055	1066	1076
378	381	385	388	393	417	424
1070	1074	1077	1080
2069	2074	2076	2081	2094
3059	3063	3068	3070
1339	1346	1349	1353	1358
1175	1179	1182	1186
1690	1696	1699	1701	1750	1757	1767	1770	1771	1777	1786	1794	1799
2050	2057	2059	2067
2199	2203	2211	2217	2224	2233	2237	2244
161	167	170	184	185	190	196	210	217
1272	1280	1285	1290	1297
626	628	630	634
2400	2403	2406	2409	2416	2418	2419	2423	2429
1689	1693	1697	1699	1704
1566	1576	1580	1583
172	187	195	211	221
1780	1783	1786	1789	1792
1492	1499	1504	1508
161	166	174	176	183
1929	1932	1934	1938	1949	1952	1953	1956	1957	1958	1961	2011	2017	2027
159	162	164	166
2740	2743	2745	2748
159	166	174	179	188
1661	1665	1675	1677
1589	1595	1598	1601	1608	1614
2880	2882	2887	2891
711	714	716	720	728	737
644	655	667	671	679	684	687	690	698	706	718	723	730	736	742	747	758	759	760	761	763	813	822	828	834	842	846	852	864	868	877	884	892
894	910	915	922
945	961	967	972
1020	1024	1029	1031
3232	3239	3243	3247	3254	3260	3262	3270	3280
1894	1899	1902	1905
2360	2362	2376	2390
838	842	844	848	852	853	854	859	867	872	883
472	475	478	480	486	495	500	501	502	510
1710	1712	1716	1718
1350	1352	1354	1358
3020	3025	3028	3031	3039	3044	3045
1199	1201	1205	1209
1099	1109	1111	1113
2371	2374	2376	2380	2387	2388	2391	2399
1162	1168	1173	1176	1181	1213	1221
1352	1361	1367	1372	1379
2540	2544	2546	2549
2601	2605	2608	2611	2620	2627	2632	2641	2646	2649	2661	2672	2673	2679	2688	2696	2708	2716	2717	2730	2744	2749	2756	2762
3499	3501	3506	3510	3513	3522	3532	3542	3550	3551	3553	3559	3565	3569	3572
3360	3383	3389	3392
143	147	154	156	163
2989	2992	2994	3005
2661	2665	2667	2669	2673
600	603	605	608	615
1080	1085	1087	1092	1104
282	286	288	290
1970	1973	1985	1990	1996
3530	3532	3540	3544	3552
175	179	181	183
1770	1772	1774	1779
162	169	176	181	190
180	184	187	190	196	205	209	216	217
3021	3028	3037	3041
1120	1123	1128	1131	1134	1135	1140
2980	2985	2988	2990
1409	1411	1413	1415	1430	1442	1447	1456	1471	1489	1498
2211	2236	2248	2253	2262	2274	2282	2291	2297	2300	2349	2353	2368	2374	2380	2384	2388	2394	2400	2404	2408
1407	1410	1412	1425
2851	2858	2860	2865	2870	2880
3299	3302	3305	3308	3314	3323	3328
135	146	159	166	175
1610	1614	1627	1634	1640	1737	1746	1753	1758	1765	1773	1777	1778	1779	1780	1783
167	169	174	179
1449	1452	1457	1460	1479	1486	1491	1502	1510	1520	1532	1541	1558	1583	1591	1594	1595	1609	1616	1620	1632	1642	1643	1651	1660	1667	1672	1675	1681	1695	1702
2751	2770	2774	2778
1700	1705	1708	1712	1722
1840	1850	1861	1865	1875
740	742	745	749
2170	2174	2176	2181	2188	2190
156	162	169	173
1031	1034	1036	1042
3041	3044	3048	3050
1592	1595	1597	1603
1740	1745	1747	1753
223	235	240	244
3019	3022	3027	3029
1879	1884	1887	1890
1489	1491	1493	1503	1514	1518	1522	1532	1542	1545
197	199	203	205	210	215	219	226	239	244	245
3501	3505	3507	3509
142	144	151	158	164	184
3082	3089	3093	3098	3105	3113	3114	3120	3126
1870	1873	1875	1879
1699	1702	1704	1706	1713
2561	2565	2570	2576	2585	2594	2601	2611	2621	2631	2632	2633	2643	2659	2668	2677	2691	2701	2705	2714	2736	2746	2796	2846	2896	2946	2959	2968	2973	2981	2985	2987	2988	2989	2990	2991	2992	2993
1399	1401	1413	1417	1429	1436	1441	1442
2840	2851	2855	2859
3580	3583	3586	3588
179	183	187	192
2740	2742	2746	2748	2755
2730	2732	2736	2745
2389	2394	2396	2399
2180	2183	2189	2192	2202
943	948	951	954	963
2302	2310	2314	2318	2335	2336
1870	1873	1880	1889	1898	1917	1918	1919	1920	1929	1936	1937	1944	1968	1979	1989	1995	2004	2014	2015	2023	2032	2039	2044	2047	2056	2066	2079	2093	2098	2101	2102	2108	2112	2124	2134	2139	2147	2165	2169	2174	2178	2186	2207
1829	1833	1840	1844	1847
151	160	163	175	189
1459	1461	1463	1467
170	173	182	186	200
2040	2044	2051	2054	2064
2082	2091	2095	2098
3160	3164	3166	3168
1659	1663	1666	1668
1589	1591	1594	1598
680	685	688	690	697	714	723	734	737
2931	2938	2941	2952
2030	2042	2046	2048
144	151	159	163	172
3369	3371	3374	3376	3380	3386	3393	3402
881	889	892	895
1219	1227	1233	1235
2329	2332	2336	2338
143	146	148	156	157	162
1999	2003	2005	2008	2017
2930	2933	2946	2949
2900	2904	2911	2914	2924	2925
2560	2564	2568	2571	2577	2586	2591	2597
1270	1273	1275	1278
1385	1396	1400	1404
1111	1117	1130	1140
850	853	857	859
2660	2664	2667	2671
1502	1508	1513	1517	1567	1571	1583	1591	1592	1593	1594	1595	1597	1600	1601	1602	1606	1615	1621	1628	1634	1636	1637	1638	1639	1640	1641	1642	1646	1653	1659	1664	1670	1676
2180	2184	2188	2191	2207	2219	2227	2237	2239	2243	2259	2269
1540	1543	1546	1548
1673	1678	1680	1683	1686	1694
928	936	939	942
2829	2833	2837	2839
1429	1432	1435	1438
2699	2701	2704	2710
1840	1845	1847	1849
849	852	854	856
146	151	155	161
3503	3512	3516	3521
2338	2346	2350	2353
1149	1154	1160	1164
2580	2582	2584	2587	2590	2594	2595	2596	2597	2647	2648	2649	2650	2651	2652	2653	2654	2655	2705	2706	2707	2708	2709
169	177	185	190	199
2780	2784	2787	2789
1045	1051	1057	1061
2680	2684	2690	2696	2703
3229	3238	3242	3246
2119	2122	2124	2126	2131
1121	1124	1129	1138	1140	1146	1149	1152	1158	1160	1169	1178	1185	1195	1205	1221	1228	1233
2651	2655	2658	2662	2671	2678	2683
180	185	193	195	202
1149	1151	1154	1158
176	178	181	185	188
1280	1283	1285	1287	1297	1357	1362	1371	1380	1388	1393	1399	1410	1414	1424	1430	1433	1437	1445	1451	1456
1899	1912	1914	1917
2689	2695	2701	2705
2300	2309	2312	2314	2322
1409	1412	1414	1421	1433	1436
3102	3105	3108	3112	3119	3126
1879	1881	1884	1887	1893	1895
2960	2963	2965	2970
3590	3592	3594	3597
2617	2625	2628	2631
628	640	642	644	653
2414	2423	2427	2430
176	178	183	186
1660	1662	1670	1672	1675	1679
169	172	174	181	188	194
1700	1704	1707	1709	1715	1716	1720
1761	1763	1766	1771
168	173	177	183
1990	1993	1997	1999
810	816	818	821
2089	2092	2095	2098
2552	2555	2559	2562	2659	2668	2675	2680	2687	2693	2697
2081	2092	2097	2100	2104
2179	2186	2189	2193	2200
847	849	855	858	868
159	166	177	180	187	197	205	209	219
2172	2176	2178	2180
1151	1176	1188	1193	1202	1210	1211	1224	1238	1243	1250	1256
170	176	180	188
3502	3512	3518	3523	3540	3547	3556	3561	3566
1899	1901	1903	1906
1994	1999	2002	2007	2014
1868	1874	1877	1882	1886	1888	1890
2175	2186	2190	2194
176	179	183	189
184	190	194	204
1440	1444	1446	1451	1458	1465	1466
2810	2814	2816	2818	2828
1443	1449	1462	1466	1471	1473	1480	1489	1504	1516	1518	1524	1541	1576	1587	1598	1626	1630	1631	1634	1684	1734	1784	1788	1789	1792	1842	1892	1942	1992	2042	2044	2050	2092	2096	2111	2112	2113	2115	2126	2142	2152	2165	2200	2211	2261	2272	2300
2785	2795	2799	2802
883	897	901	903
2240	2242	2244	2246	2256
2040	2046	2055	2057	2075	2082	2089	2097	2109	2118	2122	2128	2137	2170	2178	2190	2198	2212	2225	2235	2246	2251	2264	2267	2271	2276	2279	2280	2283	2284	2285	2286	2287	2288	2289	2290	2292	2307	2309	2310	2312	2313	2314	2328	2330	2331	2332	2333	2334	2335	2336	2337	2339	2354	2355
1289	1293	1300	1304
563	571	574	577	582	587
2039	2041	2043	2046
156	159	161	164
202	206	209	213	224	227	233	248	260	265	270	287	289	290	291	292	293	295	301	314	324	360	375	396	399	407	419	423	427	431	435	439	443	447
2530	2534	2537	2540	2548	2554	2564	2569
142	147	152	158
289	292	301	306
740	742	744	748
3339	3343	3345	3350
173	178	182	185	191	196	201	202	203
1219	1221	1224	1227	1237	1240	1250	1255
142	150	158	162
899	902	909	918	927	931	937	939	943	947	951	954	963
138	146	151	160	166	179	191	198	201	217	227	238	246	264	270	274	277	278	279	282	287	289	290	292	294	295	296	298
2762	2771	2776	2780	2797	2804	2812	2815	2819	2825	2833	2836	2839	2846	2848	2856	2906	2912
420	426	436	438	445	451	457	462	473	474	475	477	478	479	480	489	495	501	509	513	519	531	539
1729	1732	1735	1738
1299	1315	1317	1320
826	828	831	833	845
1849	1852	1855	1860	1867	1875
2799	2801	2806	2809
2362	2366	2374	2379
2681	2685	2687	2694	2697
1390	1392	1394	1396	1405
1430	1441	1445	1449
2789	2791	2798	2802	2821	2828	2837	2844	2850	2852	2856	2857	2858	2908	2909	2914	2922	2929
1930	1934	1941	1943	1951	1955
1970	1976	1978	1985
168	175	186	189	196
134	137	141	146	156
2419	2425	2427	2430	2436	2442	2447	2452	2459	2467
2488	2498	2502	2505	2509
3049	3053	3057	3061	3065
2749	2753	2761	2765	2769	2777	2783	2789	2798	2848	2857	2863	2869
2133	2139	2142	2145	2154	2161	2166	2175	2183	2184	2189	2192	2194
919	923	925	929
180	184	188	193
337	340	352	359
2620	2622	2635	2638	2645
2220	2224	2227	2231	2236	2241	2242	2255	2268
1210	1215	1221	1223	1241	1248	1255	1263	1269	1271	1277	1289	1298	1315	1324	1335
172	174	182	190	196	215
1829	1836	1840	1844
2450	2452	2455	2459
711	714	716	721	727	733	737	746	749	753	754	755	759	764
1991	1996	1998	2000	2010	2021	2022	2030	2043	2052	2053	2103	2153	2159	2174	2180	2183	2261	2268	2275	2353
2039	2044	2052	2054	2072	2079	2085	2093	2097	2111	2125	2132	2139	2156
198	200	204	206	210	218	230	232
1200	1204	1209	1213	1220	1228	1232	1236	1244	1250
3050	3055	3060	3062
2179	2181	2184	2186
136	141	146	152
1590	1596	1598	1602
146	151	160	162	169
1761	1764	1766	1772	1775	1778	1794	1795	1811	1814	1817	1828	1833	1838	1848
2511	2518	2521	2529	2538	2550	2559	2563	2566	2570	2580	2584	2585	2594	2600	2604	2607	2611	2615	2616	2666	2675	2688	2696	2697	2708	2717
2699	2702	2706	2709
2263	2271	2275	2279
2549	2559	2563	2567
211	215	221	226	231	235	236
156	161	169	171	179	181	188	192
170	177	182	200	201	206
1369	1375	1384	1410	1417	1423	1425	1433	1442	1460	1464	1472	1479	1484	1489
2840	2844	2846	2848
580	584	592	597
1729	1732	1736	1740	1748	1754	1761	1767	1769	1773	1781	1785	1786	1791
2999	3012	3015	3019
1750	1754	1756	1763
1320	1322	1324	1326	1328	1336	1343	1349	1356
171	175	184	192
176	179	181	185
1290	1299	1319	1327	1336	1344	1347	1354	1356
2730	2738	2741	2744
2520	2524	2537	2547	2549
1550	1554	1557	1560	1569	1570	1573	1581
1770	1772	1774	1776	1782	1788	1792	1795	1798	1801	1804	1811	1813	1814	1815	1816	1817	1819	1820	1822	1823	1824	1825	1826	1827	1830	1837	1841	1847	1852	1858	1864	1871	1876	1888	1896	1904	1908
597	601	604	608
781	784	787	790	798
1781	1785	1792	1805	1808	1814	1817	1820	1821	1824	1829	1833	1836	1837	1845	1854	1861	1866	1869	1870	1875	1884	1894	1904	1905	1908
1820	1823	1833	1839	1847
149	157	166	171
159	162	165	167	175	180	399	404	449	454	468	475	483	486	492	497	509	510
3190	3193	3195	3205
1717	1730	1736	1738	1739
2531	2540	2542	2548
1209	1216	1221	1223
2136	2152	2154	2157	2162	2163	2168
2989	2996	3002	3008	3010	3060	3064	3070	3074	3078	3088	3095	3103	3104
2390	2394	2397	2401
3110	3117	3125	3127	3132	3164	3166	3170	3181	3189	3205	3215	3253	3290	3327	3377	3427	3477	3527	3568	3586	3587	3592	3595	3645
155	161	165	179
831	835	837	840
305	309	312	315	318	330	332	333	383	433	435	437	439	441	442	443	444	445	446	447	448	455	471	472	522	523	542	546	547	548	549	550	551	552	553	554	555	556	557	558	562	566	567	568	569	570	571	572
2069	2071	2074	2076
2449	2453	2459	2464	2471	2479	2485	2488
2059	2069	2071	2086	2094	2102	2107	2113	2120	2123	2126
3091	3095	3101	3103
2630	2635	2637	2642
2271	2275	2278	2282
137	141	146	148	153	162	169	179	192	199	205	218	232	234	240	277	280	295	303	311	316	328	338	346	352	360	365	366	430	431	439	456	470	475
110	117	119	121	124	125	127	131	181
1048	1052	1063	1065	1072
2940	2947	2950	2955	2963
1259	1261	1267	1270	1544	1553	1566	1572	1573	1628	1643	1654	1661	1672	1683	1694	1697	1703	1707	1717	1726	1737	1742	1761	1765	1770
2820	2823	2827	2830
1711	1725	1730	1735
390	401	411	416	423	431	438	445	449	460	470	477	487	489	490	491	504	514
3229	3231	3235	3240
1281	1283	1295	1304	1343
170	174	179	184
561	565	569	571	579	584	603	614	624	631	647	650	653	666	679	683	691	699	704
757	760	762	766	774	780	783	784	785	786	787	791	799	803	809	813	818	829	832	849	857	865	870	877	886	897	912	920	932	942	950	956	974	981	988	996	1001	1003
1769	1772	1777	1779
1817	1825	1828	1831
1220	1223	1226	1228	1234	1243	1247	1256	1263
214	226	237	254
2064	2067	2069	2074	2077	2080	2092	2104	2153	2157	2172	2173	2174	2175	2176	2178	2181	2182	2183	2184	2185	2235	2244	2250	2256	2264	2268	2274	2286	2290	2302	2307	2310	2314	2322	2327
231	234	237	241	249	250	269	276
647	650	654	664	671	679	686
1441	1444	1446	1448	1455	1466	1477
157	160	164	167	176	183	184
3090	3093	3096	3098	3101
650	658	665	670	676	682	687	692
79	82	85	87	91	95	99	108	114	121	129	134	142	145	148	149	157
2890	2897	2905	2907	2912
176	178	182	187
1940	1944	1947	1958	1966
2500	2502	2506	2508
1859	1864	1868	1882
2579	2581	2585	2587
2079	2084	2087	2092	2102	2108	2113	2121	2130	2228	2233	2238
1969	1973	1978	1982	1987	2018	2030
2370	2377	2380	2385	2393
1890	1907	1913	1919
3094	3100	3103	3105
2960	2964	2967	2969
3400	3408	3417	3421	3429
2349	2351	2363	2366	2377	2383
1740	1750	1763	1765	1772	1777	1783	1790	1798	1804	1805	1855	1857	1858	1860	1861	1863	1865	1866	1868	1870	1871	1874	1881	1893	1909	1946	1957	1969	1975	1977	1978	1986	2020	2033	2050	2052	2056	2058	2063	2064	2068	2070	2072	2075	2125	2126	2127	2177	2182	2184
1678	1685	1688	1691
1820	1825	1828	1836	1843
165	171	178	182	191
3132	3135	3137	3139
2379	2382	2385	2387
2110	2113	2115	2117
1570	1572	1574	1576
3379	3382	3385	3389	3394	3399	3405	3410	3420	3422
3390	3393	3395	3400
173	179	184	191
650	656	659	662
3520	3530	3532	3534
2729	2731	2733	2738
920	922	924	926	932	939	946	954	965	975	986	988	1003
2371	2396	2408	2412	2421	2433	2443	2454	2466	2471	2476	2493	2495	2497	2498	2548	2549	2551	2557	2570	2580	2616	2631	2646	2649	2652	2655	2705	2755	2805	2855	2905	2955	3005	3055	3105	3155	3205	3255	3305	3308	3311	3361	3411	3461	3511	3514	3517
979	993	995	998
150	159	169	175
749	754	760	766	863	872
2371	2378	2382	2391	2397
551	555	557	559	569	580	581	589	602	610	615	617	621	630	635	648	654	655	661	670	681	688	696
611	618	620	624
1360	1366	1369	1373	1383
1490	1496	1498	1502
2969	2972	2974	2976
1490	1499	1503	1505	1513	1516
1120	1123	1128	1131
2630	2640	2651	2653	2661	2665
1898	1909	1913	1917
143	147	152	160	165
120	124	128	132	136	144	147	155	159
2200	2207	2211	2227	2235
169	175	180	187
3010	3013	3018	3022	3027	3031	3032
2019	2022	2026	2028	2039	2043	2044	2048	2059	2062	2072	2075	2082	2089	2095	2104	2108	2112	2121	2127	2134	2142	2145	2148	2155
171	178	184	192
1240	1244	1246	1252	1260	1265	1275	1281
1682	1693	1697	1701
1930	1940	1945	1951	1957
660	663	667	672	680	682	688	692	693	697
2709	2715	2719	2722	2732	2734	2735	2737	2740	2741	2750	2754
1210	1217	1222	1227	1231	1235
1125	1128	1130	1135	1142
2249	2254	2257	2264
2261	2266	2269	2273	2282
1044	1049	1052	1055
1929	1934	1938	1940
2210	2214	2217	2225
820	823	825	829	833
1590	1592	1594	1599	1602	1603	1608
1650	1657	1659	1663	1666	1667	1671	1676
1530	1537	1547	1556	1573	1582	1594	1604	1618
2310	2319	2329	2333	2342	2349
1993	1999	2002	2006
3489	3496	3498	3500	3512	3514	3525	3531
1885	1893	1897	1899
2750	2762	2764	2768
2911	2915	2918	2921	2930	2937	2942
2649	2655	2661	2664	2670	2679	2683	2690
1709	1720	1724	1728
1650	1653	1655	1657	1672	1673
2730	2734	2736	2742
1240	1244	1250	1257
1480	1483	1486	1488	1498	1502	1503
141	149	159	164
177	182	189	191
3391	3395	3398	3402
2410	2414	2416	2422	2425
1996	2001	2005	2010
1889	1891	1903	1906	1917	1924	1934	1938	1942	1949	1957	1962
2059	2064	2067	2075	2083	2144	2148	2178	2181	2184	2187	2206	2212	2214	2215	2216	2218	2221	2222	2223	2227	2236	2242	2248	2253	2260	2268	2274	2281	2291	2295	2299	2306	2314	2319
1031	1037	1042	1045
21	23	33	36	37	43	57	69	97	123	126	176	226	276	326	376	379	380	384	386	388
1137	1152	1158	1163	1200	1211	1223	1229	1231	1232	1241	1255	1267	1316	1320	1335	1336	1337	1339	1350	1366	1376	1389	1424	1435	1485	1523	1525	1527	1577	1627	1629	1630	1680	1730	1733
581	590	592	597	602	608	614	623	627	628	629	634	643	658	664	667	671	675	678	686	696	700	704
15	18	20	22	28	41	50	58	70	80	88	99	112	144	152	169	172	177	202	210	221	251	267	274	285	293	295	306	312	317	354	356	360	377	397
27	29	33	38	56	63	74	82	89	97	109	120	133	134	135	148	156	164	173	178	180	184	189	200	201	203	205	241	248	252	261	270	275	285	286	287	296	304	311	316	321	358	360	361	363	373	379	380
701	710	712	715
719	730	741	743	749	757	770	776
780	783	785	788	806	813	820	828	838	844	853	901	908	910	916	927	932	942	956	963	968	976	982
581	587	589	591
