0	116
1	23
2	6
3	22
4	11
5	5
6	8
7	13
8	26
9	8
10	85
11	135
12	14
13	161
14	180
15	33
16	150
17	153
18	9
19	15
20	10
21	7
22	134
23	23
24	15
25	9
26	13
27	65
28	6
29	22
30	17
31	6
32	20
33	123
34	28
35	5
36	29
37	13
38	31
39	13
40	116
41	75
42	24
43	16
44	33
45	15
46	12
47	30
48	87
49	10
50	9
51	33
52	34
53	50
54	106
55	13
56	16
57	7
58	21
59	6
60	3
61	31
62	221
63	22
64	30
65	10
66	12
67	14
68	9
69	12
70	19
71	26
72	9
73	8
74	11
75	13
76	5
77	148
78	38
79	80
80	17
81	13
82	136
83	33
84	46
85	4
86	177
87	8
88	19
89	11
90	30
91	63
92	23
93	16
94	89
95	119
96	14
97	7
98	12
99	12
100	160
101	103
102	23
103	55
104	21
105	48
106	14
107	92
108	6
109	32
110	69
111	14
112	11
113	23
114	130
115	87
116	30
117	17
118	13
119	27
120	10
121	8
122	30
123	23
124	42
125	22
126	15
127	6
128	100
129	81
130	6
131	80
132	27
133	147
134	26
135	47
136	93
137	33
138	9
139	23
140	128
141	92
142	29
143	63
144	16
145	87
146	21
147	5
148	13
149	69
150	203
151	32
152	11
153	54
154	36
155	60
156	21
157	36
158	22
159	146
160	16
161	7
162	143
163	37
164	119
165	26
166	130
167	132
168	22
169	13
170	106
171	30
172	10
173	21
174	12
175	31
176	35
177	2
178	31
179	85
180	38
181	51
182	143
183	3
184	26
185	153
186	12
187	14
188	80
189	18
190	14
191	6
192	25
193	80
194	14
195	31
196	16
197	63
198	35
199	20
200	16
201	30
202	170
203	22
204	16
205	5
206	66
207	103
208	15
209	58
210	29
211	14
212	30
213	7
214	11
215	25
216	131
217	101
218	32
219	22
220	34
221	67
222	62
223	38
224	33
225	24
226	41
227	35
228	79
229	66
230	133
231	8
232	10
233	38
234	125
235	23
236	18
237	157
238	96
239	27
240	8
241	14
242	6
243	26
244	26
245	21
246	28
247	26
248	30
249	31
250	11
251	19
252	11
253	86
254	27
255	17
256	33
257	7
258	13
259	19
260	31
261	8
262	13
263	49
264	142
265	44
266	59
267	13
268	30
269	15
270	75
271	62
272	28
273	7
274	25
275	39
276	96
277	7
278	144
279	10
280	12
281	24
282	5
283	30
284	17
285	5
286	23
287	34
288	33
289	85
290	14
291	36
292	84
293	31
294	22
295	59
296	70
297	3
298	14
299	22
300	13
301	21
302	20
303	161
304	107
305	21
306	6
307	20
308	57
309	15
310	53
311	21
312	28
313	103
314	234
315	43
316	68
317	11
318	7
319	23
320	178
321	25
322	48
323	163
324	11
325	22
326	195
327	71
328	8
329	54
330	241
331	23
332	12
333	28
334	5
335	5
336	10
337	42
338	40
339	84
340	29
341	16
342	118
343	24
344	159
345	7
346	138
347	8
348	7
349	26
350	6
351	16
352	37
353	9
354	155
355	21
356	36
357	79
358	23
359	10
360	34
361	14
362	38
363	124
364	91
365	3
366	18
367	6
368	40
369	104
370	10
371	6
372	142
373	25
374	91
375	15
376	10
377	114
378	179
379	9
380	74
381	7
382	10
383	85
384	5
385	37
386	10
387	23
388	17
389	120
390	20
391	32
392	14
393	23
394	26
395	9
396	8
397	26
398	369
399	32
400	7
401	5
402	28
403	16
404	176
405	41
406	34
407	9
408	22
409	9
410	41
411	84
412	81
413	8
414	11
415	14
416	66
417	22
418	60
419	48
420	96
421	101
422	118
423	10
424	20
425	319
426	137
427	43
428	129
429	22
430	39
431	133
432	23
433	81
434	117
435	114
436	142
437	159
438	27
439	30
440	33
441	125
442	178
443	23
444	14
445	9
446	10
447	90
448	15
449	32
450	77
451	17
452	14
453	6
454	9
455	18
456	8
457	14
458	14
459	68
460	25
461	31
462	6
463	17
464	103
465	8
466	14
467	94
468	9
469	9
470	7
471	124
472	26
473	90
474	29
475	9
476	14
477	86
478	95
479	10
480	125
481	19
482	11
483	18
484	21
485	33
486	5
487	27
488	171
489	28
490	7
491	38
492	105
493	13
494	5
495	12
496	27
497	96
498	5
499	167
500	12
501	103
502	24
503	152
504	12
505	126
506	139
507	21
508	6
509	19
510	13
511	25
512	107
513	69
514	26
515	33
516	117
517	14
518	5
519	146
520	33
521	37
522	94
523	28
524	15
525	14
526	14
527	7
528	66
529	16
530	18
531	136
532	22
533	9
534	118
535	60
536	5
537	7
538	16
539	66
540	23
541	102
542	98
543	48
544	8
545	10
546	188
547	144
548	17
549	43
550	99
551	113
552	76
553	5
554	22
555	10
556	8
557	26
558	48
559	90
560	130
561	10
562	28
563	42
564	11
565	7
566	13
567	10
568	24
569	29
570	65
571	97
572	111
573	22
574	10
575	18
576	51
577	46
578	84
579	28
580	14
581	11
582	22
583	108
584	13
585	34
586	145
587	50
588	108
589	25
590	81
591	31
592	22
593	68
594	21
595	8
596	14
597	158
598	5
599	108
600	9
601	8
602	9
603	69
604	11
605	25
606	155
607	141
608	8
609	131
610	10
611	8
612	14
613	22
614	17
615	6
616	22
617	58
618	121
619	8
620	23
621	29
622	108
623	15
624	16
625	204
626	117
627	13
628	23
629	61
630	13
631	12
632	66
633	34
634	81
635	77
636	84
637	5
638	9
639	125
640	21
641	15
642	10
643	44
644	94
645	30
646	29
647	14
648	85
649	4
650	44
651	81
652	33
653	79
654	121
655	14
656	131
657	33
658	7
659	77
660	41
661	88
662	40
663	98
664	7
665	9
666	11
667	38
668	119
669	18
670	21
671	11
672	7
673	91
674	16
675	33
676	6
677	6
678	14
679	9
680	134
681	87
682	142
683	27
684	54
685	7
686	21
687	146
688	75
689	192
690	40
691	6
692	30
693	22
694	18
695	17
696	27
697	27
698	9
699	14
700	125
701	178
702	84
703	22
704	10
705	42
706	92
707	87
708	27
709	145
710	43
711	7
712	22
713	48
714	18
715	162
716	5
717	4
718	48
719	153
720	13
721	6
722	12
723	7
724	95
725	9
726	24
727	7
728	17
729	83
730	8
731	52
732	110
733	7
734	3
735	6
736	13
737	5
738	10
739	5
740	11
741	5
742	68
743	44
744	18
745	27
746	86
747	5
748	40
749	115
750	125
751	12
752	22
753	37
754	9
755	7
756	6
757	18
758	14
759	6
760	76
761	212
762	6
763	83
764	133
765	33
766	7
767	111
768	30
769	84
770	47
771	25
772	12
773	25
774	35
775	64
776	45
777	10
778	32
779	19
780	22
781	159
782	73
783	9
784	23
785	17
786	140
787	15
788	7
789	7
790	16
791	117
792	8
793	26
794	29
795	81
796	7
797	11
798	47
799	161
800	10
801	5
802	6
803	17
804	235
805	30
806	19
807	20
808	124
809	22
810	19
811	114
812	7
813	19
814	26
815	37
816	54
817	120
818	25
819	26
820	67
821	10
822	46
823	111
824	20
825	15
826	22
827	15
828	7
829	115
830	7
831	18
832	60
833	250
834	38
835	102
836	86
837	140
838	50
839	11
840	159
841	16
842	11
843	16
844	35
845	55
846	19
847	40
848	43
849	80
850	31
851	73
852	27
853	18
854	10
855	156
856	109
857	16
858	139
859	67
860	19
861	13
862	14
863	22
864	86
865	157
866	5
867	10
868	5
869	33
870	9
871	25
872	32
873	36
874	36
875	16
876	168
877	22
878	118
879	40
880	132
881	108
882	23
883	24
884	17
885	19
886	21
887	17
888	137
889	12
890	59
891	5
892	32
893	71
894	151
895	30
896	25
897	20
898	9
899	34
900	80
901	6
902	24
903	20
904	20
905	8
906	70
907	146
908	5
909	22
910	22
911	10
912	164
913	83
914	137
915	108
916	11
917	18
918	79
919	17
920	20
921	102
922	12
923	6
924	8
925	10
926	14
927	17
928	13
929	14
930	11
931	8
932	7
933	30
934	89
935	25
936	31
937	16
938	79
939	6
940	69
941	27
942	32
943	21
944	118
945	23
946	87
947	188
948	118
949	43
950	66
951	10
952	14
953	107
954	17
955	92
956	14
957	4
958	20
959	108
960	35
961	10
962	13
963	8
964	18
965	20
966	142
967	23
968	5
969	119
970	25
971	20
972	31
973	64
974	5
975	25
976	36
977	23
978	39
979	89
980	13
981	9
982	7
983	16
984	11
985	44
986	12
987	18
988	4
989	20
990	108
991	34
992	88
993	3
994	21
995	29
996	27
997	14
998	24
999	20
1000	119
1001	20
1002	46
1003	111
1004	24
1005	7
1006	22
1007	184
1008	5
1009	13
1010	7
1011	137
1012	24
1013	75
1014	194
1015	98
1016	8
1017	111
1018	45
1019	112
1020	170
1021	10
1022	12
1023	6
1024	47
1025	78
1026	33
1027	17
1028	46
1029	16
1030	17
1031	31
1032	15
1033	28
1034	30
1035	8
1036	11
1037	7
1038	82
1039	24
1040	135
1041	113
1042	12
1043	6
1044	12
1045	130
1046	33
1047	25
1048	24
1049	9
1050	70
1051	6
1052	49
1053	38
1054	49
1055	147
1056	153
1057	4
1058	20
1059	187
1060	23
1061	9
1062	17
1063	145
1064	52
1065	37
1066	18
1067	14
1068	41
1069	208
1070	11
1071	12
1072	11
1073	28
1074	9
1075	8
1076	42
1077	106
1078	11
1079	32
1080	120
1081	11
1082	21
1083	154
1084	35
1085	25
1086	25
1087	11
1088	33
1089	10
1090	59
1091	19
1092	12
1093	14
1094	13
1095	24
1096	12
1097	29
1098	3
1099	100
1100	8
1101	26
1102	10
1103	2
1104	25
1105	33
1106	23
1107	7
1108	28
1109	44
1110	111
1111	20
1112	10
1113	33
1114	81
1115	36
1116	96
1117	21
1118	26
1119	16
1120	59
1121	6
1122	2
1123	9
1124	14
1125	17
1126	23
1127	38
1128	77
1129	8
1130	15
1131	8
1132	157
1133	64
1134	7
1135	14
1136	7
1137	13
1138	11
1139	10
1140	56
1141	19
1142	4
1143	15
1144	18
1145	158
1146	9
1147	36
1148	11
1149	52
1150	106
1151	30
1152	127
1153	43
1154	67
1155	102
1156	9
1157	17
1158	7
1159	100
1160	64
1161	16
1162	120
1163	5
1164	18
1165	20
1166	84
1167	100
1168	10
1169	32
1170	97
1171	8
1172	14
1173	23
1174	53
1175	32
1176	6
1177	19
1178	106
1179	6
1180	6
1181	5
1182	138
1183	20
1184	80
1185	33
1186	9
1187	24
1188	8
1189	8
1190	27
1191	106
1192	38
1193	101
1194	32
1195	114
1196	129
1197	12
1198	16
1199	32
1200	117
1201	6
1202	24
1203	23
1204	8
1205	12
1206	50
1207	115
1208	5
1209	65
1210	17
1211	183
1212	57
1213	21
1214	49
1215	79
1216	15
1217	94
1218	35
1219	157
1220	14
1221	15
1222	38
1223	92
1224	16
1225	8
1226	6
1227	24
1228	69
1229	159
1230	26
1231	23
1232	16
1233	88
1234	12
1235	139
1236	20
1237	103
1238	51
1239	28
1240	72
1241	165
1242	26
1243	28
1244	36
1245	8
1246	14
1247	7
1248	8
1249	23
1250	196
1251	25
1252	24
1253	167
1254	43
1255	91
1256	10
1257	15
1258	96
1259	18
1260	5
1261	7
1262	11
1263	6
1264	26
1265	10
1266	88
1267	8
1268	11
1269	84
1270	44
1271	75
1272	13
1273	32
1274	6
1275	15
1276	5
1277	12
1278	3
1279	8
1280	5
1281	14
1282	23
1283	26
1284	28
1285	23
1286	167
1287	8
1288	113
1289	10
1290	115
1291	23
1292	118
1293	8
1294	170
1295	18
1296	8
1297	12
1298	16
1299	155
1300	31
1301	22
1302	22
1303	60
1304	27
1305	32
1306	10
1307	24
1308	12
1309	8
1310	14
1311	15
1312	12
1313	18
1314	24
1315	131
1316	23
1317	80
1318	6
1319	39
1320	14
1321	20
1322	119
1323	173
1324	21
1325	41
1326	94
1327	43
1328	89
1329	65
1330	13
1331	14
1332	29
1333	72
1334	174
1335	7
1336	7
1337	14
1338	83
1339	101
1340	39
1341	101
1342	6
1343	36
1344	97
1345	35
1346	24
1347	39
1348	91
1349	33
1350	163
1351	99
1352	19
1353	154
1354	149
1355	50
1356	85
1357	20
1358	59
1359	149
1360	26
1361	27
1362	31
1363	147
1364	64
1365	127
1366	23
1367	5
1368	11
1369	12
1370	25
1371	137
1372	20
1373	88
1374	45
1375	24
1376	6
1377	37
1378	30
1379	131
1380	10
1381	24
1382	152
1383	72
1384	18
1385	125
1386	11
1387	11
1388	28
1389	7
1390	38
1391	84
1392	63
1393	110
1394	24
1395	14
1396	159
1397	77
1398	40
1399	8
1400	35
1401	188
1402	59
1403	16
1404	67
1405	17
1406	27
1407	94
1408	11
1409	151
1410	24
1411	126
1412	9
1413	34
1414	91
1415	28
1416	6
1417	29
1418	77
1419	15
1420	30
1421	150
1422	95
1423	28
1424	30
1425	118
1426	6
1427	22
1428	35
1429	89
1430	18
1431	17
1432	22
1433	7
1434	21
1435	12
1436	15
1437	117
1438	12
1439	7
1440	7
1441	22
1442	25
1443	8
1444	27
1445	89
1446	45
1447	87
1448	166
1449	19
1450	73
1451	84
1452	17
1453	14
1454	119
1455	98
1456	96
1457	19
1458	49
1459	10
1460	6
1461	10
1462	144
1463	25
1464	35
1465	246
1466	11
1467	87
1468	89
1469	10
1470	211
1471	90
1472	100
1473	101
1474	24
1475	22
1476	13
1477	27
1478	168
1479	38
1480	41
1481	14
1482	8
1483	3
1484	50
1485	114
1486	6
1487	7
1488	93
1489	233
1490	6
1491	8
1492	17
1493	210
1494	71
1495	10
1496	30
1497	9
1498	9
1499	8
1500	46
1501	11
1502	10
1503	93
1504	110
1505	129
1506	6
1507	14
1508	8
1509	221
1510	134
1511	16
1512	6
1513	55
1514	186
1515	5
1516	6
1517	41
1518	187
1519	19
1520	150
1521	172
1522	173
1523	146
1524	42
1525	41
1526	178
1527	7
1528	21
1529	18
1530	105
1531	3
1532	8
1533	95
1534	101
1535	18
1536	87
1537	54
1538	34
1539	92
1540	71
1541	117
1542	11
1543	10
1544	11
1545	12
1546	6
1547	112
1548	18
1549	88
1550	6
1551	153
1552	29
1553	11
1554	40
1555	59
1556	7
1557	25
1558	16
1559	9
1560	6
1561	98
1562	37
1563	6
1564	12
1565	33
1566	33
1567	17
1568	16
1569	13
1570	116
1571	17
1572	10
1573	22
1574	21
1575	133
1576	5
1577	82
1578	2
1579	16
1580	107
1581	6
1582	129
1583	10
1584	10
1585	15
1586	86
1587	6
1588	130
1589	187
1590	21
1591	6
1592	2
1593	18
1594	19
1595	8
1596	23
1597	13
1598	6
1599	19
1600	18
1601	13
1602	10
1603	13
1604	5
1605	9
1606	145
1607	19
1608	36
1609	122
1610	32
1611	77
1612	22
1613	11
1614	115
1615	22
1616	17
1617	26
1618	131
1619	48
1620	11
1621	9
1622	7
1623	23
1624	10
1625	33
1626	64
1627	26
1628	14
1629	23
1630	20
1631	143
1632	10
1633	24
1634	22
1635	35
1636	20
1637	22
1638	5
1639	27
1640	18
1641	31
1642	111
1643	112
1644	132
1645	118
1646	112
1647	5
1648	146
1649	5
1650	8
1651	12
1652	34
1653	12
1654	12
1655	90
1656	9
1657	13
1658	7
1659	25
1660	125
1661	15
1662	37
1663	5
1664	9
1665	91
1666	153
1667	26
1668	29
1669	57
1670	10
1671	237
1672	136
1673	128
1674	19
1675	35
1676	5
1677	14
1678	103
1679	34
1680	6
1681	60
1682	120
1683	26
1684	4
1685	55
1686	10
1687	9
1688	36
1689	31
1690	42
1691	54
1692	19
1693	139
1694	20
1695	14
1696	2
1697	56
1698	94
1699	7
1700	28
1701	41
1702	22
1703	11
1704	19
1705	71
1706	34
1707	31
1708	80
1709	5
1710	16
1711	63
1712	164
1713	20
1714	11
1715	5
1716	17
1717	5
1718	189
1719	29
1720	69
1721	23
1722	22
1723	12
1724	45
1725	60
1726	29
1727	38
1728	44
1729	116
1730	209
1731	78
1732	9
1733	84
1734	115
1735	220
1736	173
1737	33
1738	21
1739	24
1740	57
1741	12
1742	31
1743	145
1744	12
1745	18
1746	74
1747	6
1748	9
1749	112
1750	118
1751	9
1752	102
1753	101
1754	7
1755	8
1756	14
1757	43
1758	80
1759	203
1760	113
1761	127
1762	22
1763	19
1764	40
1765	143
1766	22
1767	40
1768	28
1769	18
1770	37
1771	25
1772	34
1773	80
1774	23
1775	10
1776	9
1777	24
1778	13
1779	87
1780	10
1781	26
1782	30
1783	16
1784	22
1785	130
1786	8
1787	6
1788	19
1789	78
1790	33
1791	44
1792	15
1793	20
1794	12
1795	161
1796	167
1797	35
1798	16
1799	23
1800	15
1801	14
1802	68
1803	27
1804	127
1805	44
1806	5
1807	57
1808	134
1809	184
1810	90
1811	10
1812	5
1813	47
1814	105
1815	6
1816	190
1817	33
1818	57
1819	12
1820	12
1821	21
1822	24
1823	81
1824	36
1825	30
1826	35
1827	21
1828	83
1829	103
1830	214
1831	41
1832	101
1833	26
1834	56
1835	85
1836	6
1837	28
1838	32
1839	69
1840	75
1841	7
1842	13
1843	14
1844	197
1845	15
1846	5
1847	118
1848	130
1849	6
1850	44
1851	101
1852	36
1853	113
1854	13
1855	11
1856	25
1857	21
1858	17
1859	5
1860	69
1861	5
1862	121
1863	191
1864	29
1865	81
1866	26
1867	20
1868	15
1869	7
1870	20
1871	149
1872	8
1873	152
1874	37
1875	81
1876	7
1877	10
1878	5
1879	3
1880	27
1881	11
1882	6
1883	159
1884	38
1885	28
1886	8
1887	33
1888	5
1889	20
1890	14
1891	30
1892	62
1893	61
1894	35
1895	16
1896	13
1897	142
1898	14
1899	40
1900	38
1901	19
1902	7
1903	7
1904	10
1905	24
1906	42
1907	222
1908	43
1909	10
1910	86
1911	5
1912	11
1913	14
1914	42
1915	116
1916	131
1917	5
1918	116
1919	117
1920	25
1921	5
1922	18
1923	18
1924	16
1925	31
1926	24
1927	5
1928	9
1929	6
1930	191
1931	13
1932	12
1933	217
1934	145
1935	21
1936	29
1937	12
1938	34
1939	32
1940	7
1941	34
1942	46
1943	19
1944	125
1945	10
1946	34
1947	77
1948	79
1949	13
1950	5
1951	6
1952	40
1953	257
1954	19
1955	98
1956	48
1957	12
1958	53
1959	234
1960	207
1961	94
1962	100
1963	26
1964	10
1965	110
1966	4
1967	234
1968	28
1969	12
1970	6
1971	25
1972	97
1973	32
1974	14
1975	30
1976	8
1977	24
1978	41
1979	6
1980	151
1981	24
1982	26
1983	26
1984	16
1985	17
1986	14
1987	2
1988	30
1989	53
1990	166
1991	164
1992	40
1993	9
1994	5
1995	39
1996	30
1997	14
1998	9
1999	2
2000	46
2001	68
2002	36
2003	151
2004	8
2005	40
2006	29
2007	29
2008	31
2009	10
2010	9
2011	110
2012	25
2013	11
2014	9
2015	26
2016	8
2017	25
2018	130
2019	12
2020	12
2021	16
2022	10
2023	15
2024	7
2025	7
2026	7
2027	10
2028	39
2029	104
2030	25
2031	13
2032	31
2033	10
2034	180
2035	119
2036	106
2037	5
2038	24
2039	5
2040	10
2041	42
2042	31
2043	77
2044	6
2045	36
2046	5
2047	172
2048	7
2049	24
2050	78
2051	30
2052	106
2053	17
2054	97
2055	79
2056	33
2057	15
2058	19
2059	25
2060	90
2061	20
2062	51
2063	118
2064	9
2065	89
2066	53
2067	11
2068	137
2069	39
2070	76
2071	265
2072	46
2073	92
2074	41
2075	166
2076	9
2077	14
2078	29
2079	39
2080	79
2081	9
2082	5
2083	29
2084	15
2085	46
2086	104
2087	9
2088	7
2089	91
2090	6
2091	71
2092	6
2093	9
2094	25
2095	122
2096	5
2097	82
2098	38
2099	17
2100	8
2101	31
2102	30
2103	6
2104	34
2105	81
2106	16
2107	46
2108	187
2109	173
2110	27
2111	36
2112	74
2113	6
2114	20
2115	58
2116	15
2117	40
2118	14
2119	113
2120	5
2121	123
2122	198
2123	16
2124	25
2125	5
2126	9
2127	21
2128	23
2129	125
2130	25
2131	6
2132	117
2133	24
2134	40
2135	11
2136	21
2137	5
2138	158
2139	94
2140	19
2141	5
2142	21
2143	11
2144	21
2145	24
2146	21
2147	7
2148	53
2149	8
2150	14
2151	25
2152	133
2153	32
2154	101
2155	16
2156	11
2157	154
2158	25
2159	119
2160	6
2161	6
2162	15
2163	119
2164	176
2165	5
2166	24
2167	17
2168	6
2169	16
2170	47
2171	113
2172	5
2173	19
2174	14
2175	11
2176	21
2177	109
2178	94
2179	222
2180	20
2181	16
2182	33
2183	85
2184	74
2185	97
2186	38
2187	84
2188	126
2189	75
2190	25
2191	8
2192	9
2193	14
2194	26
2195	19
2196	11
2197	33
2198	110
2199	18
2200	31
2201	51
2202	16
2203	9
2204	22
2205	5
2206	5
2207	11
2208	203
2209	96
2210	196
2211	24
2212	28
2213	9
2214	13
2215	46
2216	134
2217	12
2218	16
2219	118
2220	23
2221	7
2222	41
2223	17
2224	85
2225	29
2226	24
2227	20
2228	14
2229	130
2230	5
2231	7
2232	21
2233	35
2234	97
2235	18
2236	9
2237	14
2238	140
2239	30
2240	85
2241	38
2242	5
2243	18
2244	21
2245	115
2246	7
2247	11
2248	110
2249	18
2250	5
2251	65
2252	116
2253	67
2254	15
2255	16
2256	119
2257	25
2258	35
2259	26
2260	12
2261	41
2262	33
2263	236
2264	10
2265	5
2266	16
2267	179
2268	175
2269	35
2270	5
2271	10
2272	9
2273	37
2274	55
2275	145
2276	128
2277	26
2278	111
2279	147
2280	68
2281	30
2282	51
2283	6
2284	21
2285	5
2286	88
2287	42
2288	46
2289	13
2290	10
2291	47
2292	13
2293	14
2294	15
2295	42
2296	75
2297	26
2298	58
2299	125
2300	5
2301	11
2302	22
2303	4
2304	44
2305	14
2306	92
2307	128
2308	10
2309	8
2310	9
2311	131
2312	23
2313	17
2314	10
2315	87
2316	11
2317	14
2318	6
2319	11
2320	107
2321	34
2322	44
2323	3
2324	21
2325	11
2326	10
2327	14
2328	105
2329	7
2330	12
2331	150
2332	11
2333	19
2334	8
2335	16
2336	60
2337	17
2338	17
2339	67
2340	8
2341	155
2342	36
2343	66
2344	11
2345	45
2346	101
2347	14
2348	51
2349	39
2350	21
2351	21
2352	7
2353	13
2354	26
2355	163
2356	21
2357	13
2358	28
2359	11
2360	117
2361	19
2362	6
2363	29
2364	79
2365	35
2366	18
2367	7
2368	129
2369	15
2370	17
2371	85
2372	198
2373	144
2374	154
2375	16
2376	9
2377	66
2378	8
2379	14
2380	27
2381	97
2382	69
2383	82
2384	96
2385	14
2386	8
2387	21
2388	149
2389	20
2390	10
2391	11
2392	14
2393	81
2394	7
2395	4
2396	22
2397	15
2398	25
2399	197
2400	5
2401	46
2402	105
2403	4
2404	21
2405	27
2406	29
2407	8
2408	14
2409	33
2410	85
2411	84
2412	77
2413	5
2414	39
2415	13
2416	8
2417	17
2418	19
2419	92
2420	41
2421	16
2422	14
2423	149
2424	31
2425	87
2426	29
2427	14
2428	136
2429	29
2430	22
2431	77
2432	6
2433	13
2434	6
2435	15
2436	8
2437	12
2438	115
2439	172
2440	28
2441	198
2442	42
2443	29
2444	6
2445	148
2446	21
2447	16
2448	26
2449	11
2450	38
2451	158
2452	29
2453	28
2454	9
2455	25
2456	25
2457	146
2458	8
2459	121
2460	49
2461	25
2462	98
2463	36
2464	84
2465	10
2466	121
2467	110
2468	10
2469	5
2470	154
2471	127
2472	8
2473	14
2474	32
2475	18
2476	21
2477	139
2478	146
2479	59
2480	21
2481	120
2482	21
2483	24
2484	92
2485	7
2486	159
2487	16
2488	181
2489	42
2490	49
2491	11
2492	112
2493	157
2494	106
2495	24
2496	56
2497	69
2498	82
2499	5
2500	217
2501	57
2502	79
2503	14
2504	7
2505	25
2506	30
2507	145
2508	9
2509	14
2510	18
2511	97
2512	5
2513	25
2514	80
2515	149
2516	22
2517	21
2518	17
2519	103
2520	11
2521	14
2522	5
2523	115
2524	22
2525	63
2526	12
2527	26
2528	130
2529	14
2530	79
2531	16
2532	12
2533	45
2534	60
2535	10
2536	5
2537	106
2538	14
2539	24
2540	18
2541	28
2542	9
2543	11
2544	17
2545	15
2546	42
2547	24
2548	98
2549	17
2550	37
2551	103
2552	18
2553	11
2554	24
2555	122
2556	43
2557	148
2558	12
2559	36
2560	115
2561	116
2562	32
2563	82
2564	26
2565	9
2566	31
2567	44
2568	118
2569	21
2570	9
2571	13
2572	31
2573	37
2574	79
2575	41
2576	95
2577	24
2578	46
2579	19
2580	13
2581	7
2582	16
2583	15
2584	8
2585	17
2586	6
2587	11
2588	14
2589	10
2590	21
2591	75
2592	14
2593	26
2594	134
2595	33
2596	125
2597	84
2598	96
2599	34
2600	96
2601	14
2602	28
2603	9
2604	10
2605	25
2606	131
2607	34
2608	9
2609	33
2610	77
2611	16
2612	16
2613	29
2614	18
2615	134
2616	250
2617	5
2618	13
2619	32
2620	30
2621	10
2622	9
2623	6
2624	10
2625	15
2626	78
2627	16
2628	30
2629	42
2630	44
2631	6
2632	8
2633	20
2634	23
2635	54
2636	9
2637	13
2638	9
2639	20
2640	25
2641	31
2642	6
2643	16
2644	142
2645	33
2646	27
2647	159
2648	46
2649	5
2650	14
2651	138
2652	8
2653	24
2654	145
2655	10
2656	5
2657	112
2658	94
2659	25
2660	102
2661	75
2662	19
2663	24
2664	7
2665	37
2666	84
2667	27
2668	92
2669	14
2670	9
2671	23
2672	26
2673	42
2674	66
2675	17
2676	35
2677	148
2678	25
2679	36
2680	6
2681	2
2682	84
2683	39
2684	5
2685	11
2686	166
2687	41
2688	115
2689	3
2690	37
2691	108
2692	10
2693	8
2694	107
2695	111
2696	85
2697	49
2698	20
2699	34
2700	73
2701	31
2702	87
2703	11
2704	24
2705	39
2706	106
2707	101
2708	11
2709	36
2710	5
2711	23
2712	22
2713	84
2714	6
2715	67
2716	115
2717	12
2718	114
2719	10
2720	93
2721	16
2722	137
2723	15
2724	10
2725	145
2726	26
2727	131
2728	82
2729	99
2730	23
2731	13
2732	37
2733	19
2734	171
2735	31
2736	119
2737	9
2738	26
2739	20
2740	84
2741	18
2742	103
2743	8
2744	10
2745	31
2746	177
2747	27
2748	79
2749	15
2750	46
2751	3
2752	34
2753	90
2754	49
2755	25
2756	143
2757	31
2758	21
2759	9
2760	33
2761	77
2762	4
2763	5
2764	21
2765	133
2766	215
2767	22
2768	17
2769	27
2770	10
2771	32
2772	49
2773	158
2774	11
2775	84
2776	153
2777	151
2778	149
2779	7
2780	14
2781	6
2782	13
2783	11
2784	10
2785	33
2786	77
2787	32
2788	90
2789	30
2790	16
2791	18
2792	180
2793	126
2794	107
2795	10
2796	24
2797	11
2798	7
2799	36
2800	22
2801	35
2802	16
2803	31
2804	89
2805	194
2806	173
2807	6
2808	35
2809	113
2810	20
2811	38
2812	17
2813	9
2814	135
2815	23
2816	56
2817	2
2818	8
2819	37
2820	29
2821	81
2822	26
2823	72
2824	205
2825	20
2826	25
2827	15
2828	12
2829	27
2830	16
2831	61
2832	156
2833	43
2834	84
2835	12
2836	38
2837	34
2838	41
2839	110
2840	5
2841	14
2842	206
2843	16
2844	5
2845	40
2846	43
2847	49
2848	49
2849	164
2850	12
2851	12
2852	23
2853	29
2854	12
2855	38
2856	172
2857	11
2858	62
2859	35
2860	24
2861	3
2862	30
2863	8
2864	43
2865	8
2866	18
2867	6
2868	9
2869	31
2870	6
2871	14
2872	85
2873	20
2874	21
2875	17
2876	20
2877	50
2878	23
2879	18
2880	8
2881	24
2882	80
2883	10
2884	79
2885	5
2886	24
2887	31
2888	170
2889	46
2890	92
2891	103
2892	168
2893	21
2894	14
2895	21
2896	48
2897	19
2898	121
2899	46
2900	13
2901	6
2902	106
2903	59
2904	152
2905	10
2906	17
2907	218
2908	30
2909	153
2910	22
2911	6
2912	6
2913	11
2914	7
2915	14
2916	14
2917	121
2918	6
2919	7
2920	54
2921	5
2922	112
2923	5
2924	5
2925	29
2926	168
2927	25
2928	39
2929	23
2930	7
2931	18
2932	21
2933	125
2934	16
2935	84
2936	9
2937	24
2938	105
2939	11
2940	13
2941	29
2942	8
2943	8
2944	8
2945	30
2946	23
2947	25
2948	48
2949	67
2950	25
2951	13
2952	14
2953	44
2954	47
2955	109
2956	17
2957	38
2958	30
2959	6
2960	162
2961	137
2962	20
2963	18
2964	15
2965	10
2966	33
2967	91
2968	133
2969	135
2970	85
2971	8
2972	161
2973	13
2974	8
2975	114
2976	28
2977	38
2978	77
2979	63
2980	7
2981	51
2982	101
2983	11
2984	26
2985	17
2986	15
2987	20
2988	13
2989	22
2990	6
2991	15
2992	19
2993	152
2994	105
2995	10
2996	42
2997	83
2998	18
2999	34
3000	128
3001	120
3002	9
3003	23
3004	25
3005	17
3006	18
3007	10
3008	12
3009	31
3010	20
3011	15
3012	10
3013	17
3014	14
3015	26
3016	11
3017	6
3018	13
3019	7
3020	11
3021	6
3022	5
3023	8
3024	14
3025	10
3026	26
3027	21
3028	126
3029	8
3030	17
3031	6
3032	9
3033	34
3034	124
3035	15
3036	41
3037	68
3038	35
3039	96
3040	198
3041	29
3042	24
3043	168
3044	30
3045	16
3046	41
3047	14
3048	6
3049	5
3050	34
3051	4
3052	27
3053	63
3054	95
3055	20
3056	32
3057	17
3058	30
3059	23
3060	32
3061	7
3062	14
3063	35
3064	147
3065	17
3066	10
3067	19
3068	139
3069	182
3070	12
3071	9
3072	10
3073	27
3074	13
3075	89
3076	44
3077	12
3078	30
3079	6
3080	25
3081	20
3082	28
3083	7
3084	91
3085	5
3086	6
3087	26
3088	8
3089	20
3090	6
3091	5
3092	48
3093	51
3094	24
3095	31
3096	22
3097	37
3098	6
3099	7
3100	14
3101	48
3102	30
3103	19
3104	19
3105	11
3106	5
3107	7
3108	7
3109	13
3110	6
3111	47
3112	3
3113	14
3114	30
3115	11
3116	11
3117	16
3118	13
3119	8
3120	172
3121	41
3122	112
3123	83
3124	9
3125	22
3126	52
3127	132
3128	16
3129	7
3130	6
3131	124
3132	5
3133	10
3134	25
3135	20
3136	5
3137	18
3138	5
3139	115
3140	20
3141	63
3142	7
3143	96
3144	16
3145	126
3146	80
3147	19
3148	25
3149	83
3150	8
3151	28
3152	11
3153	22
3154	130
3155	19
3156	103
3157	9
3158	13
3159	14
3160	23
3161	142
3162	20
3163	6
3164	214
3165	16
3166	14
3167	139
3168	112
3169	38
3170	100
3171	6
3172	9
3173	285
3174	32
3175	36
3176	10
3177	20
3178	8
3179	8
3180	12
3181	42
3182	77
3183	105
3184	79
3185	46
3186	58
3187	10
3188	145
3189	11
3190	6
3191	70
3192	11
3193	14
3194	7
3195	14
3196	39
3197	75
3198	39
3199	112
3200	28
3201	150
3202	23
3203	11
3204	25
3205	2
3206	35
3207	55
3208	77
3209	25
3210	31
3211	84
3212	19
3213	11
3214	67
3215	25
3216	21
3217	8
3218	35
3219	118
3220	12
3221	12
3222	113
3223	100
3224	95
3225	19
3226	11
3227	8
3228	22
3229	14
3230	17
3231	87
3232	49
3233	108
3234	83
3235	82
3236	70
3237	12
3238	49
3239	119
3240	166
3241	15
3242	11
3243	6
3244	12
3245	180
3246	10
3247	83
3248	146
3249	12
3250	6
3251	12
3252	11
3253	172
3254	90
3255	77
3256	26
3257	18
3258	42
3259	14
3260	96
3261	15
3262	20
3263	74
3264	5
3265	24
3266	33
3267	98
3268	21
3269	24
3270	215
3271	9
3272	46
3273	6
3274	9
3275	13
3276	25
3277	38
3278	77
3279	15
3280	90
3281	16
3282	21
3283	26
3284	17
3285	61
3286	147
3287	14
3288	40
3289	17
3290	205
3291	78
3292	15
3293	10
3294	12
3295	36
3296	115
3297	7
3298	42
3299	6
3300	136
3301	8
3302	34
3303	11
3304	6
3305	49
3306	118
3307	32
3308	123
3309	11
3310	26
3311	7
3312	12
3313	46
3314	43
3315	32
3316	7
3317	19
3318	151
3319	26
3320	31
3321	19
3322	16
3323	10
3324	27
3325	17
3326	8
3327	6
3328	157
3329	56
3330	22
3331	26
3332	144
3333	130
3334	20
3335	27
3336	112
3337	13
3338	22
3339	211
3340	5
3341	43
3342	140
3343	10
3344	31
3345	162
3346	5
3347	24
3348	55
3349	115
3350	20
3351	21
3352	40
3353	13
3354	38
3355	90
3356	82
3357	30
3358	23
3359	137
3360	9
3361	18
3362	12
3363	66
3364	37
3365	100
3366	22
3367	19
3368	23
3369	18
3370	45
3371	87
3372	12
3373	34
3374	42
3375	32
3376	21
3377	27
3378	25
3379	71
3380	61
3381	100
3382	24
3383	6
3384	9
3385	23
3386	24
3387	5
3388	80
3389	18
3390	18
3391	6
3392	14
3393	35
3394	92
3395	36
3396	8
3397	132
3398	19
3399	34
3400	22
3401	7
3402	30
3403	85
3404	34
3405	111
3406	15
3407	10
3408	29
3409	34
3410	90
3411	137
3412	14
3413	5
3414	48
3415	25
3416	12
3417	22
3418	130
3419	7
3420	11
3421	12
3422	35
3423	16
3424	9
3425	93
3426	10
3427	19
3428	146
3429	14
3430	26
3431	25
3432	6
3433	18
3434	29
3435	28
3436	36
3437	80
3438	21
3439	22
3440	13
3441	116
3442	150
3443	24
3444	128
3445	26
3446	71
3447	18
3448	8
3449	14
3450	93
3451	233
3452	26
3453	6
3454	32
3455	11
3456	11
3457	39
3458	96
3459	49
3460	97
3461	46
3462	80
3463	7
3464	14
3465	28
3466	219
3467	34
3468	23
3469	30
3470	5
3471	133
3472	160
3473	92
3474	31
3475	38
3476	43
3477	84
3478	26
3479	125
3480	11
3481	8
3482	8
3483	24
3484	31
3485	174
3486	70
3487	31
3488	24
3489	6
3490	33
3491	17
3492	93
3493	105
3494	10
3495	13
3496	22
3497	30
3498	143
3499	52
3500	54
3501	163
3502	15
3503	10
3504	11
3505	96
3506	31
3507	18
3508	37
3509	21
3510	94
3511	11
3512	54
3513	78
3514	21
3515	6
3516	17
3517	69
3518	11
3519	13
3520	24
3521	19
3522	26
3523	10
3524	82
3525	9
3526	171
3527	27
3528	4
3529	31
3530	57
3531	12
3532	5
3533	8
3534	39
3535	14
3536	27
3537	5
3538	39
3539	122
3540	15
3541	110
3542	25
3543	105
3544	26
3545	4
3546	48
3547	5
3548	5
3549	28
3550	230
3551	36
3552	24
3553	14
3554	137
3555	8
3556	40
3557	37
3558	11
3559	7
3560	39
3561	14
3562	92
3563	26
3564	35
3565	140
3566	128
3567	7
3568	19
3569	6
3570	6
3571	8
3572	17
3573	35
3574	24
3575	13
3576	36
3577	89
3578	6
3579	120
3580	5
3581	14
3582	119
3583	30
3584	141
3585	23
3586	44
3587	14
3588	8
3589	13
3590	22
3591	38
3592	41
3593	13
3594	6
3595	185
3596	12
3597	150
3598	89
3599	13
3600	5
3601	15
3602	79
3603	170
3604	12
3605	32
3606	22
3607	119
3608	21
3609	97
3610	30
3611	6
3612	27
3613	17
3614	109
3615	8
3616	188
3617	7
3618	95
3619	6
3620	29
3621	100
3622	21
3623	18
3624	24
3625	14
3626	17
3627	14
3628	145
3629	14
3630	21
3631	3
3632	7
3633	153
3634	12
3635	30
3636	76
3637	13
3638	9
3639	10
3640	28
3641	114
3642	21
3643	6
3644	14
3645	145
3646	77
3647	28
3648	26
3649	10
3650	165
3651	153
3652	18
3653	5
3654	47
3655	59
3656	31
3657	68
3658	10
3659	101
3660	20
3661	24
3662	18
3663	189
3664	32
3665	69
3666	156
3667	99
3668	30
3669	6
3670	91
3671	10
3672	16
3673	25
3674	20
3675	13
3676	30
3677	12
3678	32
3679	11
3680	68
3681	18
3682	9
3683	10
3684	105
3685	115
3686	21
3687	6
3688	12
3689	66
3690	8
3691	10
3692	150
3693	36
3694	92
3695	39
3696	79
3697	156
3698	36
3699	83
3700	15
3701	5
3702	19
3703	120
3704	105
3705	212
3706	21
3707	18
3708	23
3709	117
3710	37
3711	114
3712	59
3713	44
3714	89
3715	220
3716	30
3717	90
3718	151
3719	18
3720	222
3721	59
3722	31
3723	20
3724	7
3725	20
3726	12
3727	114
3728	97
3729	7
3730	6
3731	9
3732	7
3733	150
3734	21
3735	22
3736	15
3737	21
3738	15
3739	24
3740	7
3741	13
3742	89
3743	99
3744	7
3745	43
3746	84
3747	25
3748	11
3749	187
3750	13
3751	51
3752	18
3753	3
3754	55
3755	147
3756	12
3757	38
3758	9
3759	178
3760	171
3761	19
3762	14
3763	40
3764	81
3765	29
3766	91
3767	5
3768	33
3769	11
3770	13
3771	147
3772	23
3773	30
3774	7
3775	13
3776	91
3777	34
3778	36
3779	36
3780	19
3781	28
3782	112
3783	25
3784	33
3785	32
3786	30
3787	65
3788	34
3789	180
3790	14
3791	166
3792	116
3793	38
3794	13
3795	8
3796	43
3797	24
3798	51
3799	85
3800	8
3801	79
3802	16
3803	26
3804	19
3805	28
3806	8
3807	93
3808	66
3809	97
3810	38
3811	34
3812	7
3813	8
3814	16
3815	29
3816	5
3817	171
3818	5
3819	28
3820	24
3821	16
3822	31
3823	22
3824	18
3825	111
3826	18
3827	24
3828	81
3829	66
3830	11
3831	3
3832	10
3833	38
3834	16
3835	38
3836	9
3837	12
3838	28
3839	20
3840	32
3841	40
3842	25
3843	72
3844	6
3845	18
3846	46
3847	8
3848	9
3849	25
3850	26
3851	33
3852	10
3853	33
3854	47
3855	96
3856	10
3857	19
3858	189
3859	141
3860	26
3861	10
3862	9
3863	24
3864	32
3865	8
3866	132
3867	10
3868	30
3869	30
3870	14
3871	10
3872	30
3873	125
3874	17
3875	163
3876	12
3877	134
3878	16
3879	14
3880	42
3881	42
3882	167
3883	32
3884	29
3885	27
3886	137
3887	12
3888	56
3889	10
3890	14
3891	22
3892	32
3893	86
3894	7
3895	14
3896	251
3897	48
3898	19
3899	29
3900	127
3901	24
3902	24
3903	9
3904	100
3905	10
3906	42
3907	8
3908	104
3909	10
3910	123
3911	7
3912	79
3913	23
3914	27
3915	8
3916	137
3917	4
3918	15
3919	7
3920	43
3921	4
3922	38
3923	77
3924	30
3925	92
3926	18
3927	21
3928	23
3929	98
3930	44
3931	6
3932	14
3933	136
3934	4
3935	88
3936	49
3937	18
3938	8
3939	41
3940	79
3941	10
3942	18
3943	17
3944	73
3945	27
3946	19
3947	31
3948	13
3949	17
3950	97
3951	94
3952	5
3953	27
3954	5
3955	10
3956	36
3957	77
3958	113
3959	18
3960	38
3961	12
3962	107
3963	84
3964	9
3965	18
3966	50
3967	11
3968	20
3969	49
3970	39
3971	8
3972	135
3973	124
3974	35
3975	199
3976	14
3977	27
3978	16
3979	22
3980	6
3981	18
3982	6
3983	12
3984	14
3985	5
3986	104
3987	30
3988	167
3989	25
3990	13
3991	11
3992	17
3993	12
3994	140
3995	18
3996	8
3997	43
3998	30
3999	66
4000	158
4001	19
4002	20
4003	10
4004	152
4005	20
4006	30
4007	81
4008	8
4009	19
4010	5
4011	52
4012	28
4013	13
4014	30
4015	118
4016	10
4017	14
4018	7
4019	20
4020	22
4021	16
4022	94
4023	9
4024	166
4025	5
4026	12
4027	6
4028	42
4029	8
4030	14
4031	229
4032	9
4033	17
4034	27
4035	30
4036	8
4037	12
4038	106
4039	20
4040	38
4041	5
4042	88
4043	7
4044	35
4045	139
4046	29
4047	108
4048	23
4049	130
4050	21
4051	5
4052	36
4053	75
4054	6
4055	22
4056	21
4057	23
4058	6
4059	128
4060	29
4061	102
4062	34
4063	11
4064	17
4065	5
4066	83
4067	10
4068	163
4069	5
4070	23
4071	94
4072	186
4073	12
4074	12
4075	11
4076	15
4077	25
4078	117
4079	153
4080	43
4081	5
4082	50
4083	138
4084	119
4085	12
4086	12
4087	22
4088	12
4089	31
4090	122
4091	33
4092	4
4093	18
4094	10
4095	17
4096	23
4097	2
4098	7
4099	51
4100	33
4101	51
4102	5
4103	12
4104	25
4105	5
4106	23
4107	118
4108	50
4109	13
4110	154
4111	5
4112	13
4113	14
4114	47
4115	37
4116	5
4117	35
4118	15
4119	10
4120	110
4121	8
4122	8
4123	132
4124	5
4125	8
4126	56
4127	17
4128	68
4129	84
4130	27
4131	20
4132	7
4133	15
4134	9
4135	14
4136	8
4137	20
4138	4
4139	6
4140	14
4141	30
4142	27
4143	34
4144	42
4145	80
4146	27
4147	15
4148	13
4149	15
4150	19
4151	5
4152	20
4153	13
4154	106
4155	35
4156	77
4157	104
4158	6
4159	119
4160	22
4161	13
4162	31
4163	106
4164	9
4165	15
4166	8
4167	5
4168	18
4169	29
4170	102
4171	17
4172	41
4173	29
4174	181
4175	29
4176	9
4177	44
4178	25
4179	114
4180	28
4181	16
4182	8
4183	61
4184	24
4185	84
4186	26
4187	12
4188	10
4189	8
4190	138
4191	30
4192	9
4193	37
4194	26
4195	16
4196	41
4197	112
4198	6
4199	24
4200	16
4201	5
4202	24
4203	21
4204	8
4205	142
4206	107
4207	81
4208	12
4209	38
4210	16
4211	120
4212	82
4213	34
4214	47
4215	130
4216	155
4217	10
4218	38
4219	200
4220	173
4221	49
4222	200
4223	219
4224	29
4225	42
4226	34
4227	12
4228	84
4229	19
4230	147
4231	6
4232	151
4233	30
4234	26
4235	12
4236	7
4237	45
4238	18
4239	9
4240	21
4241	16
4242	102
4243	28
4244	7
4245	136
4246	43
4247	56
4248	11
4249	30
4250	18
4251	418
4252	15
4253	13
4254	33
4255	22
4256	5
4257	5
4258	209
4259	21
4260	18
4261	12
4262	16
4263	118
4264	6
4265	23
4266	130
4267	10
4268	60
4269	145
4270	17
4271	25
4272	158
4273	5
4274	8
4275	14
4276	5
4277	24
4278	8
4279	31
4280	106
4281	20
4282	16
4283	48
4284	36
4285	153
4286	15
4287	176
4288	36
4289	27
4290	6
4291	6
4292	34
4293	21
4294	141
4295	148
4296	91
4297	73
4298	10
4299	8
4300	80
4301	37
4302	15
4303	16
4304	13
4305	13
4306	23
4307	38
4308	85
4309	6
4310	38
4311	95
4312	26
4313	43
4314	106
4315	106
4316	7
4317	160
4318	5
4319	22
4320	203
4321	34
4322	28
4323	41
4324	17
4325	8
4326	14
4327	149
4328	39
4329	18
4330	64
4331	5
4332	19
4333	11
4334	74
4335	7
4336	13
4337	104
4338	8
4339	26
4340	37
4341	106
4342	140
4343	19
4344	164
4345	20
4346	14
4347	9
4348	7
4349	30
4350	165
4351	6
4352	68
4353	18
4354	29
4355	7
4356	64
4357	130
4358	28
4359	8
4360	41
4361	21
4362	4
4363	10
4364	26
4365	6
4366	10
4367	6
4368	128
4369	15
4370	8
4371	15
4372	25
4373	39
4374	89
4375	21
4376	134
4377	111
4378	13
4379	13
4380	7
4381	83
4382	20
4383	13
4384	218
4385	120
4386	146
4387	23
4388	5
4389	28
4390	71
4391	31
4392	87
4393	43
4394	115
4395	30
4396	39
4397	18
4398	27
4399	21
4400	31
4401	46
4402	92
4403	31
4404	8
4405	14
4406	175
4407	14
4408	9
4409	97
4410	113
4411	163
4412	36
4413	112
4414	13
4415	30
4416	8
4417	32
4418	124
4419	29
4420	32
4421	24
4422	32
4423	127
4424	128
4425	78
4426	14
4427	123
4428	137
4429	17
4430	77
4431	85
4432	92
4433	13
4434	30
4435	97
4436	8
4437	14
4438	13
4439	28
4440	32
4441	7
4442	17
4443	165
4444	14
4445	13
4446	17
4447	16
4448	24
4449	24
4450	122
4451	10
4452	5
4453	26
4454	78
4455	8
4456	10
4457	8
4458	14
4459	183
4460	88
4461	7
4462	136
4463	18
4464	113
4465	15
4466	14
4467	34
4468	39
4469	105
4470	12
4471	129
4472	18
4473	6
4474	83
4475	34
4476	22
4477	25
4478	11
4479	92
4480	23
4481	56
4482	18
4483	23
4484	33
4485	22
4486	9
4487	13
4488	7
4489	31
4490	5
4491	137
4492	33
4493	16
4494	28
4495	178
4496	9
4497	17
4498	62
4499	38
4500	10
4501	254
4502	11
4503	161
4504	29
4505	7
4506	5
4507	25
4508	8
4509	20
4510	65
4511	159
4512	191
4513	23
4514	5
4515	8
4516	11
4517	89
4518	25
4519	18
4520	10
4521	58
4522	62
4523	6
4524	23
4525	6
4526	12
4527	10
4528	3
4529	25
4530	12
4531	31
4532	5
4533	25
4534	13
4535	72
4536	9
4537	32
4538	36
4539	68
4540	175
4541	71
4542	170
4543	5
4544	17
4545	13
4546	15
4547	38
4548	9
4549	8
4550	107
4551	8
4552	26
4553	7
4554	14
4555	23
4556	53
4557	82
4558	12
4559	34
4560	87
4561	16
4562	61
4563	10
4564	160
4565	11
4566	251
4567	34
4568	24
4569	33
4570	7
4571	106
4572	26
4573	61
4574	31
4575	147
4576	23
4577	24
4578	18
4579	36
4580	12
4581	26
4582	5
4583	147
4584	33
4585	28
4586	161
4587	13
4588	6
4589	13
4590	5
4591	6
4592	109
4593	21
4594	28
4595	24
4596	34
4597	19
4598	186
4599	99
4600	3
4601	4
4602	9
4603	34
4604	33
4605	76
4606	90
4607	31
4608	20
4609	12
4610	105
4611	34
4612	39
4613	38
4614	20
4615	12
4616	13
4617	9
4618	162
4619	20
4620	8
4621	25
4622	81
4623	7
4624	24
4625	19
4626	9
4627	25
4628	24
4629	10
4630	16
4631	5
4632	49
4633	108
4634	22
4635	11
4636	11
4637	6
4638	71
4639	12
4640	42
4641	126
4642	30
4643	41
4644	119
4645	107
4646	5
4647	145
4648	13
4649	26
4650	84
4651	19
4652	78
4653	27
4654	28
4655	10
4656	11
4657	24
4658	25
4659	118
4660	94
4661	98
4662	37
4663	84
4664	54
4665	13
4666	98
4667	25
4668	18
4669	5
4670	183
4671	35
4672	6
4673	29
4674	18
4675	31
4676	129
4677	30
4678	6
4679	14
4680	23
4681	44
4682	16
4683	28
4684	168
4685	21
4686	10
4687	14
4688	8
4689	16
4690	34
4691	92
4692	9
4693	13
4694	32
4695	26
4696	40
4697	12
4698	21
4699	20
4700	135
4701	92
4702	193
4703	17
4704	81
4705	176
4706	47
4707	6
4708	18
4709	8
4710	17
4711	130
4712	28
4713	5
4714	14
4715	17
4716	10
4717	257
4718	38
4719	159
4720	18
4721	7
4722	4
4723	5
4724	150
4725	17
4726	144
4727	25
4728	109
4729	30
4730	11
4731	19
4732	132
4733	20
4734	19
4735	144
4736	11
4737	13
4738	8
4739	144
4740	7
4741	13
4742	18
4743	38
4744	23
4745	14
4746	15
4747	16
4748	28
4749	18
4750	64
4751	5
4752	30
4753	21
4754	67
4755	25
4756	34
4757	92
4758	7
4759	42
4760	10
4761	14
4762	10
4763	84
4764	37
4765	12
4766	12
4767	10
4768	126
4769	10
4770	9
4771	22
4772	11
4773	85
4774	17
4775	13
4776	148
4777	18
4778	10
4779	110
4780	109
4781	6
4782	113
4783	11
4784	23
4785	5
4786	9
4787	15
4788	17
4789	44
4790	84
4791	27
4792	36
4793	94
4794	69
4795	32
4796	14
4797	16
4798	5
4799	7
4800	14
4801	36
4802	85
4803	7
4804	16
4805	5
4806	187
4807	153
4808	47
4809	80
4810	19
4811	7
4812	14
4813	34
4814	76
4815	15
4816	174
4817	33
4818	36
4819	5
4820	101
4821	7
4822	14
4823	38
4824	19
4825	26
4826	23
4827	121
4828	10
4829	21
4830	11
4831	14
4832	149
4833	9
4834	31
4835	94
4836	51
4837	101
4838	37
4839	89
4840	22
4841	126
4842	20
4843	10
4844	146
4845	11
4846	63
4847	185
4848	139
4849	6
4850	39
4851	143
4852	12
4853	146
4854	18
4855	22
4856	14
4857	247
4858	47
4859	98
4860	52
4861	117
4862	28
4863	108
4864	23
4865	41
4866	79
4867	5
4868	19
4869	7
4870	14
4871	6
4872	204
4873	25
4874	5
4875	37
4876	19
4877	9
4878	6
4879	25
4880	10
4881	17
4882	15
4883	25
4884	72
4885	27
4886	35
4887	33
4888	82
4889	9
4890	5
4891	15
4892	225
4893	117
4894	12
4895	10
4896	75
4897	27
4898	6
4899	13
4900	8
4901	22
4902	64
4903	125
4904	101
4905	30
4906	14
4907	6
4908	29
4909	146
4910	26
4911	120
4912	17
4913	26
4914	64
4915	40
4916	5
4917	30
4918	22
4919	39
4920	33
4921	4
4922	92
4923	89
4924	30
4925	71
4926	21
4927	33
4928	99
4929	13
4930	170
4931	8
4932	25
4933	5
4934	3
4935	5
4936	86
4937	7
4938	142
4939	9
4940	18
4941	30
4942	102
4943	52
4944	46
4945	30
4946	15
4947	129
4948	228
4949	95
4950	157
4951	50
4952	69
4953	6
4954	15
4955	15
4956	26
4957	12
4958	10
4959	9
4960	10
4961	121
4962	124
4963	98
4964	77
4965	20
4966	85
4967	53
4968	185
4969	6
4970	52
4971	43
4972	127
4973	43
4974	33
4975	9
4976	340
4977	23
4978	6
4979	12
4980	35
4981	24
4982	12
4983	10
4984	106
4985	17
4986	5
4987	32
4988	22
4989	4
4990	25
4991	18
4992	18
4993	149
4994	193
4995	27
4996	23
4997	102
4998	22
4999	6
5000	38
5001	98
5002	6
5003	13
5004	32
5005	134
5006	28
5007	15
5008	9
5009	130
5010	51
5011	53
5012	96
5013	30
5014	20
5015	30
5016	17
5017	120
5018	19
5019	148
5020	13
5021	24
5022	8
5023	34
5024	80
5025	117
5026	161
5027	24
5028	5
5029	126
5030	18
5031	64
5032	16
5033	5
5034	10
5035	22
5036	130
5037	111
5038	26
5039	14
5040	8
5041	17
5042	17
5043	67
5044	5
5045	7
5046	19
5047	15
5048	122
5049	27
5050	59
5051	15
5052	8
5053	109
5054	16
5055	30
5056	22
5057	135
5058	100
5059	5
5060	10
5061	118
5062	30
5063	26
5064	45
5065	12
5066	6
5067	24
5068	16
5069	14
5070	123
5071	114
5072	31
5073	3
5074	48
5075	12
5076	11
5077	19
5078	105
5079	8
5080	12
5081	8
5082	12
5083	23
5084	8
5085	3
5086	6
5087	2
5088	14
5089	24
5090	6
5091	41
5092	5
5093	15
5094	13
5095	27
5096	17
5097	103
5098	27
5099	9
5100	10
5101	19
5102	94
5103	28
5104	99
5105	10
5106	7
5107	14
5108	24
5109	26
5110	51
5111	101
5112	27
5113	7
5114	7
5115	42
5116	5
5117	11
5118	131
5119	21
5120	11
5121	5
5122	42
5123	26
5124	19
5125	5
5126	7
5127	9
5128	20
5129	10
5130	32
5131	7
5132	135
5133	9
5134	96
5135	33
5136	75
5137	4
5138	6
5139	10
5140	119
5141	70
5142	22
5143	16
5144	121
5145	39
5146	92
5147	46
5148	102
5149	116
5150	26
5151	88
5152	94
5153	14
5154	15
5155	9
5156	16
5157	53
5158	5
5159	29
5160	98
5161	11
5162	8
5163	34
5164	106
5165	129
5166	7
5167	8
5168	10
5169	11
5170	138
5171	16
5172	23
5173	18
5174	139
5175	6
5176	11
5177	13
5178	84
5179	11
5180	66
5181	37
5182	9
5183	20
5184	26
5185	62
5186	12
5187	15
5188	16
5189	14
5190	37
5191	113
5192	30
5193	21
5194	18
5195	134
5196	21
5197	95
5198	26
5199	80
5200	36
5201	5
5202	29
5203	20
5204	9
5205	6
5206	25
5207	116
5208	24
5209	59
5210	23
5211	11
5212	7
5213	23
5214	104
5215	17
5216	40
5217	104
5218	33
5219	84
5220	14
5221	23
5222	120
5223	59
5224	14
5225	32
5226	6
5227	92
5228	103
5229	31
5230	10
5231	11
5232	9
5233	23
5234	208
5235	168
5236	31
5237	84
5238	28
5239	32
5240	188
5241	19
5242	117
5243	29
5244	28
5245	16
5246	132
5247	23
5248	8
5249	5
5250	17
5251	11
5252	116
5253	26
5254	157
5255	7
5256	20
5257	10
5258	14
5259	14
5260	147
5261	16
5262	172
5263	11
5264	9
5265	190
5266	15
5267	134
5268	9
5269	143
5270	420
5271	162
5272	241
5273	15
5274	104
5275	11
5276	5
5277	6
5278	8
5279	9
5280	7
5281	8
5282	22
5283	44
5284	48
5285	25
5286	37
5287	18
5288	29
5289	96
5290	141
5291	51
5292	40
5293	18
5294	21
5295	25
5296	41
5297	93
5298	7
5299	13
5300	37
5301	23
5302	21
5303	6
5304	87
5305	191
5306	10
5307	22
5308	89
5309	7
5310	34
5311	20
5312	22
5313	105
5314	27
5315	10
5316	14
5317	34
5318	75
5319	18
5320	9
5321	22
5322	145
5323	8
5324	12
5325	10
5326	23
5327	5
5328	29
5329	9
5330	3
5331	102
5332	18
5333	124
5334	24
5335	22
5336	166
5337	24
5338	126
5339	7
5340	6
5341	15
5342	20
5343	15
5344	27
5345	127
5346	26
5347	5
5348	6
5349	98
5350	40
5351	29
5352	7
5353	28
5354	12
5355	12
5356	31
5357	9
5358	10
5359	24
5360	67
5361	7
5362	16
5363	21
5364	21
5365	5
5366	30
5367	3
5368	97
5369	32
5370	106
5371	12
5372	7
5373	44
5374	94
5375	16
5376	17
5377	49
5378	22
5379	27
5380	69
5381	43
5382	21
5383	16
5384	84
5385	28
5386	91
5387	8
5388	5
5389	5
5390	91
5391	93
5392	8
5393	6
5394	6
5395	12
5396	35
5397	24
5398	64
5399	9
5400	104
5401	79
5402	25
5403	90
5404	33
5405	8
5406	43
5407	84
5408	10
5409	13
5410	120
5411	12
5412	147
5413	8
5414	20
5415	8
5416	23
5417	45
5418	38
5419	44
5420	37
5421	81
5422	5
5423	15
5424	45
5425	75
5426	13
5427	36
5428	71
5429	5
5430	4
5431	26
5432	34
5433	150
5434	38
5435	157
5436	48
5437	372
5438	104
5439	74
5440	46
5441	30
5442	25
5443	16
5444	15
5445	111
5446	24
5447	37
5448	6
5449	334
5450	28
5451	112
5452	219
5453	133
5454	14
5455	258
5456	6
5457	8
5458	9
5459	14
5460	3
5461	11
5462	17
5463	6
5464	30
5465	18
5466	100
5467	35
5468	33
5469	104
5470	7
5471	10
5472	15
5473	5
5474	69
5475	11
5476	95
5477	20
5478	46
5479	6
5480	27
5481	96
5482	35
5483	30
5484	6
5485	70
5486	5
5487	11
5488	8
5489	147
5490	18
5491	21
5492	8
5493	13
5494	32
5495	10
5496	14
5497	9
5498	8
5499	17
5500	64
5501	25
5502	16
5503	110
5504	13
5505	7
5506	14
5507	38
5508	5
5509	12
5510	6
5511	14
5512	58
5513	17
5514	70
5515	101
5516	32
5517	23
5518	99
5519	19
5520	184
5521	34
5522	12
5523	158
5524	124
5525	25
5526	102
5527	30
5528	25
5529	122
5530	21
5531	38
5532	18
5533	37
5534	89
5535	38
5536	116
5537	168
5538	35
5539	84
5540	11
5541	32
5542	4
5543	15
5544	6
5545	31
5546	10
5547	103
5548	21
5549	19
5550	26
5551	15
5552	144
5553	9
5554	22
5555	7
5556	14
5557	20
5558	5
5559	184
5560	26
5561	24
5562	24
5563	137
5564	6
5565	5
5566	7
5567	14
5568	80
5569	217
5570	85
5571	80
5572	104
5573	113
5574	31
5575	28
5576	104
5577	18
5578	18
5579	14
5580	23
5581	14
5582	5
5583	39
5584	37
5585	18
5586	197
5587	135
5588	17
5589	5
5590	8
5591	29
5592	81
5593	26
5594	6
5595	13
5596	12
5597	7
5598	14
5599	10
5600	21
5601	12
5602	9
5603	23
5604	149
5605	15
5606	16
5607	7
5608	102
5609	7
5610	29
5611	11
5612	33
5613	130
5614	13
5615	19
5616	89
5617	20
5618	31
5619	152
5620	15
5621	21
5622	59
5623	5
5624	122
5625	24
5626	49
5627	19
5628	104
5629	25
5630	18
5631	44
5632	118
5633	10
5634	6
5635	154
5636	33
5637	26
5638	17
5639	17
5640	34
5641	83
5642	16
5643	6
5644	175
5645	5
5646	80
5647	9
5648	22
5649	29
5650	31
5651	15
5652	147
5653	73
5654	107
5655	128
5656	5
5657	48
5658	231
5659	41
5660	96
5661	125
5662	56
5663	82
5664	41
5665	155
5666	55
5667	92
5668	233
5669	41
5670	46
5671	27
5672	19
5673	32
5674	148
5675	12
5676	28
5677	29
5678	9
5679	3
5680	20
5681	101
5682	41
5683	7
5684	24
5685	44
5686	38
5687	147
5688	31
5689	172
5690	40
5691	35
5692	106
5693	11
5694	4
5695	24
5696	15
5697	26
5698	30
5699	22
5700	50
5701	37
5702	17
5703	13
5704	91
5705	4
5706	8
5707	16
5708	23
5709	113
5710	21
5711	51
5712	7
5713	9
5714	16
5715	8
5716	8
5717	25
5718	14
5719	4
5720	16
5721	21
5722	34
5723	168
5724	49
5725	107
5726	18
5727	5
5728	28
5729	101
5730	63
5731	180
5732	152
5733	37
5734	102
5735	137
5736	28
5737	7
5738	13
5739	15
5740	103
5741	18
5742	16
5743	232
5744	7
5745	35
5746	12
5747	19
5748	9
5749	20
5750	76
5751	11
5752	18
5753	26
5754	277
5755	114
5756	19
5757	22
5758	77
5759	11
5760	95
5761	56
5762	8
5763	10
5764	7
5765	154
5766	18
5767	223
5768	25
5769	12
5770	15
5771	21
5772	29
5773	63
5774	103
5775	25
5776	11
5777	9
5778	5
5779	68
5780	10
5781	10
5782	246
5783	67
5784	140
5785	54
5786	10
5787	126
5788	60
5789	35
5790	180
5791	22
5792	18
5793	19
5794	179
5795	6
5796	34
5797	13
5798	151
5799	41
5800	101
5801	168
5802	146
5803	14
5804	12
5805	96
5806	169
5807	12
5808	20
5809	27
5810	27
5811	5
5812	13
5813	147
5814	11
5815	8
5816	14
5817	81
5818	22
5819	38
5820	12
5821	19
5822	23
5823	32
5824	8
5825	6
5826	8
5827	6
5828	61
5829	11
5830	31
5831	135
5832	22
5833	22
5834	23
5835	34
5836	33
5837	115
5838	122
5839	14
5840	15
5841	105
5842	19
5843	10
5844	28
5845	105
5846	19
5847	19
5848	9
5849	164
5850	10
5851	5
5852	6
5853	38
5854	17
5855	21
5856	10
5857	10
5858	37
5859	117
5860	6
5861	14
5862	106
5863	11
5864	187
5865	24
5866	22
5867	214
5868	106
5869	6
5870	40
5871	5
5872	107
5873	74
5874	8
5875	7
5876	24
5877	126
5878	10
5879	5
5880	9
5881	41
5882	7
5883	39
5884	19
5885	19
5886	22
5887	84
5888	10
5889	106
5890	4
5891	43
5892	106
5893	94
5894	107
5895	18
5896	167
5897	12
5898	5
5899	23
5900	76
5901	8
5902	32
5903	146
5904	89
5905	9
5906	11
5907	14
5908	10
5909	9
5910	164
5911	20
5912	81
5913	13
5914	20
5915	10
5916	128
5917	16
5918	20
5919	9
5920	151
5921	136
5922	14
5923	17
5924	65
5925	20
5926	169
5927	72
5928	169
5929	132
5930	16
5931	14
5932	24
5933	21
5934	12
5935	8
5936	31
5937	22
5938	26
5939	9
5940	21
5941	49
5942	35
5943	19
5944	8
5945	7
5946	171
5947	6
5948	13
5949	124
5950	53
5951	165
5952	5
5953	18
5954	37
5955	96
5956	140
5957	43
5958	143
5959	34
5960	9
5961	70
5962	13
5963	8
5964	39
5965	19
5966	9
5967	26
5968	22
5969	16
5970	30
5971	18
5972	36
5973	80
5974	29
5975	5
5976	11
5977	82
5978	85
5979	5
5980	17
5981	108
5982	93
5983	109
5984	28
5985	4
5986	9
5987	79
5988	27
5989	47
5990	94
5991	73
5992	18
5993	87
5994	210
5995	31
5996	9
5997	5
5998	139
5999	97
6000	79
6001	17
6002	8
6003	114
6004	27
6005	62
6006	13
6007	8
6008	10
6009	103
6010	6
6011	15
6012	18
6013	11
6014	23
6015	9
6016	26
6017	148
6018	32
6019	8
6020	26
6021	6
6022	151
6023	19
6024	7
6025	38
6026	223
6027	8
6028	13
6029	6
6030	78
6031	20
6032	241
6033	21
6034	33
6035	9
6036	10
6037	106
6038	19
6039	29
6040	28
6041	144
6042	11
6043	24
6044	33
6045	14
6046	31
6047	85
6048	36
6049	77
6050	31
6051	69
6052	9
6053	12
6054	5
6055	26
6056	32
6057	96
6058	27
6059	87
6060	3
6061	9
6062	34
6063	41
6064	10
6065	11
6066	21
6067	8
6068	130
6069	7
6070	35
6071	86
6072	7
6073	12
6074	6
6075	27
6076	22
6077	119
6078	15
6079	49
6080	18
6081	16
6082	5
6083	144
6084	11
6085	6
6086	34
6087	74
6088	23
6089	11
6090	125
6091	9
6092	14
6093	10
6094	8
6095	10
6096	19
6097	36
6098	130
6099	16
6100	95
6101	15
6102	183
6103	6
6104	20
6105	10
6106	178
6107	8
6108	14
6109	15
6110	11
6111	148
6112	24
6113	31
6114	18
6115	42
6116	23
6117	29
6118	10
6119	44
6120	17
6121	42
6122	22
6123	19
6124	26
6125	22
6126	151
6127	15
6128	5
6129	6
6130	124
6131	51
6132	7
6133	273
6134	11
6135	12
6136	23
6137	163
6138	134
6139	7
6140	9
6141	7
6142	9
6143	14
6144	12
6145	49
6146	176
6147	142
6148	157
6149	13
6150	19
6151	11
6152	199
6153	5
6154	17
6155	13
6156	132
6157	23
6158	96
6159	57
6160	6
6161	14
6162	10
6163	23
6164	8
6165	22
6166	113
6167	9
6168	15
6169	90
6170	29
6171	10
6172	9
6173	19
6174	133
6175	9
6176	35
6177	66
6178	35
6179	33
6180	37
6181	38
6182	121
6183	12
6184	5
6185	9
6186	17
6187	14
6188	105
6189	108
6190	17
6191	32
6192	17
6193	13
6194	45
6195	8
6196	38
6197	14
6198	11
6199	25
6200	17
6201	5
6202	17
6203	31
6204	21
6205	135
6206	6
6207	6
6208	33
6209	15
6210	5
6211	10
6212	7
6213	45
6214	12
6215	9
6216	22
6217	18
6218	9
6219	21
6220	29
6221	120
6222	33
6223	11
6224	84
6225	13
6226	21
6227	35
6228	84
6229	338
6230	22
6231	17
6232	6
6233	5
6234	14
6235	9
6236	14
6237	98
6238	14
6239	30
6240	6
6241	34
6242	6
6243	144
6244	126
6245	91
6246	142
6247	16
6248	24
6249	24
6250	61
6251	38
6252	30
6253	7
6254	43
6255	7
6256	29
6257	25
6258	88
6259	27
6260	29
6261	39
6262	128
6263	16
6264	8
6265	27
6266	15
6267	13
6268	33
6269	134
6270	10
6271	13
6272	8
6273	14
6274	33
6275	33
6276	13
6277	52
6278	23
6279	13
6280	14
6281	9
6282	14
6283	17
6284	59
6285	117
6286	125
6287	17
6288	21
6289	23
6290	20
6291	8
6292	23
6293	12
6294	24
6295	10
6296	137
6297	162
6298	162
6299	9
6300	12
6301	80
6302	35
6303	10
6304	71
6305	24
6306	20
6307	34
6308	10
6309	49
6310	12
6311	8
6312	26
6313	159
6314	20
6315	36
6316	85
6317	46
6318	7
6319	11
6320	11
6321	9
6322	44
6323	77
6324	74
6325	31
6326	6
6327	18
6328	168
6329	18
6330	15
6331	37
6332	92
6333	125
6334	8
6335	11
6336	10
6337	32
6338	7
6339	44
6340	133
6341	26
6342	29
6343	8
6344	27
6345	8
6346	14
6347	73
6348	39
6349	126
6350	7
6351	16
6352	31
6353	20
6354	20
6355	69
6356	72
6357	28
6358	20
6359	11
6360	13
6361	21
6362	39
6363	77
6364	12
6365	37
6366	81
6367	9
6368	8
6369	21
6370	32
6371	8
6372	10
6373	5
6374	31
6375	48
6376	8
6377	9
6378	28
6379	71
6380	22
6381	123
6382	20
6383	29
6384	106
6385	12
6386	13
6387	14
6388	2
6389	86
6390	58
6391	153
6392	13
6393	16
6394	15
6395	30
6396	65
6397	87
6398	32
6399	184
6400	42
6401	94
6402	20
6403	69
6404	40
6405	5
6406	148
6407	53
6408	18
6409	5
6410	156
6411	143
6412	164
6413	41
6414	5
6415	6
6416	19
6417	12
6418	146
6419	24
6420	99
6421	11
6422	8
6423	21
6424	75
6425	112
6426	66
6427	47
6428	73
6429	35
6430	8
6431	310
6432	152
6433	66
6434	6
6435	39
6436	37
6437	12
6438	14
6439	25
6440	6
6441	8
6442	16
6443	29
6444	17
6445	11
6446	9
6447	55
6448	30
6449	84
6450	19
6451	10
6452	46
6453	109
6454	33
6455	105
6456	8
6457	8
6458	11
6459	13
6460	34
6461	102
6462	26
6463	8
6464	165
6465	23
6466	16
6467	208
6468	24
6469	7
6470	8
6471	10
6472	102
6473	20
6474	11
6475	73
6476	4
6477	7
6478	18
6479	129
6480	45
6481	21
6482	42
6483	41
6484	56
6485	13
6486	134
6487	20
6488	6
6489	46
6490	107
6491	15
6492	6
6493	5
6494	270
6495	9
6496	200
6497	115
6498	42
6499	16
6500	6
6501	11
6502	215
6503	136
6504	154
6505	86
6506	77
6507	20
6508	28
6509	36
6510	10
6511	164
6512	11
6513	85
6514	80
6515	20
6516	14
6517	16
6518	20
6519	7
6520	8
6521	13
6522	94
6523	19
6524	68
6525	13
6526	84
6527	17
6528	15
6529	9
6530	14
6531	14
6532	5
6533	134
6534	83
6535	11
6536	16
6537	16
6538	119
6539	123
6540	14
6541	48
6542	21
6543	52
6544	103
6545	168
6546	223
6547	5
6548	88
6549	28
6550	98
6551	13
6552	44
6553	106
6554	89
6555	15
6556	30
6557	31
6558	102
6559	6
6560	13
6561	13
6562	14
6563	28
6564	23
6565	5
6566	122
6567	6
6568	38
6569	20
6570	4
6571	18
6572	21
6573	21
6574	15
6575	9
6576	12
6577	14
6578	22
6579	83
6580	46
6581	7
6582	73
6583	26
6584	128
6585	11
6586	24
6587	5
6588	156
6589	28
6590	189
6591	28
6592	6
6593	153
6594	28
6595	23
6596	6
6597	169
6598	178
6599	25
6600	20
6601	7
6602	7
6603	26
6604	174
6605	47
6606	23
6607	17
6608	28
6609	98
6610	17
6611	19
6612	12
6613	8
6614	8
6615	5
6616	8
6617	11
6618	45
6619	103
6620	16
6621	12
6622	38
6623	118
6624	49
6625	18
6626	16
6627	6
6628	33
6629	35
6630	66
6631	30
6632	102
6633	17
6634	70
6635	100
6636	12
6637	14
6638	17
6639	113
6640	8
6641	57
6642	20
6643	15
6644	22
6645	136
6646	82
6647	27
6648	31
6649	19
6650	95
6651	185
6652	181
6653	5
6654	24
6655	43
6656	5
6657	24
6658	83
6659	150
6660	6
6661	13
6662	14
6663	6
6664	7
6665	99
6666	73
6667	24
6668	16
6669	53
6670	97
6671	22
6672	29
6673	80
6674	28
6675	111
6676	12
6677	6
6678	5
6679	65
6680	157
6681	22
6682	4
6683	16
6684	34
6685	28
6686	29
6687	14
6688	40
6689	8
6690	26
6691	94
6692	16
6693	114
6694	6
6695	15
6696	10
6697	23
6698	24
6699	85
6700	173
6701	30
6702	44
6703	13
6704	13
6705	115
6706	10
6707	113
6708	17
6709	8
6710	10
6711	84
6712	17
6713	14
6714	56
6715	40
6716	86
6717	12
6718	28
6719	6
6720	8
6721	10
6722	44
6723	6
6724	76
6725	20
6726	166
6727	15
6728	15
6729	26
6730	23
6731	40
6732	11
6733	16
6734	6
6735	167
6736	5
6737	23
6738	38
6739	16
6740	37
6741	102
6742	33
6743	8
6744	37
6745	29
6746	20
6747	8
6748	12
6749	7
6750	4
6751	5
6752	29
6753	79
6754	43
6755	3
6756	10
6757	22
6758	34
6759	6
6760	6
6761	9
6762	43
6763	60
6764	23
6765	37
6766	8
6767	27
6768	30
6769	43
6770	97
6771	23
6772	14
6773	26
6774	82
6775	28
6776	28
6777	33
6778	32
6779	110
6780	15
6781	15
6782	80
6783	176
6784	171
6785	6
6786	8
6787	30
6788	102
6789	17
6790	9
6791	37
6792	175
6793	205
6794	12
6795	5
6796	30
6797	23
6798	185
6799	27
6800	41
6801	168
6802	14
6803	19
6804	33
6805	161
6806	17
6807	6
6808	9
6809	270
6810	130
6811	33
6812	6
6813	14
6814	67
6815	17
6816	15
6817	101
6818	14
6819	15
6820	84
6821	124
6822	7
6823	25
6824	44
6825	93
6826	6
6827	18
6828	29
6829	38
6830	103
6831	60
6832	8
6833	14
6834	154
6835	14
6836	26
6837	38
6838	27
6839	40
6840	9
6841	181
6842	26
6843	9
6844	113
6845	7
6846	99
6847	11
6848	14
6849	27
6850	24
6851	14
6852	25
6853	92
6854	28
6855	112
6856	94
6857	48
6858	112
6859	18
6860	113
6861	12
6862	11
6863	27
6864	17
6865	22
6866	6
6867	31
6868	11
6869	5
6870	29
6871	11
6872	9
6873	18
6874	19
6875	99
6876	74
6877	9
6878	109
6879	48
6880	100
6881	22
6882	42
6883	95
6884	41
6885	79
6886	14
6887	73
6888	11
6889	9
6890	26
6891	33
6892	92
6893	20
6894	5
6895	27
6896	25
6897	27
6898	36
6899	33
6900	41
6901	76
6902	12
6903	5
6904	60
6905	20
6906	181
6907	157
6908	39
6909	153
6910	18
6911	188
6912	34
6913	7
6914	6
6915	167
6916	28
6917	169
6918	8
6919	118
6920	84
6921	123
6922	16
6923	69
6924	6
6925	12
6926	17
6927	17
6928	7
6929	8
6930	189
6931	41
6932	164
6933	27
6934	157
6935	9
6936	6
6937	15
6938	123
6939	37
6940	120
6941	18
6942	10
6943	100
6944	23
6945	18
6946	63
6947	23
6948	16
6949	23
6950	26
6951	22
6952	12
6953	9
6954	16
6955	5
6956	6
6957	20
6958	16
6959	7
6960	157
6961	18
6962	111
6963	32
6964	13
6965	113
6966	24
6967	5
6968	7
6969	22
6970	8
6971	145
6972	5
6973	13
6974	26
6975	8
6976	5
6977	46
6978	21
6979	18
6980	16
6981	23
6982	5
6983	22
6984	20
6985	21
6986	47
6987	18
6988	106
6989	91
6990	34
6991	81
6992	14
6993	96
6994	56
6995	51
6996	36
6997	39
6998	83
6999	34
7000	18
7001	97
7002	32
7003	27
7004	91
7005	67
7006	7
7007	16
7008	15
7009	6
7010	21
7011	23
7012	16
7013	150
7014	147
7015	48
7016	26
7017	15
7018	22
7019	68
7020	46
7021	14
7022	23
7023	39
7024	100
7025	173
7026	10
7027	31
7028	14
7029	10
7030	12
7031	14
7032	7
7033	5
7034	133
7035	8
7036	59
7037	23
7038	30
7039	188
7040	153
7041	5
7042	41
7043	36
7044	20
7045	107
7046	30
7047	4
7048	19
7049	122
7050	37
7051	3
7052	21
7053	33
7054	19
7055	23
7056	148
7057	7
7058	28
7059	8
7060	14
7061	10
7062	14
7063	33
7064	82
7065	32
7066	23
7067	37
7068	138
7069	17
7070	24
7071	5
7072	26
7073	8
7074	14
7075	15
7076	55
7077	94
7078	17
7079	66
7080	5
7081	6
7082	16
7083	77
7084	30
7085	81
7086	6
7087	5
7088	30
7089	7
7090	16
7091	187
7092	6
7093	34
7094	99
7095	29
7096	94
7097	16
7098	26
7099	116
7100	12
7101	20
7102	26
7103	202
7104	13
7105	25
7106	15
7107	25
7108	75
7109	6
7110	26
7111	8
7112	8
7113	32
7114	26
7115	74
7116	44
7117	81
7118	37
7119	10
7120	6
7121	25
7122	167
7123	6
7124	4
7125	14
7126	30
7127	18
7128	5
7129	26
7130	151
7131	23
7132	24
7133	109
7134	100
7135	62
7136	76
7137	5
7138	18
7139	10
7140	23
7141	9
7142	14
7143	5
7144	10
7145	6
7146	26
7147	42
7148	101
7149	84
7150	6
7151	12
7152	48
7153	87
7154	10
7155	195
7156	14
7157	14
7158	12
7159	35
7160	20
7161	4
7162	7
7163	163
7164	48
7165	9
7166	16
7167	152
7168	18
7169	103
7170	290
7171	52
7172	38
7173	21
7174	19
7175	8
7176	11
7177	23
7178	13
7179	26
7180	23
7181	5
7182	17
7183	18
7184	144
7185	119
7186	121
7187	25
7188	7
7189	189
7190	5
7191	49
7192	97
7193	19
7194	10
7195	123
7196	42
7197	109
7198	8
7199	29
7200	38
7201	6
7202	78
7203	21
7204	9
7205	104
7206	13
7207	5
7208	19
7209	63
7210	14
7211	6
7212	59
7213	28
7214	36
7215	31
7216	97
7217	89
7218	58
7219	28
7220	103
7221	5
7222	11
7223	9
7224	120
7225	5
7226	29
7227	90
7228	142
7229	98
7230	8
7231	13
7232	12
7233	19
7234	21
7235	12
7236	72
7237	127
7238	24
7239	15
7240	14
7241	30
7242	130
7243	100
7244	6
7245	5
7246	43
7247	8
7248	12
7249	28
7250	60
7251	92
7252	28
7253	22
7254	172
7255	16
7256	77
7257	103
7258	111
7259	56
7260	131
7261	169
7262	19
7263	7
7264	19
7265	29
7266	41
7267	96
7268	7
7269	16
7270	169
7271	24
7272	5
7273	12
7274	23
7275	6
7276	12
7277	14
7278	82
7279	176
7280	11
7281	27
7282	38
7283	129
7284	8
7285	110
7286	11
7287	43
7288	84
7289	58
7290	200
7291	96
7292	24
7293	64
7294	8
7295	23
7296	49
7297	87
7298	13
7299	153
7300	30
7301	109
7302	21
7303	29
7304	92
7305	42
7306	12
7307	118
7308	14
7309	15
7310	14
7311	126
7312	32
7313	13
7314	18
7315	18
7316	144
7317	11
7318	29
7319	12
7320	12
7321	6
7322	14
7323	97
7324	162
7325	15
7326	32
7327	6
7328	97
7329	35
7330	6
7331	42
7332	113
7333	15
7334	82
7335	16
7336	21
7337	24
7338	18
7339	7
7340	10
7341	182
7342	33
7343	16
7344	29
7345	20
7346	135
7347	16
7348	13
7349	65
7350	38
7351	118
7352	18
7353	27
7354	7
7355	8
7356	34
7357	28
7358	11
7359	31
7360	107
7361	24
7362	19
7363	17
7364	8
7365	14
7366	109
7367	22
7368	16
7369	16
7370	6
7371	21
7372	14
7373	81
7374	10
7375	14
7376	33
7377	36
7378	99
7379	15
7380	41
7381	15
7382	29
7383	5
7384	21
7385	11
7386	163
7387	17
7388	106
7389	94
7390	21
7391	28
7392	28
7393	18
7394	16
7395	31
7396	27
7397	16
7398	18
7399	87
7400	131
7401	17
7402	21
7403	67
7404	15
7405	27
7406	6
7407	14
7408	6
7409	30
7410	11
7411	44
7412	21
7413	39
7414	81
7415	35
7416	11
7417	8
7418	10
7419	8
7420	105
7421	22
7422	8
7423	14
7424	10
7425	26
7426	14
7427	10
7428	13
7429	17
7430	16
7431	32
7432	24
7433	11
7434	15
7435	7
7436	14
7437	7
7438	120
7439	28
7440	11
7441	48
7442	7
7443	12
7444	12
7445	21
7446	126
7447	5
7448	7
7449	13
7450	85
7451	23
7452	76
7453	4
7454	10
7455	23
7456	84
7457	104
7458	17
7459	18
7460	32
7461	174
7462	176
7463	23
7464	69
7465	28
7466	7
7467	9
7468	11
7469	129
7470	29
7471	60
7472	17
7473	9
7474	15
7475	86
7476	37
7477	33
7478	113
7479	43
7480	119
7481	57
7482	97
7483	12
7484	18
7485	7
7486	24
7487	2
7488	13
7489	5
7490	142
7491	32
7492	12
7493	40
7494	25
7495	49
7496	69
7497	19
7498	24
7499	27
7500	20
7501	7
7502	6
7503	39
7504	107
7505	145
7506	6
7507	14
7508	32
7509	168
7510	33
7511	29
7512	19
7513	20
7514	12
7515	10
7516	5
7517	24
7518	86
7519	30
7520	10
7521	10
7522	29
7523	168
7524	16
7525	12
7526	41
7527	87
7528	12
7529	115
7530	201
7531	26
7532	15
7533	36
7534	85
7535	8
7536	87
7537	28
7538	23
7539	36
7540	105
7541	27
7542	10
7543	14
7544	18
7545	26
7546	21
7547	26
7548	46
7549	94
7550	5
7551	29
7552	46
7553	102
7554	5
7555	29
7556	17
7557	14
7558	29
7559	69
7560	13
7561	5
7562	80
7563	121
7564	17
7565	144
7566	17
7567	5
7568	164
7569	14
7570	106
7571	44
7572	76
7573	16
7574	21
7575	12
7576	17
7577	66
7578	39
7579	87
7580	18
7581	10
7582	14
7583	154
7584	100
7585	146
7586	75
7587	22
7588	20
7589	8
7590	13
7591	90
7592	164
7593	163
7594	7
7595	18
7596	18
7597	14
7598	24
7599	17
7600	50
7601	9
7602	12
7603	45
7604	78
7605	37
7606	85
7607	23
7608	152
7609	31
7610	60
7611	42
7612	83
7613	16
7614	6
7615	119
7616	33
7617	29
7618	69
7619	32
7620	116
7621	18
7622	16
7623	24
7624	27
7625	23
7626	19
7627	20
7628	58
7629	10
7630	27
7631	26
7632	28
7633	16
7634	15
7635	5
7636	124
7637	71
7638	379
7639	8
7640	21
7641	16
7642	12
7643	17
7644	23
7645	5
7646	127
7647	140
7648	90
7649	218
7650	19
7651	32
7652	82
7653	154
7654	19
7655	43
7656	11
7657	35
7658	3
7659	12
7660	19
7661	9
7662	22
7663	27
7664	23
7665	21
7666	10
7667	25
7668	77
7669	34
7670	121
7671	28
7672	71
7673	87
7674	75
7675	7
7676	22
7677	163
7678	10
7679	21
7680	19
7681	7
7682	12
7683	12
7684	13
7685	9
7686	21
7687	26
7688	36
7689	114
7690	28
7691	8
7692	26
7693	9
7694	36
7695	35
7696	83
7697	10
7698	14
7699	12
7700	14
7701	27
7702	28
7703	15
7704	96
7705	5
7706	52
7707	103
7708	6
7709	16
7710	8
7711	35
7712	111
7713	106
7714	25
7715	31
7716	77
7717	7
7718	34
7719	137
7720	24
7721	117
7722	82
7723	27
7724	11
7725	109
7726	6
7727	61
7728	129
7729	30
7730	40
7731	87
7732	37
7733	136
7734	37
7735	43
7736	96
7737	28
7738	91
7739	15
7740	23
7741	10
7742	20
7743	14
7744	11
7745	18
7746	9
7747	23
7748	5
7749	9
7750	31
7751	67
7752	9
7753	5
7754	8
7755	18
7756	28
7757	7
7758	21
7759	228
7760	26
7761	168
7762	77
7763	5
7764	21
7765	58
7766	33
7767	7
7768	86
7769	74
7770	9
7771	45
7772	6
7773	25
7774	6
7775	195
7776	166
7777	20
7778	23
7779	152
7780	37
7781	13
7782	8
7783	29
7784	41
7785	92
7786	73
7787	18
7788	43
7789	21
7790	95
7791	30
7792	26
7793	32
7794	10
7795	7
7796	7
7797	44
7798	93
7799	20
7800	49
7801	119
7802	20
7803	13
7804	12
7805	117
7806	15
7807	14
7808	14
7809	38
7810	77
7811	119
7812	22
7813	40
7814	10
7815	42
7816	98
7817	151
7818	37
7819	32
7820	14
7821	26
7822	15
7823	38
7824	25
7825	136
7826	285
7827	43
7828	31
7829	9
7830	8
7831	36
7832	153
7833	5
7834	29
7835	5
7836	203
7837	5
7838	18
7839	7
7840	96
7841	197
7842	147
7843	32
7844	22
7845	163
7846	12
7847	17
7848	17
7849	43
7850	99
7851	17
7852	6
7853	185
7854	31
7855	107
7856	141
7857	43
7858	172
7859	10
7860	149
7861	92
7862	88
7863	27
7864	14
7865	44
7866	27
7867	31
7868	31
7869	15
7870	5
7871	13
7872	168
7873	18
7874	84
7875	31
7876	80
7877	15
7878	112
7879	31
7880	28
7881	17
7882	44
7883	8
7884	37
7885	23
7886	12
7887	28
7888	34
7889	127
7890	10
7891	80
7892	104
7893	9
7894	31
7895	64
7896	93
7897	21
7898	32
7899	79
7900	15
7901	16
7902	7
7903	10
7904	19
7905	135
7906	6
7907	150
7908	32
7909	22
7910	125
7911	22
7912	32
7913	87
7914	26
7915	22
7916	12
7917	36
7918	127
7919	6
7920	34
7921	25
7922	25
7923	122
7924	15
7925	99
7926	14
7927	13
7928	13
7929	185
7930	186
7931	23
7932	8
7933	8
7934	130
7935	31
7936	10
7937	21
7938	18
7939	8
7940	10
7941	29
7942	31
7943	5
7944	82
7945	39
7946	115
7947	21
7948	7
7949	20
7950	12
7951	9
7952	7
7953	73
7954	61
7955	21
7956	123
7957	29
7958	75
7959	41
7960	12
7961	26
7962	35
7963	8
7964	24
7965	10
7966	15
7967	146
7968	12
7969	130
7970	23
7971	7
7972	16
7973	14
7974	25
7975	19
7976	14
7977	10
7978	6
7979	29
7980	43
7981	21
7982	150
7983	83
7984	211
7985	16
7986	63
7987	18
7988	6
7989	27
7990	25
7991	51
7992	92
7993	136
7994	10
7995	11
7996	79
7997	46
7998	55
7999	8
8000	6
8001	161
8002	9
8003	183
8004	121
8005	33
8006	7
8007	213
8008	24
8009	87
8010	15
8011	14
8012	66
8013	24
8014	10
8015	186
8016	24
8017	83
8018	35
8019	118
8020	13
8021	20
8022	19
8023	6
8024	10
8025	24
8026	38
8027	59
8028	63
8029	89
8030	15
8031	29
8032	26
8033	23
8034	13
8035	10
8036	23
8037	9
8038	12
8039	20
8040	13
8041	28
8042	108
8043	25
8044	12
8045	97
8046	24
8047	6
8048	22
8049	92
8050	10
8051	34
8052	139
8053	15
8054	80
8055	21
8056	57
8057	130
8058	8
8059	7
8060	9
8061	10
8062	76
8063	9
8064	86
8065	24
8066	55
8067	124
8068	78
8069	9
8070	53
8071	17
8072	7
8073	101
8074	16
8075	14
8076	95
8077	20
8078	143
8079	5
8080	31
8081	40
8082	34
8083	9
8084	35
8085	95
8086	45
8087	182
8088	196
8089	16
8090	15
8091	34
8092	29
8093	12
8094	172
8095	64
8096	38
8097	24
8098	26
8099	6
8100	9
8101	14
8102	23
8103	26
8104	97
8105	6
8106	7
8107	125
8108	29
8109	19
8110	9
8111	34
8112	9
8113	14
8114	169
8115	30
8116	120
8117	23
8118	17
8119	10
8120	14
8121	8
8122	14
8123	146
8124	26
8125	28
8126	13
8127	8
8128	21
8129	24
8130	129
8131	39
8132	5
8133	7
8134	9
8135	184
8136	108
8137	60
8138	13
8139	9
8140	116
8141	24
8142	17
8143	111
8144	17
8145	31
8146	18
8147	7
8148	105
8149	8
8150	11
8151	216
8152	39
8153	8
8154	17
8155	17
8156	7
8157	5
8158	20
8159	71
8160	29
8161	11
8162	17
8163	11
8164	45
8165	95
8166	23
8167	74
8168	10
8169	25
8170	131
8171	39
8172	83
8173	40
8174	108
8175	21
8176	22
8177	53
8178	144
8179	8
8180	26
8181	117
8182	169
8183	25
8184	55
8185	33
8186	106
8187	14
8188	118
8189	7
8190	88
8191	24
8192	29
8193	27
8194	7
8195	7
8196	14
8197	15
8198	136
8199	15
8200	143
8201	104
8202	30
8203	80
8204	8
8205	49
8206	137
8207	105
8208	30
8209	24
8210	115
8211	22
8212	58
8213	9
8214	22
8215	45
8216	133
8217	40
8218	18
8219	5
8220	46
8221	76
8222	18
8223	146
8224	17
8225	52
8226	102
8227	14
8228	66
8229	4
8230	9
8231	102
8232	47
8233	7
8234	10
8235	16
8236	5
8237	32
8238	24
8239	28
8240	18
8241	9
8242	23
8243	18
8244	6
8245	8
8246	5
8247	14
8248	31
8249	10
8250	16
8251	50
8252	87
8253	127
8254	14
8255	15
8256	102
8257	7
8258	5
8259	130
8260	59
8261	22
8262	43
8263	24
8264	105
8265	105
8266	123
8267	14
8268	20
8269	42
8270	129
8271	20
8272	139
8273	21
8274	117
8275	31
8276	73
8277	155
8278	138
8279	34
8280	77
8281	6
8282	13
8283	7
8284	121
8285	32
8286	8
8287	16
8288	14
8289	12
8290	195
8291	3
8292	17
8293	14
8294	142
8295	19
8296	13
8297	6
8298	136
8299	77
8300	121
8301	23
8302	109
8303	8
8304	5
8305	32
8306	77
8307	160
8308	5
8309	14
8310	26
8311	20
8312	3
8313	7
8314	19
8315	10
8316	43
8317	18
8318	61
8319	9
8320	10
8321	5
8322	191
8323	4
8324	239
8325	12
8326	11
8327	70
8328	171
8329	27
8330	185
8331	9
8332	4
8333	82
8334	38
8335	34
8336	18
8337	146
8338	23
8339	11
8340	10
8341	137
8342	36
8343	47
8344	123
8345	81
8346	26
8347	130
8348	23
8349	27
8350	103
8351	14
8352	135
8353	113
8354	8
8355	5
8356	19
8357	6
8358	4
8359	13
8360	17
8361	29
8362	7
8363	10
8364	9
8365	32
8366	6
8367	94
8368	9
8369	48
8370	24
8371	13
8372	153
8373	19
8374	13
8375	43
8376	37
8377	16
8378	97
8379	50
8380	16
8381	36
8382	82
8383	40
8384	7
8385	150
8386	62
8387	77
8388	26
8389	82
8390	29
8391	118
8392	6
8393	18
8394	154
8395	105
8396	37
8397	28
8398	29
8399	15
8400	94
8401	142
8402	68
8403	26
8404	29
8405	29
8406	14
8407	7
8408	147
8409	90
8410	48
8411	53
8412	8
8413	31
8414	176
8415	5
8416	10
8417	7
8418	15
8419	18
8420	30
8421	24
8422	5
8423	109
8424	13
8425	8
8426	44
8427	114
8428	122
8429	10
8430	30
8431	26
8432	112
8433	3
8434	161
8435	16
8436	26
8437	20
8438	11
8439	14
8440	27
8441	5
8442	133
8443	72
8444	15
8445	29
8446	8
8447	6
8448	28
8449	159
8450	29
8451	22
8452	16
8453	4
8454	114
8455	34
8456	80
8457	19
8458	110
8459	5
8460	94
8461	87
8462	36
8463	25
8464	53
8465	128
8466	19
8467	16
8468	6
8469	11
8470	8
8471	7
8472	19
8473	14
8474	19
8475	134
8476	82
8477	96
8478	12
8479	21
8480	10
8481	13
8482	142
8483	113
8484	29
8485	41
8486	23
8487	64
8488	41
8489	86
8490	118
8491	10
8492	36
8493	6
8494	25
8495	33
8496	12
8497	17
8498	9
8499	15
8500	45
8501	22
8502	14
8503	17
8504	17
8505	7
8506	14
8507	69
8508	8
8509	18
8510	45
8511	26
8512	28
8513	12
8514	26
8515	48
8516	6
8517	53
8518	9
8519	12
8520	34
8521	50
8522	4
8523	5
8524	24
8525	7
8526	10
8527	137
8528	5
8529	23
8530	8
8531	177
8532	85
8533	25
8534	15
8535	16
8536	21
8537	153
8538	11
8539	10
8540	13
8541	103
8542	163
8543	33
8544	28
8545	5
8546	74
8547	13
8548	13
8549	80
8550	80
8551	75
8552	26
8553	163
8554	172
8555	15
8556	15
8557	150
8558	88
8559	5
8560	81
8561	15
8562	35
8563	99
8564	86
8565	32
8566	10
8567	113
8568	255
8569	25
8570	100
8571	33
8572	50
8573	103
8574	153
8575	14
8576	95
8577	153
8578	22
8579	20
8580	6
8581	33
8582	81
8583	128
8584	79
8585	84
8586	109
8587	5
8588	32
8589	14
8590	43
8591	13
8592	12
8593	21
8594	103
8595	19
8596	11
8597	6
8598	12
8599	13
8600	154
8601	5
8602	28
8603	26
8604	17
8605	181
8606	84
8607	92
8608	19
8609	10
8610	9
8611	18
8612	10
8613	13
8614	15
8615	23
8616	42
8617	32
8618	103
8619	31
8620	6
8621	13
8622	109
8623	36
8624	142
8625	98
8626	8
8627	14
8628	7
8629	11
8630	23
8631	64
8632	23
8633	15
8634	12
8635	10
8636	9
8637	16
8638	9
8639	26
8640	16
8641	2
8642	17
8643	24
8644	22
8645	25
8646	28
8647	155
8648	23
8649	24
8650	8
8651	8
8652	27
8653	15
8654	10
8655	154
8656	37
8657	11
8658	8
8659	48
8660	101
8661	4
8662	101
8663	6
8664	19
8665	36
8666	5
8667	21
8668	14
8669	21
8670	81
8671	131
8672	17
8673	5
8674	22
8675	26
8676	18
8677	145
8678	13
8679	9
8680	35
8681	15
8682	38
8683	95
8684	16
8685	78
8686	15
8687	7
8688	115
8689	17
8690	142
8691	10
8692	26
8693	33
8694	79
8695	16
8696	20
8697	6
8698	29
8699	36
8700	96
8701	14
8702	7
8703	5
8704	149
8705	7
8706	15
8707	96
8708	17
8709	6
8710	22
8711	19
8712	18
8713	32
8714	18
8715	8
8716	17
8717	14
8718	12
8719	5
8720	5
8721	6
8722	23
8723	21
8724	10
8725	17
8726	135
8727	27
8728	10
8729	18
8730	24
8731	10
8732	9
8733	22
8734	30
8735	16
8736	14
8737	8
8738	35
8739	101
8740	17
8741	12
8742	14
8743	26
8744	23
8745	15
8746	8
8747	8
8748	24
8749	80
8750	6
8751	35
8752	5
8753	14
8754	41
8755	99
8756	13
8757	22
8758	129
8759	40
8760	26
8761	119
8762	89
8763	8
8764	11
8765	8
8766	6
8767	27
8768	34
8769	8
8770	35
8771	8
8772	7
8773	13
8774	119
8775	27
8776	168
8777	24
8778	26
8779	43
8780	23
8781	102
8782	27
8783	17
8784	11
8785	13
8786	5
8787	16
8788	23
8789	17
8790	35
8791	204
8792	18
8793	40
8794	87
8795	24
8796	10
8797	31
8798	39
8799	30
8800	38
8801	79
8802	173
8803	19
8804	178
8805	17
8806	7
8807	15
8808	26
8809	25
8810	7
8811	92
8812	43
8813	120
8814	14
8815	154
8816	5
8817	154
8818	25
8819	29
8820	30
8821	10
8822	37
8823	28
8824	7
8825	90
8826	47
8827	19
8828	11
8829	7
8830	14
8831	169
8832	90
8833	7
8834	33
8835	24
8836	44
8837	96
8838	187
8839	120
8840	16
8841	17
8842	103
8843	4
8844	22
8845	25
8846	5
8847	92
8848	142
8849	2
8850	37
8851	24
8852	23
8853	158
8854	201
8855	7
8856	32
8857	77
8858	13
8859	14
8860	23
8861	4
8862	34
8863	141
8864	108
8865	11
8866	5
8867	145
8868	9
8869	12
8870	17
8871	22
8872	28
8873	19
8874	18
8875	30
8876	77
8877	143
8878	12
8879	11
8880	84
8881	32
8882	21
8883	113
8884	13
8885	83
8886	125
8887	12
8888	11
8889	11
8890	7
8891	21
8892	75
8893	38
8894	176
8895	26
8896	20
8897	24
8898	20
8899	100
8900	6
8901	8
8902	31
8903	21
8904	6
8905	8
8906	79
8907	24
8908	12
8909	32
8910	31
8911	84
8912	20
8913	9
8914	150
8915	134
8916	17
8917	15
8918	7
8919	81
8920	38
8921	84
8922	6
8923	26
8924	6
8925	17
8926	36
8927	20
8928	86
8929	173
8930	11
8931	8
8932	24
8933	67
8934	26
8935	31
8936	101
8937	4
8938	27
8939	155
8940	6
8941	21
8942	31
8943	130
8944	9
8945	160
8946	44
8947	19
8948	34
8949	80
8950	26
8951	33
8952	101
8953	23
8954	162
8955	44
8956	24
8957	19
8958	35
8959	139
8960	6
8961	37
8962	6
8963	75
8964	5
8965	142
8966	19
8967	110
8968	13
8969	126
8970	17
8971	13
8972	19
8973	9
8974	14
8975	10
8976	5
8977	22
8978	99
8979	106
8980	5
8981	10
8982	10
8983	6
8984	91
8985	64
8986	13
8987	28
8988	12
8989	10
8990	11
8991	21
8992	28
8993	201
8994	36
8995	162
8996	73
8997	50
8998	6
8999	22
9000	24
9001	23
9002	20
9003	22
9004	31
9005	110
9006	11
9007	26
9008	153
9009	46
9010	104
9011	14
9012	13
9013	40
9014	5
9015	8
9016	34
9017	2
9018	22
9019	31
9020	37
9021	97
9022	22
9023	13
9024	16
9025	101
9026	5
9027	32
9028	77
9029	36
9030	84
9031	11
9032	52
9033	8
9034	113
9035	58
9036	16
9037	39
9038	12
9039	74
9040	27
9041	8
9042	8
9043	40
9044	119
9045	24
9046	29
9047	24
9048	48
9049	39
9050	63
9051	99
9052	7
9053	12
9054	131
9055	33
9056	4
9057	23
9058	158
9059	23
9060	8
9061	120
9062	30
9063	129
9064	36
9065	83
9066	17
9067	82
9068	9
9069	184
9070	146
9071	6
9072	84
9073	128
9074	10
9075	9
9076	14
9077	8
9078	9
9079	6
9080	7
9081	8
9082	33
9083	33
9084	81
9085	180
9086	7
9087	25
9088	7
9089	70
9090	14
9091	76
9092	11
9093	12
9094	17
9095	10
9096	29
9097	16
9098	16
9099	13
9100	38
9101	75
9102	8
9103	10
9104	26
9105	84
9106	7
9107	11
9108	71
9109	177
9110	38
9111	10
9112	7
9113	58
9114	35
9115	13
9116	20
9117	18
9118	161
9119	105
9120	9
9121	16
9122	89
9123	25
9124	5
9125	27
9126	28
9127	25
9128	14
9129	204
9130	20
9131	6
9132	19
9133	29
9134	13
9135	8
9136	7
9137	106
9138	44
9139	80
9140	23
9141	6
9142	9
9143	41
9144	25
9145	111
9146	13
9147	5
9148	31
9149	132
9150	28
9151	7
9152	37
9153	23
9154	10
9155	15
9156	5
9157	165
9158	117
9159	26
9160	12
9161	174
9162	10
9163	16
9164	41
9165	6
9166	43
9167	118
9168	44
9169	87
9170	23
9171	7
9172	152
9173	7
9174	84
9175	5
9176	8
9177	83
9178	27
9179	18
9180	15
9181	25
9182	5
9183	9
9184	44
9185	90
9186	29
9187	77
9188	142
9189	27
9190	7
9191	93
9192	20
9193	27
9194	26
9195	25
9196	130
9197	112
9198	8
9199	23
9200	149
9201	4
9202	7
9203	13
9204	8
9205	150
9206	20
9207	84
9208	12
9209	8
9210	3
9211	79
9212	3
9213	6
9214	34
9215	94
9216	5
9217	20
9218	14
9219	28
9220	16
9221	77
9222	8
9223	41
9224	140
9225	112
9226	21
9227	10
9228	7
9229	137
9230	31
9231	27
9232	14
9233	65
9234	7
9235	24
9236	10
9237	78
9238	19
9239	141
9240	86
9241	27
9242	143
9243	25
9244	14
9245	85
9246	121
9247	8
9248	9
9249	16
9250	6
9251	49
9252	84
9253	34
9254	9
9255	25
9256	81
9257	12
9258	82
9259	13
9260	120
9261	26
9262	20
9263	114
9264	13
9265	90
9266	6
9267	12
9268	211
9269	36
9270	13
9271	88
9272	20
9273	20
9274	103
9275	113
9276	22
9277	138
9278	26
9279	23
9280	9
9281	8
9282	23
9283	12
9284	127
9285	103
9286	219
9287	36
9288	77
9289	12
9290	57
9291	118
9292	15
9293	66
9294	15
9295	13
9296	12
9297	34
9298	11
9299	60
9300	15
9301	25
9302	66
9303	24
9304	5
9305	61
9306	5
9307	8
9308	170
9309	9
9310	14
9311	33
9312	77
9313	6
9314	25
9315	13
9316	14
9317	13
9318	18
9319	87
9320	6
9321	77
9322	30
9323	24
9324	5
9325	16
9326	84
9327	6
9328	26
9329	6
9330	5
9331	8
9332	3
9333	23
9334	13
9335	180
9336	11
9337	5
9338	5
9339	14
9340	22
9341	21
9342	9
9343	161
9344	10
9345	13
9346	14
9347	34
9348	9
9349	16
9350	140
9351	22
9352	125
9353	11
9354	13
9355	20
9356	148
9357	88
9358	11
9359	143
9360	109
9361	14
9362	24
9363	127
9364	146
9365	94
9366	30
9367	10
9368	39
9369	87
9370	39
9371	106
9372	10
9373	110
9374	164
9375	10
9376	29
9377	5
9378	11
9379	56
9380	25
9381	79
9382	13
9383	37
9384	14
9385	175
9386	71
9387	84
9388	25
9389	32
9390	19
9391	10
9392	5
9393	32
9394	81
9395	30
9396	23
9397	12
9398	6
9399	41
9400	37
9401	27
9402	14
9403	83
9404	110
9405	208
9406	23
9407	63
9408	5
9409	119
9410	71
9411	55
9412	141
9413	18
9414	19
9415	11
9416	81
9417	121
9418	15
9419	23
9420	29
9421	20
9422	40
9423	7
9424	224
9425	25
9426	33
9427	200
9428	164
9429	168
9430	9
9431	29
9432	30
9433	10
9434	102
9435	182
9436	14
9437	30
9438	8
9439	29
9440	146
9441	30
9442	13
9443	17
9444	13
9445	25
9446	22
9447	52
9448	25
9449	27
9450	24
9451	23
9452	134
9453	33
9454	168
9455	51
9456	9
9457	22
9458	48
9459	120
9460	49
9461	35
9462	171
9463	23
9464	10
9465	30
9466	9
9467	84
9468	90
9469	19
9470	18
9471	124
9472	7
9473	12
9474	26
9475	14
9476	48
9477	54
9478	23
9479	40
9480	177
9481	22
9482	23
9483	12
9484	55
9485	19
9486	105
9487	120
9488	103
9489	48
9490	45
9491	151
9492	335
9493	11
9494	111
9495	97
9496	17
9497	8
9498	101
9499	16
9500	5
9501	18
9502	9
9503	13
9504	8
9505	5
9506	34
9507	14
9508	99
9509	132
9510	14
9511	18
9512	7
9513	29
9514	7
9515	26
9516	31
9517	17
9518	18
9519	13
9520	24
9521	132
9522	12
9523	40
9524	114
9525	17
9526	8
9527	31
9528	21
9529	33
9530	12
9531	15
9532	42
9533	9
9534	198
9535	9
9536	14
9537	171
9538	6
9539	15
9540	16
9541	14
9542	7
9543	30
9544	9
9545	30
9546	106
9547	24
9548	96
9549	9
9550	10
9551	6
9552	13
9553	15
9554	6
9555	29
9556	157
9557	99
9558	52
9559	102
9560	26
9561	13
9562	139
9563	37
9564	30
9565	214
9566	41
9567	34
9568	5
9569	30
9570	5
9571	34
9572	6
9573	194
9574	176
9575	18
9576	21
9577	10
9578	13
9579	18
9580	8
9581	34
9582	28
9583	207
9584	28
9585	73
9586	101
9587	97
9588	43
9589	13
9590	126
9591	14
9592	120
9593	7
9594	14
9595	43
9596	96
9597	84
9598	93
9599	77
9600	28
9601	19
9602	5
9603	26
9604	6
9605	13
9606	8
9607	181
9608	9
9609	61
9610	156
9611	136
9612	64
9613	37
9614	25
9615	5
9616	41
9617	113
9618	119
9619	6
9620	142
9621	4
9622	15
9623	22
9624	49
9625	9
9626	20
9627	34
9628	121
9629	25
9630	27
9631	55
9632	106
9633	45
9634	77
9635	176
9636	40
9637	8
9638	17
9639	191
9640	129
9641	29
9642	171
9643	22
9644	7
9645	132
9646	29
9647	128
9648	20
9649	163
9650	38
9651	94
9652	22
9653	7
9654	58
9655	18
9656	18
9657	14
9658	10
9659	116
9660	4
9661	17
9662	11
9663	23
9664	12
9665	41
9666	113
9667	93
9668	40
9669	28
9670	30
9671	98
9672	19
9673	26
9674	32
9675	40
9676	42
9677	136
9678	32
9679	5
9680	25
9681	33
9682	57
9683	15
9684	14
9685	46
9686	13
9687	38
9688	30
9689	93
9690	28
9691	118
9692	33
9693	20
9694	28
9695	9
9696	21
9697	73
9698	10
9699	10
9700	23
9701	39
9702	108
9703	23
9704	106
9705	5
9706	16
9707	26
9708	9
9709	24
9710	8
9711	16
9712	5
9713	83
9714	8
9715	14
9716	35
9717	17
9718	11
9719	16
9720	158
9721	7
9722	117
9723	53
9724	70
9725	24
9726	23
9727	10
9728	34
9729	5
9730	12
9731	20
9732	179
9733	7
9734	26
9735	15
9736	159
9737	22
9738	110
9739	6
9740	24
9741	14
9742	118
9743	24
9744	8
9745	29
9746	21
9747	38
9748	119
9749	18
9750	20
9751	14
9752	14
9753	16
9754	170
9755	17
9756	10
9757	161
9758	10
9759	135
9760	40
9761	260
9762	37
9763	33
9764	140
9765	58
9766	7
9767	206
9768	114
9769	39
9770	112
9771	10
9772	11
9773	38
9774	106
9775	6
9776	41
9777	14
9778	21
9779	5
9780	148
9781	31
9782	80
9783	163
9784	8
9785	20
9786	24
9787	16
9788	34
9789	18
9790	33
9791	87
9792	33
9793	203
9794	10
9795	12
9796	64
9797	120
9798	153
9799	8
9800	42
9801	97
9802	204
9803	57
9804	10
9805	5
9806	44
9807	18
9808	9
9809	35
9810	33
9811	84
9812	24
9813	12
9814	37
9815	14
9816	194
9817	90
9818	36
9819	101
9820	134
9821	67
9822	86
9823	8
9824	143
9825	7
9826	162
9827	54
9828	185
9829	190
9830	17
9831	21
9832	93
9833	4
9834	18
9835	12
9836	9
9837	7
9838	39
9839	115
9840	179
9841	7
9842	28
9843	54
9844	161
9845	156
9846	7
9847	201
9848	5
9849	2
9850	16
9851	11
9852	48
9853	13
9854	33
9855	13
9856	9
9857	13
9858	16
9859	38
9860	35
9861	17
9862	25
9863	9
9864	5
9865	46
9866	5
9867	10
9868	22
9869	92
9870	128
9871	20
9872	26
9873	21
9874	34
9875	9
9876	124
9877	123
9878	20
9879	27
9880	188
9881	38
9882	17
9883	24
9884	13
9885	38
9886	22
9887	42
9888	142
9889	9
9890	5
9891	34
9892	55
9893	33
9894	119
9895	116
9896	9
9897	14
9898	130
9899	43
9900	10
9901	17
9902	13
9903	5
9904	32
9905	5
9906	49
9907	19
9908	87
9909	113
9910	16
9911	21
9912	129
9913	20
9914	40
9915	24
9916	24
9917	21
9918	19
9919	63
9920	38
9921	9
9922	24
9923	69
9924	203
9925	140
9926	36
9927	18
9928	127
9929	143
9930	32
9931	142
9932	15
9933	13
9934	84
9935	33
9936	71
9937	41
9938	8
9939	6
9940	19
9941	7
9942	14
9943	43
9944	96
9945	28
9946	19
9947	47
9948	123
9949	80
9950	154
9951	139
9952	158
9953	13
9954	21
9955	5
9956	28
9957	20
9958	115
9959	20
9960	5
9961	13
9962	5
9963	20
9964	39
9965	12
9966	187
9967	32
9968	69
9969	43
9970	30
9971	26
9972	19
9973	21
9974	45
9975	20
9976	116
9977	8
9978	273
9979	22
9980	135
9981	12
9982	19
9983	125
9984	5
9985	24
9986	32
9987	14
9988	26
9989	9
9990	14
9991	24
9992	23
9993	68
9994	15
9995	11
9996	24
9997	109
9998	25
9999	17
10000	7
10001	8
10002	19
10003	28
10004	8
10005	8
10006	264
10007	108
10008	12
10009	5
10010	5
10011	58
10012	87
10013	17
10014	30
10015	29
10016	182
10017	27
10018	29
10019	15
10020	47
10021	28
10022	117
10023	87
10024	18
10025	13
10026	12
10027	7
10028	23
10029	8
10030	8
10031	13
10032	34
10033	21
10034	48
10035	26
10036	5
10037	38
10038	97
10039	51
10040	38
10041	140
10042	145
10043	149
10044	6
10045	12
10046	116
10047	19
10048	14
10049	44
10050	120
10051	105
10052	47
10053	101
10054	149
10055	9
10056	26
10057	26
10058	193
10059	20
10060	84
10061	15
10062	118
10063	29
10064	183
10065	132
10066	35
10067	14
10068	25
10069	61
10070	61
10071	38
10072	200
10073	10
10074	9
10075	187
10076	24
10077	139
10078	15
10079	50
10080	94
10081	31
10082	29
10083	12
10084	19
10085	136
10086	13
10087	16
10088	7
10089	11
10090	31
10091	19
10092	9
10093	39
10094	66
10095	89
10096	5
10097	19
10098	130
10099	128
10100	46
10101	2
10102	144
10103	37
10104	77
10105	160
10106	38
10107	101
10108	14
10109	8
10110	80
10111	25
10112	23
10113	16
10114	92
10115	15
10116	43
10117	120
10118	37
10119	19
10120	54
10121	6
10122	108
10123	171
10124	11
10125	7
10126	5
10127	25
10128	48
10129	73
10130	107
10131	276
10132	21
10133	69
10134	7
10135	25
10136	29
10137	9
10138	19
10139	6
10140	47
10141	6
10142	79
10143	10
10144	11
10145	23
10146	47
10147	18
10148	13
10149	23
10150	9
10151	7
10152	10
10153	20
10154	66
10155	25
10156	16
10157	149
10158	12
10159	25
10160	170
10161	18
10162	9
10163	23
10164	33
10165	12
10166	21
10167	118
10168	15
10169	17
10170	98
10171	22
10172	31
10173	25
10174	88
10175	8
10176	10
10177	135
10178	9
10179	17
10180	130
10181	125
10182	41
10183	19
10184	127
10185	6
10186	9
10187	30
10188	13
10189	15
10190	53
10191	5
10192	9
10193	42
10194	217
10195	123
10196	5
10197	15
10198	31
10199	16
10200	151
10201	33
10202	28
10203	35
10204	133
10205	30
10206	46
10207	92
10208	27
10209	6
10210	129
10211	8
10212	39
10213	37
10214	45
10215	12
10216	8
10217	153
10218	22
10219	6
10220	22
10221	105
10222	89
10223	29
10224	30
10225	29
10226	85
10227	10
10228	136
10229	38
10230	24
10231	14
10232	13
10233	31
10234	14
10235	52
10236	77
10237	54
10238	30
10239	13
10240	19
10241	13
10242	31
10243	16
10244	5
10245	29
10246	113
10247	102
10248	27
10249	17
10250	109
10251	5
10252	47
10253	172
10254	33
10255	5
10256	9
10257	147
10258	3
10259	61
10260	52
10261	144
10262	29
10263	24
10264	49
10265	20
10266	5
10267	10
10268	8
10269	10
10270	20
10271	21
10272	149
10273	47
10274	8
10275	143
10276	25
10277	67
10278	25
10279	16
10280	155
10281	178
10282	51
10283	36
10284	10
10285	170
10286	163
10287	6
10288	28
10289	15
10290	29
10291	104
10292	6
10293	29
10294	83
10295	13
10296	18
10297	25
10298	13
10299	19
10300	24
10301	18
10302	200
10303	28
10304	24
10305	27
10306	30
10307	71
10308	148
10309	202
10310	20
10311	122
10312	7
10313	45
10314	146
10315	6
10316	14
10317	30
10318	48
10319	16
10320	12
10321	225
10322	5
10323	96
10324	77
10325	84
10326	239
10327	38
10328	122
10329	162
10330	16
10331	114
10332	152
10333	50
10334	119
10335	12
10336	73
10337	16
10338	39
10339	31
10340	10
10341	34
10342	227
10343	27
10344	73
10345	16
10346	43
10347	82
10348	146
10349	24
10350	22
10351	19
10352	13
10353	205
10354	14
10355	37
10356	24
10357	37
10358	128
10359	13
10360	31
10361	142
10362	29
10363	210
10364	41
10365	33
10366	15
10367	13
10368	260
10369	68
10370	30
10371	20
10372	20
10373	26
10374	45
10375	204
10376	8
10377	106
10378	103
10379	19
10380	21
10381	22
10382	19
10383	129
10384	16
10385	18
10386	8
10387	41
10388	17
10389	117
10390	162
10391	21
10392	5
10393	9
10394	47
10395	114
10396	41
10397	7
10398	10
10399	5
10400	13
10401	39
10402	7
10403	12
10404	23
10405	26
10406	13
10407	10
10408	6
10409	44
10410	37
10411	26
10412	10
10413	22
10414	67
10415	3
10416	19
10417	14
10418	148
10419	37
10420	96
10421	135
10422	9
10423	20
10424	67
10425	25
10426	31
10427	5
10428	6
10429	29
10430	14
10431	31
10432	24
10433	13
10434	150
10435	5
10436	5
10437	18
10438	14
10439	14
10440	33
10441	12
10442	114
10443	47
10444	44
10445	80
10446	16
10447	7
10448	15
10449	26
10450	5
10451	34
10452	115
10453	20
10454	54
10455	59
10456	121
10457	37
10458	88
10459	149
10460	22
10461	130
10462	29
10463	7
10464	17
10465	25
10466	93
10467	10
10468	12
10469	193
10470	28
10471	373
10472	10
10473	113
10474	23
10475	114
10476	16
10477	166
10478	8
10479	185
10480	15
10481	9
10482	229
10483	22
10484	16
10485	4
10486	37
10487	5
10488	203
10489	22
10490	14
10491	121
10492	144
10493	12
10494	158
10495	6
10496	91
10497	30
10498	7
10499	32
10500	9
10501	74
10502	179
10503	129
10504	5
10505	12
10506	24
10507	41
10508	16
10509	94
10510	59
10511	85
10512	9
10513	39
10514	40
10515	14
10516	56
10517	255
10518	33
10519	186
10520	9
10521	68
10522	150
10523	33
10524	42
10525	66
10526	14
10527	24
10528	28
10529	144
10530	7
10531	23
10532	31
10533	22
10534	42
10535	8
10536	20
10537	44
10538	55
10539	19
10540	14
10541	317
10542	6
10543	43
10544	22
10545	140
10546	13
10547	14
10548	10
10549	108
10550	11
10551	203
10552	19
10553	100
10554	126
10555	26
10556	80
10557	14
10558	95
10559	11
10560	34
10561	7
10562	38
10563	101
10564	37
10565	102
10566	28
10567	37
10568	32
10569	29
10570	145
10571	38
10572	126
10573	103
10574	166
10575	82
10576	7
10577	102
10578	10
10579	8
10580	6
10581	24
10582	29
10583	11
10584	14
10585	58
10586	48
10587	227
10588	5
10589	11
10590	17
10591	43
10592	10
10593	137
10594	10
10595	13
10596	79
10597	4
10598	22
10599	7
10600	173
10601	19
10602	20
10603	96
10604	55
10605	4
10606	39
10607	22
10608	96
10609	21
10610	81
10611	49
10612	5
10613	23
10614	100
10615	12
10616	5
10617	6
10618	27
10619	15
10620	48
10621	166
10622	5
10623	9
10624	16
10625	32
10626	9
10627	8
10628	37
10629	50
10630	60
10631	26
10632	21
10633	26
10634	11
10635	15
10636	30
10637	11
10638	38
10639	142
10640	10
10641	3
10642	26
10643	10
10644	97
10645	166
10646	10
10647	20
10648	169
10649	25
10650	11
10651	26
10652	11
10653	6
10654	172
10655	14
10656	3
10657	64
10658	6
10659	15
10660	14
10661	151
10662	18
10663	7
10664	4
10665	52
10666	133
10667	33
10668	5
10669	40
10670	115
10671	33
10672	10
10673	207
10674	24
10675	131
10676	5
10677	110
10678	7
10679	33
10680	2
10681	19
10682	89
10683	7
10684	15
10685	24
10686	8
10687	16
10688	6
10689	20
10690	134
10691	120
10692	87
10693	4
10694	39
10695	119
10696	129
10697	6
10698	59
10699	25
10700	6
10701	9
10702	121
10703	23
10704	19
10705	52
10706	36
10707	17
10708	101
10709	125
10710	8
10711	8
10712	50
10713	32
10714	194
10715	14
10716	79
10717	14
10718	169
10719	47
10720	4
10721	212
10722	166
10723	19
10724	12
10725	28
10726	34
10727	10
10728	13
10729	10
10730	187
10731	59
10732	103
10733	36
10734	22
10735	21
10736	211
10737	27
10738	29
10739	77
10740	98
10741	29
10742	9
10743	35
10744	140
10745	243
10746	140
10747	192
10748	23
10749	80
10750	13
10751	155
10752	26
10753	58
10754	20
10755	34
10756	45
10757	21
10758	24
10759	29
10760	13
10761	34
10762	13
10763	14
10764	23
10765	130
10766	14
10767	19
10768	12
10769	142
10770	234
10771	14
10772	24
10773	121
10774	95
10775	25
10776	26
10777	10
10778	65
10779	55
10780	228
10781	119
10782	10
10783	257
10784	42
10785	17
10786	7
10787	130
10788	27
10789	37
10790	6
10791	14
10792	51
10793	31
10794	13
10795	20
10796	5
10797	157
10798	71
10799	7
10800	28
10801	221
10802	14
10803	50
10804	89
10805	3
10806	19
10807	31
10808	10
10809	34
10810	10
10811	12
10812	46
10813	29
10814	52
10815	61
10816	44
10817	29
10818	14
10819	16
10820	34
10821	39
10822	36
10823	285
10824	6
10825	4
10826	18
10827	75
10828	13
10829	17
10830	16
10831	95
10832	8
10833	21
10834	5
10835	10
10836	35
10837	94
10838	7
10839	10
10840	33
10841	15
10842	29
10843	65
10844	40
10845	101
10846	16
10847	17
10848	26
10849	32
10850	42
10851	6
10852	19
10853	9
10854	13
10855	22
10856	10
10857	127
10858	17
10859	7
10860	5
10861	152
10862	173
10863	30
10864	117
10865	2
10866	13
10867	26
10868	128
10869	99
10870	27
10871	81
10872	18
10873	113
10874	102
10875	6
10876	9
10877	8
10878	25
10879	22
10880	21
10881	154
10882	8
10883	23
10884	163
10885	6
10886	38
10887	36
10888	172
10889	12
10890	47
10891	45
10892	9
10893	186
10894	157
10895	243
10896	34
10897	101
10898	20
10899	23
10900	170
10901	240
10902	115
10903	176
10904	200
10905	5
10906	31
10907	16
10908	8
10909	164
10910	185
10911	5
10912	149
10913	159
10914	32
10915	221
10916	139
10917	234
10918	9
10919	218
10920	14
10921	14
10922	10
10923	74
10924	52
10925	18
10926	31
10927	160
10928	245
10929	33
10930	21
10931	6
10932	165
10933	14
10934	7
10935	16
10936	105
10937	16
10938	37
10939	14
10940	38
10941	95
10942	161
10943	74
10944	15
10945	5
10946	6
10947	5
10948	14
10949	13
10950	9
10951	8
10952	37
10953	101
10954	135
10955	44
10956	115
10957	30
10958	16
10959	14
10960	151
10961	28
10962	26
10963	93
10964	15
10965	104
10966	7
10967	19
10968	39
10969	11
10970	108
10971	32
10972	9
10973	71
10974	113
10975	9
10976	14
10977	38
10978	11
10979	17
10980	69
10981	221
10982	8
10983	5
10984	115
10985	39
10986	6
10987	164
10988	26
10989	120
10990	10
10991	16
10992	5
10993	17
10994	9
10995	92
10996	17
10997	19
10998	11
10999	22
11000	17
11001	21
11002	156
11003	9
11004	6
11005	48
11006	33
11007	37
11008	134
11009	7
11010	176
11011	109
11012	40
11013	42
11014	84
11015	147
11016	7
11017	8
11018	5
11019	8
11020	21
11021	39
11022	13
11023	52
11024	22
11025	25
11026	133
11027	6
11028	116
11029	22
11030	36
11031	76
11032	11
11033	112
11034	49
11035	9
11036	31
11037	32
11038	37
11039	5
11040	24
11041	13
11042	16
11043	124
11044	20
11045	7
11046	92
11047	53
11048	6
11049	9
11050	6
11051	13
11052	16
11053	21
11054	177
11055	20
11056	117
11057	16
11058	27
11059	17
11060	3
11061	13
11062	12
11063	26
11064	19
11065	9
11066	32
11067	2
11068	16
11069	112
11070	13
11071	8
11072	21
11073	96
11074	5
11075	5
11076	5
11077	14
11078	5
11079	5
11080	7
11081	97
11082	26
