0	20
1	2
2	5
3	3
4	2
5	3
6	3
7	6
8	3
9	15
10	22
11	3
12	32
13	33
14	7
15	27
16	25
17	2
18	4
19	3
20	3
21	25
22	5
23	4
24	3
25	4
26	12
27	2
28	5
29	4
30	2
31	5
32	21
33	6
34	2
35	7
36	4
37	7
38	4
39	24
40	15
41	5
42	4
43	7
44	3
45	4
46	7
47	18
48	3
49	3
50	8
51	8
52	11
53	22
54	4
55	4
56	3
57	5
58	2
59	2
60	6
61	42
62	5
63	4
64	3
65	3
66	2
67	3
68	3
69	5
70	6
71	3
72	3
73	3
74	3
75	2
76	26
77	9
78	17
79	5
80	4
81	22
82	7
83	8
84	2
85	32
86	3
87	5
88	3
89	7
90	13
91	6
92	4
93	16
94	25
95	4
96	3
97	4
98	4
99	28
100	15
101	6
102	10
103	5
104	10
105	4
106	16
107	2
108	8
109	15
110	4
111	3
112	6
113	23
114	15
115	7
116	4
117	4
118	7
119	2
120	3
121	7
122	3
123	7
124	5
125	2
126	17
127	16
128	2
129	16
130	3
131	29
132	6
133	11
134	20
135	8
136	3
137	4
138	22
139	15
140	7
141	12
142	4
143	15
144	5
145	2
146	4
147	15
148	39
149	6
150	3
151	7
152	8
153	13
154	5
155	8
156	5
157	29
158	4
159	3
160	29
161	8
162	24
163	6
164	24
165	23
166	5
167	2
168	17
169	4
170	3
171	5
172	4
173	7
174	7
175	7
176	17
177	8
178	11
179	29
180	2
181	3
182	31
183	4
184	3
185	15
186	5
187	4
188	2
189	5
190	14
191	4
192	7
193	4
194	13
195	3
196	5
197	4
198	6
199	34
200	4
201	4
202	2
203	12
204	15
205	3
206	8
207	3
208	3
209	6
210	2
211	3
212	6
213	23
214	16
215	5
216	5
217	8
218	13
219	10
220	9
221	8
222	6
223	9
224	8
225	17
226	9
227	21
228	3
229	3
230	8
231	25
232	6
233	5
234	24
235	16
236	4
237	3
238	3
239	2
240	6
241	6
242	5
243	6
244	6
245	5
246	4
247	3
248	5
249	3
250	14
251	6
252	4
253	7
254	2
255	3
256	5
257	7
258	4
259	10
260	25
261	6
262	11
263	4
264	4
265	4
266	15
267	14
268	7
269	3
270	6
271	9
272	20
273	2
274	26
275	3
276	3
277	5
278	2
279	6
280	5
281	2
282	3
283	6
284	8
285	17
286	4
287	8
288	18
289	7
290	4
291	11
292	13
293	2
294	4
295	3
296	4
297	5
298	5
299	32
300	16
301	5
302	2
303	5
304	13
305	2
306	8
307	5
308	4
309	19
310	47
311	9
312	12
313	3
314	3
315	4
316	36
317	5
318	10
319	28
320	3
321	5
322	34
323	12
324	3
325	12
326	45
327	5
328	4
329	7
330	2
331	3
332	8
333	9
334	18
335	6
336	4
337	23
338	3
339	27
340	3
341	22
342	3
343	3
344	5
345	2
346	4
347	9
348	3
349	30
350	5
351	8
352	14
353	5
354	3
355	4
356	3
357	8
358	20
359	17
360	2
361	5
362	9
363	17
364	3
365	2
366	28
367	6
368	18
369	4
370	2
371	23
372	32
373	3
374	13
375	3
376	3
377	14
378	2
379	7
380	2
381	5
382	3
383	22
384	5
385	4
386	3
387	6
388	5
389	3
390	3
391	6
392	51
393	6
394	3
395	2
396	4
397	4
398	33
399	9
400	8
401	3
402	4
403	3
404	9
405	18
406	16
407	3
408	3
409	4
410	14
411	6
412	13
413	11
414	20
415	17
416	24
417	3
418	5
419	55
420	22
421	8
422	26
423	5
424	9
425	26
426	6
427	15
428	24
429	18
430	25
431	32
432	7
433	5
434	7
435	26
436	32
437	6
438	4
439	2
440	3
441	16
442	4
443	8
444	16
445	5
446	4
447	2
448	3
449	5
450	3
451	3
452	4
453	15
454	6
455	7
456	2
457	5
458	16
459	3
460	3
461	15
462	3
463	3
464	2
465	17
466	5
467	16
468	6
469	3
470	4
471	18
472	14
473	3
474	20
475	5
476	3
477	5
478	5
479	7
480	2
481	7
482	34
483	7
484	3
485	9
486	22
487	3
488	2
489	4
490	7
491	14
492	2
493	32
494	3
495	15
496	3
497	24
498	4
499	25
500	28
501	5
502	2
503	5
504	4
505	6
506	17
507	14
508	6
509	7
510	20
511	4
512	2
513	26
514	4
515	7
516	19
517	7
518	4
519	3
520	3
521	13
522	4
523	5
524	22
525	6
526	3
527	24
528	13
529	2
530	2
531	4
532	14
533	2
534	20
535	14
536	5
537	3
538	3
539	34
540	29
541	5
542	10
543	21
544	24
545	16
546	2
547	3
548	3
549	3
550	6
551	11
552	19
553	21
554	3
555	7
556	8
557	3
558	3
559	3
560	3
561	6
562	7
563	12
564	16
565	18
566	6
567	3
568	5
569	11
570	10
571	18
572	7
573	4
574	3
575	3
576	18
577	4
578	8
579	25
580	11
581	18
582	6
583	17
584	7
585	3
586	14
587	5
588	3
589	3
590	28
591	2
592	18
593	3
594	3
595	3
596	13
597	3
598	3
599	32
600	24
601	3
602	27
603	3
604	3
605	3
606	2
607	4
608	2
609	3
610	9
611	21
612	3
613	6
614	7
615	19
616	4
617	4
618	36
619	19
620	4
621	6
622	13
623	4
624	4
625	14
626	8
627	17
628	14
629	15
630	2
631	3
632	17
633	5
634	4
635	2
636	5
637	16
638	5
639	4
640	4
641	17
642	2
643	10
644	17
645	8
646	17
647	20
648	4
649	21
650	7
651	3
652	16
653	6
654	15
655	7
656	16
657	2
658	3
659	2
660	9
661	19
662	4
663	5
664	3
665	2
666	15
667	4
668	8
669	2
670	2
671	4
672	3
673	26
674	14
675	26
676	5
677	9
678	2
679	5
680	23
681	16
682	31
683	9
684	2
685	7
686	6
687	5
688	4
689	7
690	7
691	3
692	3
693	20
694	36
695	14
696	5
697	3
698	9
699	20
700	16
701	3
702	26
703	7
704	3
705	6
706	5
707	5
708	24
709	2
710	2
711	8
712	31
713	3
714	2
715	4
716	2
717	15
718	2
719	6
720	3
721	5
722	15
723	3
724	11
725	22
726	3
727	2
728	2
729	3
730	3
731	2
732	3
733	2
734	15
735	5
736	5
737	5
738	14
739	2
740	8
741	19
742	17
743	4
744	6
745	8
746	3
747	3
748	2
749	5
750	3
751	2
752	14
753	34
754	2
755	18
756	23
757	7
758	3
759	23
760	7
761	14
762	9
763	5
764	3
765	6
766	8
767	14
768	9
769	3
770	7
771	4
772	5
773	32
774	13
775	3
776	6
777	4
778	24
779	4
780	3
781	3
782	4
783	24
784	3
785	6
786	6
787	14
788	2
789	3
790	8
791	32
792	3
793	2
794	2
795	32
796	7
797	5
798	5
799	25
800	5
801	5
802	18
803	3
804	5
805	6
806	8
807	12
808	24
809	6
810	6
811	14
812	3
813	9
814	18
815	5
816	4
817	6
818	4
819	3
820	19
821	3
822	5
823	13
824	40
825	8
826	21
827	18
828	25
829	11
830	3
831	32
832	4
833	3
834	4
835	6
836	11
837	5
838	7
839	7
840	14
841	7
842	15
843	7
844	5
845	3
846	26
847	22
848	4
849	22
850	14
851	5
852	4
853	3
854	3
855	14
856	28
857	2
858	3
859	2
860	8
861	3
862	5
863	7
864	8
865	5
866	4
867	28
868	5
869	19
870	6
871	26
872	19
873	3
874	5
875	4
876	5
877	5
878	4
879	24
880	4
881	13
882	8
883	15
884	30
885	7
886	6
887	5
888	2
889	6
890	14
891	2
892	6
893	5
894	5
895	3
896	15
897	24
898	2
899	4
900	6
901	3
902	33
903	17
904	27
905	22
906	3
907	4
908	14
909	4
910	5
911	20
912	3
913	2
914	3
915	3
916	3
917	4
918	4
919	4
920	3
921	3
922	7
923	19
924	6
925	7
926	4
927	14
928	2
929	13
930	7
931	7
932	3
933	24
934	6
935	15
936	34
937	22
938	8
939	14
940	3
941	4
942	18
943	5
944	19
945	4
946	2
947	5
948	22
949	7
950	3
951	3
952	2
953	5
954	5
955	28
956	5
957	2
958	19
959	6
960	5
961	7
962	14
963	2
964	6
965	7
966	6
967	8
968	19
969	3
970	3
971	3
972	4
973	3
974	6
975	3
976	4
977	2
978	5
979	22
980	5
981	18
982	2
983	5
984	6
985	7
986	4
987	3
988	5
989	24
990	5
991	10
992	20
993	5
994	3
995	5
996	36
997	2
998	4
999	3
1000	28
1001	4
1002	15
1003	38
1004	19
1005	3
1006	23
1007	9
1008	20
1009	33
1010	3
1011	4
1012	2
1013	10
1014	16
1015	8
1016	3
1017	10
1018	3
1019	4
1020	7
1021	3
1022	7
1023	7
1024	3
1025	3
1026	3
1027	14
1028	6
1029	23
1030	21
1031	4
1032	2
1033	4
1034	21
1035	8
1036	6
1037	6
1038	3
1039	12
1040	2
1041	11
1042	7
1043	11
1044	22
1045	27
1046	2
1047	5
1048	35
1049	6
1050	2
1051	5
1052	28
1053	8
1054	8
1055	4
1056	4
1057	5
1058	26
1059	3
1060	3
1061	3
1062	7
1063	3
1064	3
1065	10
1066	22
1067	3
1068	8
1069	22
1070	2
1071	4
1072	30
1073	8
1074	5
1075	6
1076	3
1077	8
1078	3
1079	13
1080	4
1081	4
1082	4
1083	3
1084	6
1085	3
1086	7
1087	2
1088	16
1089	3
1090	6
1091	3
1092	6
1093	7
1094	6
1095	3
1096	6
1097	10
1098	18
1099	4
1100	3
1101	8
1102	17
1103	8
1104	19
1105	5
1106	5
1107	4
1108	11
1109	2
1110	3
1111	4
1112	3
1113	6
1114	9
1115	16
1116	3
1117	4
1118	3
1119	26
1120	9
1121	3
1122	3
1123	3
1124	3
1125	3
1126	3
1127	12
1128	5
1129	2
1130	4
1131	5
1132	28
1133	3
1134	6
1135	3
1136	10
1137	22
1138	7
1139	26
1140	8
1141	15
1142	15
1143	3
1144	3
1145	18
1146	14
1147	4
1148	24
1149	2
1150	5
1151	5
1152	18
1153	16
1154	3
1155	8
1156	20
1157	3
1158	3
1159	6
1160	11
1161	8
1162	2
1163	5
1164	22
1165	2
1166	2
1167	2
1168	28
1169	5
1170	14
1171	8
1172	2
1173	6
1174	3
1175	3
1176	3
1177	15
1178	9
1179	21
1180	7
1181	24
1182	26
1183	3
1184	4
1185	8
1186	24
1187	2
1188	6
1189	5
1190	2
1191	4
1192	8
1193	16
1194	2
1195	14
1196	5
1197	33
1198	12
1199	5
1200	8
1201	14
1202	4
1203	14
1204	8
1205	28
1206	4
1207	4
1208	5
1209	19
1210	4
1211	3
1212	2
1213	6
1214	15
1215	32
1216	6
1217	6
1218	4
1219	17
1220	4
1221	28
1222	5
1223	17
1224	8
1225	7
1226	16
1227	33
1228	4
1229	7
1230	8
1231	3
1232	3
1233	3
1234	3
1235	6
1236	33
1237	6
1238	6
1239	28
1240	9
1241	12
1242	3
1243	4
1244	17
1245	4
1246	2
1247	3
1248	2
1249	2
1250	5
1251	3
1252	15
1253	2
1254	3
1255	14
1256	7
1257	16
1258	4
1259	7
1260	2
1261	4
1262	2
1263	4
1264	2
1265	3
1266	2
1267	4
1268	6
1269	4
1270	6
1271	6
1272	26
1273	3
1274	18
1275	3
1276	24
1277	6
1278	25
1279	3
1280	35
1281	4
1282	2
1283	4
1284	4
1285	30
1286	7
1287	6
1288	5
1289	10
1290	5
1291	7
1292	3
1293	6
1294	4
1295	3
1296	3
1297	4
1298	4
1299	4
1300	3
1301	23
1302	5
1303	14
1304	2
1305	6
1306	3
1307	5
1308	20
1309	35
1310	5
1311	5
1312	14
1313	10
1314	19
1315	11
1316	4
1317	3
1318	6
1319	13
1320	28
1321	3
1322	3
1323	3
1324	14
1325	16
1326	9
1327	21
1328	2
1329	8
1330	20
1331	7
1332	5
1333	8
1334	19
1335	7
1336	32
1337	17
1338	5
1339	28
1340	30
1341	11
1342	18
1343	5
1344	12
1345	24
1346	5
1347	7
1348	7
1349	27
1350	14
1351	19
1352	5
1353	2
1354	3
1355	4
1356	6
1357	26
1358	5
1359	15
1360	9
1361	6
1362	2
1363	8
1364	4
1365	25
1366	3
1367	5
1368	31
1369	15
1370	5
1371	20
1372	3
1373	3
1374	7
1375	3
1376	9
1377	10
1378	14
1379	21
1380	6
1381	3
1382	29
1383	7
1384	9
1385	3
1386	8
1387	25
1388	8
1389	4
1390	12
1391	5
1392	7
1393	16
1394	3
1395	30
1396	6
1397	26
1398	8
1399	19
1400	5
1401	2
1402	7
1403	16
1404	4
1405	5
1406	30
1407	15
1408	7
1409	5
1410	24
1411	2
1412	4
1413	8
1414	19
1415	5
1416	5
1417	6
1418	2
1419	5
1420	4
1421	4
1422	19
1423	3
1424	3
1425	3
1426	5
1427	6
1428	3
1429	7
1430	19
1431	10
1432	18
1433	28
1434	5
1435	13
1436	18
1437	5
1438	3
1439	24
1440	14
1441	20
1442	5
1443	9
1444	3
1445	2
1446	3
1447	29
1448	6
1449	8
1450	49
1451	3
1452	15
1453	15
1454	3
1455	34
1456	16
1457	17
1458	17
1459	5
1460	3
1461	3
1462	6
1463	26
1464	8
1465	9
1466	4
1467	3
1468	2
1469	11
1470	23
1471	2
1472	2
1473	15
1474	37
1475	2
1476	3
1477	5
1478	30
1479	12
1480	3
1481	5
1482	3
1483	3
1484	3
1485	9
1486	3
1487	3
1488	16
1489	21
1490	18
1491	2
1492	4
1493	2
1494	43
1495	25
1496	4
1497	2
1498	6
1499	38
1500	2
1501	2
1502	8
1503	23
1504	4
1505	27
1506	35
1507	35
1508	20
1509	9
1510	9
1511	31
1512	3
1513	5
1514	4
1515	15
1516	2
1517	3
1518	19
1519	21
1520	5
1521	15
1522	9
1523	8
1524	20
1525	15
1526	19
1527	3
1528	3
1529	3
1530	4
1531	2
1532	16
1533	5
1534	19
1535	2
1536	26
1537	6
1538	3
1539	5
1540	13
1541	3
1542	6
1543	4
1544	2
1545	2
1546	17
1547	9
1548	2
1549	3
1550	6
1551	7
1552	4
1553	3
1554	4
1555	24
1556	5
1557	3
1558	6
1559	5
1560	27
1561	2
1562	13
1563	2
1564	4
1565	18
1566	2
1567	22
1568	3
1569	3
1570	4
1571	17
1572	2
1573	23
1574	36
1575	5
1576	2
1577	2
1578	5
1579	5
1580	3
1581	5
1582	4
1583	5
1584	5
1585	4
1586	3
1587	3
1588	2
1589	3
1590	30
1591	5
1592	8
1593	20
1594	8
1595	16
1596	5
1597	3
1598	19
1599	5
1600	5
1601	5
1602	27
1603	10
1604	3
1605	2
1606	2
1607	3
1608	3
1609	2
1610	14
1611	6
1612	4
1613	5
1614	5
1615	26
1616	3
1617	4
1618	6
1619	5
1620	5
1621	5
1622	2
1623	6
1624	5
1625	7
1626	19
1627	21
1628	22
1629	24
1630	20
1631	2
1632	30
1633	2
1634	3
1635	4
1636	8
1637	2
1638	3
1639	16
1640	3
1641	4
1642	2
1643	6
1644	21
1645	2
1646	9
1647	2
1648	2
1649	15
1650	27
1651	5
1652	7
1653	11
1654	3
1655	42
1656	23
1657	15
1658	5
1659	8
1660	4
1661	17
1662	8
1663	2
1664	13
1665	24
1666	4
1667	2
1668	10
1669	3
1670	3
1671	6
1672	7
1673	9
1674	12
1675	5
1676	23
1677	5
1678	4
1679	12
1680	19
1681	2
1682	6
1683	9
1684	6
1685	3
1686	5
1687	15
1688	8
1689	7
1690	17
1691	2
1692	4
1693	12
1694	33
1695	5
1696	3
1697	2
1698	5
1699	2
1700	37
1701	7
1702	15
1703	5
1704	6
1705	3
1706	6
1707	10
1708	6
1709	8
1710	9
1711	24
1712	35
1713	13
1714	2
1715	14
1716	24
1717	42
1718	28
1719	8
1720	5
1721	6
1722	12
1723	4
1724	7
1725	28
1726	4
1727	3
1728	13
1729	2
1730	3
1731	19
1732	24
1733	3
1734	20
1735	21
1736	3
1737	3
1738	3
1739	10
1740	17
1741	40
1742	20
1743	24
1744	6
1745	5
1746	9
1747	27
1748	6
1749	9
1750	7
1751	5
1752	8
1753	5
1754	8
1755	17
1756	3
1757	3
1758	3
1759	3
1760	4
1761	14
1762	3
1763	6
1764	6
1765	4
1766	5
1767	22
1768	3
1769	2
1770	5
1771	16
1772	2
1773	6
1774	3
1775	5
1776	3
1777	32
1778	29
1779	7
1780	4
1781	5
1782	4
1783	3
1784	14
1785	6
1786	23
1787	9
1788	2
1789	10
1790	28
1791	29
1792	7
1793	3
1794	2
1795	11
1796	22
1797	2
1798	38
1799	4
1800	10
1801	3
1802	3
1803	4
1804	6
1805	17
1806	8
1807	6
1808	7
1809	5
1810	17
1811	16
1812	43
1813	7
1814	18
1815	5
1816	12
1817	18
1818	2
1819	7
1820	8
1821	15
1822	13
1823	3
1824	3
1825	4
1826	33
1827	4
1828	2
1829	19
1830	27
1831	2
1832	10
1833	21
1834	8
1835	24
1836	4
1837	3
1838	6
1839	5
1840	5
1841	2
1842	12
1843	2
1844	22
1845	32
1846	7
1847	14
1848	5
1849	5
1850	4
1851	3
1852	5
1853	27
1854	3
1855	29
1856	9
1857	17
1858	3
1859	3
1860	2
1861	2
1862	6
1863	3
1864	2
1865	26
1866	9
1867	6
1868	2
1869	2
1870	2
1871	5
1872	3
1873	6
1874	12
1875	12
1876	5
1877	4
1878	4
1879	21
1880	3
1881	9
1882	5
1883	4
1884	2
1885	2
1886	6
1887	9
1888	38
1889	8
1890	3
1891	18
1892	2
1893	2
1894	4
1895	8
1896	23
1897	27
1898	2
1899	18
1900	24
1901	6
1902	2
1903	5
1904	5
1905	4
1906	7
1907	5
1908	3
1909	2
1910	32
1911	4
1912	4
1913	37
1914	25
1915	5
1916	7
1917	3
1918	7
1919	8
1920	3
1921	8
1922	5
1923	5
1924	20
1925	3
1926	8
1927	16
1928	17
1929	4
1930	2
1931	2
1932	9
1933	30
1934	5
1935	17
1936	5
1937	3
1938	8
1939	42
1940	39
1941	19
1942	17
1943	6
1944	3
1945	16
1946	2
1947	41
1948	3
1949	3
1950	2
1951	5
1952	17
1953	4
1954	4
1955	7
1956	3
1957	6
1958	9
1959	2
1960	31
1961	3
1962	3
1963	6
1964	4
1965	5
1966	3
1967	2
1968	6
1969	9
1970	28
1971	29
1972	8
1973	3
1974	2
1975	9
1976	6
1977	4
1978	3
1979	9
1980	11
1981	8
1982	26
1983	3
1984	9
1985	7
1986	7
1987	7
1988	2
1989	2
1990	16
1991	6
1992	3
1993	3
1994	6
1995	3
1996	24
1997	4
1998	3
1999	4
2000	3
2001	4
2002	2
2003	3
2004	3
2005	3
2006	9
2007	21
2008	6
2009	4
2010	7
2011	3
2012	35
2013	17
2014	18
2015	2
2016	6
2017	2
2018	3
2019	9
2020	7
2021	16
2022	2
2023	8
2024	2
2025	35
2026	3
2027	4
2028	16
2029	4
2030	18
2031	4
2032	18
2033	17
2034	8
2035	4
2036	5
2037	6
2038	15
2039	5
2040	11
2041	24
2042	3
2043	19
2044	4
2045	2
2046	23
2047	9
2048	16
2049	49
2050	10
2051	20
2052	9
2053	27
2054	3
2055	3
2056	6
2057	9
2058	17
2059	3
2060	7
2061	4
2062	6
2063	20
2064	3
2065	2
2066	17
2067	2
2068	15
2069	2
2070	3
2071	6
2072	22
2073	2
2074	14
2075	6
2076	4
2077	3
2078	7
2079	7
2080	2
2081	8
2082	17
2083	4
2084	9
2085	38
2086	30
2087	7
2088	7
2089	16
2090	2
2091	5
2092	12
2093	2
2094	9
2095	4
2096	19
2097	2
2098	22
2099	30
2100	4
2101	6
2102	2
2103	3
2104	5
2105	5
2106	22
2107	6
2108	2
2109	24
2110	3
2111	8
2112	3
2113	5
2114	2
2115	32
2116	16
2117	5
2118	2
2119	5
2120	3
2121	5
2122	3
2123	4
2124	3
2125	8
2126	3
2127	3
2128	6
2129	26
2130	7
2131	17
2132	4
2133	3
2134	28
2135	6
2136	22
2137	2
2138	2
2139	3
2140	24
2141	35
2142	6
2143	5
2144	2
2145	4
2146	11
2147	19
2148	2
2149	5
2150	4
2151	3
2152	5
2153	17
2154	20
2155	35
2156	5
2157	4
2158	8
2159	17
2160	11
2161	17
2162	8
2163	18
2164	25
2165	13
2166	5
2167	3
2168	3
2169	3
2170	6
2171	4
2172	3
2173	8
2174	22
2175	5
2176	7
2177	8
2178	4
2179	3
2180	5
2181	2
2182	3
2183	39
2184	16
2185	34
2186	6
2187	4
2188	2
2189	3
2190	10
2191	26
2192	4
2193	4
2194	16
2195	5
2196	3
2197	9
2198	4
2199	16
2200	7
2201	6
2202	2
2203	3
2204	22
2205	2
2206	3
2207	5
2208	7
2209	14
2210	5
2211	3
2212	3
2213	28
2214	7
2215	17
2216	5
2217	2
2218	4
2219	5
2220	20
2221	2
2222	3
2223	23
2224	5
2225	2
2226	13
2227	21
2228	11
2229	4
2230	4
2231	25
2232	6
2233	5
2234	4
2235	7
2236	7
2237	45
2238	3
2239	2
2240	4
2241	31
2242	30
2243	7
2244	2
2245	3
2246	3
2247	5
2248	10
2249	30
2250	23
2251	6
2252	18
2253	30
2254	12
2255	7
2256	11
2257	2
2258	5
2259	2
2260	17
2261	8
2262	9
2263	3
2264	3
2265	9
2266	4
2267	4
2268	3
2269	9
2270	15
2271	6
2272	13
2273	23
2274	2
2275	3
2276	5
2277	2
2278	5
2279	4
2280	17
2281	26
2282	3
2283	3
2284	3
2285	27
2286	3
2287	5
2288	3
2289	18
2290	3
2291	3
2292	2
2293	3
2294	22
2295	8
2296	5
2297	2
2298	5
2299	3
2300	3
2301	3
2302	18
2303	3
2304	4
2305	24
2306	3
2307	4
2308	2
2309	4
2310	13
2311	5
2312	5
2313	15
2314	3
2315	27
2316	8
2317	14
2318	3
2319	10
2320	21
2321	4
2322	7
2323	9
2324	5
2325	3
2326	3
2327	3
2328	3
2329	31
2330	5
2331	4
2332	4
2333	3
2334	16
2335	4
2336	2
2337	7
2338	17
2339	8
2340	5
2341	3
2342	20
2343	3
2344	2
2345	15
2346	34
2347	26
2348	31
2349	4
2350	3
2351	14
2352	3
2353	4
2354	7
2355	20
2356	15
2357	14
2358	16
2359	4
2360	3
2361	5
2362	29
2363	5
2364	3
2365	3
2366	3
2367	16
2368	3
2369	2
2370	6
2371	4
2372	6
2373	40
2374	2
2375	10
2376	22
2377	2
2378	5
2379	6
2380	7
2381	3
2382	3
2383	8
2384	17
2385	18
2386	16
2387	2
2388	9
2389	4
2390	3
2391	5
2392	5
2393	16
2394	5
2395	4
2396	4
2397	25
2398	7
2399	19
2400	6
2401	4
2402	22
2403	7
2404	6
2405	16
2406	2
2407	3
2408	2
2409	4
2410	3
2411	3
2412	19
2413	35
2414	7
2415	35
2416	9
2417	5
2418	2
2419	24
2420	5
2421	4
2422	6
2423	3
2424	5
2425	30
2426	6
2427	7
2428	3
2429	6
2430	5
2431	30
2432	3
2433	22
2434	10
2435	6
2436	21
2437	8
2438	18
2439	3
2440	21
2441	23
2442	3
2443	2
2444	31
2445	25
2446	3
2447	3
2448	8
2449	2
2450	4
2451	19
2452	23
2453	13
2454	5
2455	24
2456	5
2457	6
2458	18
2459	3
2460	30
2461	4
2462	29
2463	9
2464	9
2465	3
2466	18
2467	26
2468	18
2469	6
2470	8
2471	12
2472	14
2473	42
2474	12
2475	17
2476	4
2477	3
2478	6
2479	7
2480	30
2481	3
2482	3
2483	5
2484	20
2485	2
2486	5
2487	17
2488	27
2489	5
2490	5
2491	5
2492	15
2493	3
2494	3
2495	2
2496	21
2497	3
2498	12
2499	4
2500	6
2501	22
2502	4
2503	17
2504	3
2505	4
2506	6
2507	10
2508	3
2509	2
2510	17
2511	4
2512	6
2513	4
2514	7
2515	2
2516	3
2517	3
2518	4
2519	6
2520	6
2521	20
2522	5
2523	5
2524	21
2525	5
2526	3
2527	6
2528	22
2529	7
2530	29
2531	4
2532	8
2533	23
2534	23
2535	5
2536	13
2537	3
2538	3
2539	7
2540	10
2541	16
2542	5
2543	3
2544	4
2545	7
2546	9
2547	17
2548	9
2549	20
2550	6
2551	8
2552	5
2553	4
2554	3
2555	4
2556	4
2557	3
2558	5
2559	2
2560	3
2561	3
2562	3
2563	5
2564	16
2565	4
2566	6
2567	22
2568	8
2569	19
2570	14
2571	16
2572	8
2573	20
2574	4
2575	7
2576	3
2577	3
2578	6
2579	26
2580	5
2581	3
2582	8
2583	16
2584	4
2585	4
2586	6
2587	5
2588	23
2589	50
2590	2
2591	4
2592	6
2593	5
2594	3
2595	3
2596	2
2597	3
2598	4
2599	14
2600	4
2601	7
2602	9
2603	7
2604	2
2605	3
2606	5
2607	5
2608	5
2609	2
2610	4
2611	3
2612	6
2613	5
2614	2
2615	4
2616	29
2617	8
2618	7
2619	29
2620	9
2621	2
2622	4
2623	26
2624	3
2625	6
2626	22
2627	3
2628	2
2629	18
2630	15
2631	5
2632	17
2633	16
2634	5
2635	5
2636	2
2637	9
2638	18
2639	7
2640	15
2641	4
2642	3
2643	3
2644	6
2645	7
2646	14
2647	4
2648	7
2649	26
2650	5
2651	8
2652	2
2653	2
2654	17
2655	8
2656	2
2657	3
2658	33
2659	8
2660	21
2661	2
2662	6
2663	17
2664	3
2665	3
2666	22
2667	19
2668	17
2669	5
2670	5
2671	6
2672	13
2673	7
2674	18
2675	3
2676	5
2677	9
2678	22
2679	13
2680	3
2681	4
2682	2
2683	6
2684	5
2685	18
2686	2
2687	12
2688	17
2689	4
2690	18
2691	3
2692	15
2693	4
2694	23
2695	4
2696	3
2697	24
2698	6
2699	22
2700	14
2701	18
2702	2
2703	3
2704	8
2705	4
2706	28
2707	7
2708	22
2709	3
2710	6
2711	5
2712	14
2713	4
2714	19
2715	2
2716	2
2717	4
2718	28
2719	6
2720	14
2721	4
2722	5
2723	2
2724	8
2725	19
2726	11
2727	5
2728	27
2729	7
2730	5
2731	3
2732	8
2733	16
2734	2
2735	2
2736	5
2737	26
2738	41
2739	4
2740	2
2741	7
2742	2
2743	5
2744	8
2745	32
2746	3
2747	15
2748	26
2749	28
2750	29
2751	3
2752	3
2753	2
2754	3
2755	3
2756	3
2757	8
2758	16
2759	8
2760	19
2761	5
2762	4
2763	4
2764	31
2765	16
2766	18
2767	3
2768	6
2769	3
2770	2
2771	2
2772	2
2773	8
2774	4
2775	7
2776	17
2777	23
2778	26
2779	2
2780	8
2781	23
2782	5
2783	6
2784	5
2785	3
2786	24
2787	6
2788	12
2789	2
2790	3
2791	8
2792	5
2793	13
2794	5
2795	12
2796	34
2797	4
2798	5
2799	4
2800	4
2801	7
2802	4
2803	10
2804	27
2805	10
2806	18
2807	4
2808	8
2809	8
2810	9
2811	22
2812	2
2813	4
2814	36
2815	4
2816	2
2817	8
2818	9
2819	5
2820	11
2821	25
2822	3
2823	3
2824	5
2825	3
2826	3
2827	8
2828	29
2829	3
2830	9
2831	2
2832	4
2833	2
2834	7
2835	3
2836	9
2837	2
2838	4
2839	2
2840	3
2841	7
2842	2
2843	3
2844	14
2845	5
2846	5
2847	5
2848	5
2849	9
2850	6
2851	4
2852	3
2853	5
2854	14
2855	2
2856	14
2857	5
2858	6
2859	31
2860	10
2861	20
2862	19
2863	31
2864	4
2865	3
2866	5
2867	10
2868	5
2869	22
2870	10
2871	3
2872	2
2873	18
2874	11
2875	30
2876	3
2877	4
2878	32
2879	7
2880	25
2881	5
2882	2
2883	3
2884	2
2885	4
2886	4
2887	20
2888	2
2889	2
2890	12
2891	2
2892	19
2893	2
2894	2
2895	6
2896	28
2897	6
2898	8
2899	5
2900	3
2901	5
2902	5
2903	26
2904	4
2905	18
2906	3
2907	17
2908	3
2909	3
2910	7
2911	3
2912	3
2913	2
2914	7
2915	5
2916	6
2917	8
2918	15
2919	6
2920	3
2921	4
2922	5
2923	11
2924	18
2925	4
2926	7
2927	7
2928	2
2929	28
2930	22
2931	5
2932	5
2933	4
2934	3
2935	8
2936	15
2937	26
2938	24
2939	14
2940	3
2941	26
2942	4
2943	3
2944	23
2945	6
2946	9
2947	16
2948	9
2949	3
2950	11
2951	21
2952	3
2953	6
2954	5
2955	4
2956	5
2957	4
2958	6
2959	2
2960	4
2961	3
2962	31
2963	15
2964	3
2965	10
2966	18
2967	4
2968	6
2969	26
2970	17
2971	3
2972	5
2973	5
2974	5
2975	4
2976	3
2977	4
2978	7
2979	5
2980	4
2981	3
2982	5
2983	4
2984	6
2985	3
2986	2
2987	3
2988	2
2989	3
2990	2
2991	2
2992	3
2993	3
2994	3
2995	6
2996	5
2997	26
2998	2
2999	5
3000	2
3001	3
3002	8
3003	20
3004	4
3005	7
3006	15
3007	8
3008	20
3009	34
3010	7
3011	6
3012	24
3013	7
3014	4
3015	9
3016	4
3017	2
3018	2
3019	2
3020	2
3021	4
3022	14
3023	19
3024	5
3025	4
3026	4
3027	7
3028	5
3029	7
3030	2
3031	4
3032	8
3033	29
3034	5
3035	3
3036	4
3037	29
3038	35
3039	4
3040	3
3041	3
3042	6
3043	4
3044	18
3045	3
3046	4
3047	7
3048	2
3049	6
3050	5
3051	7
3052	3
3053	19
3054	2
3055	2
3056	6
3057	3
3058	5
3059	2
3060	9
3061	5
3062	6
3063	7
3064	5
3065	9
3066	2
3067	2
3068	4
3069	8
3070	7
3071	5
3072	5
3073	3
3074	2
3075	2
3076	3
3077	2
3078	9
3079	4
3080	7
3081	3
3082	3
3083	4
3084	3
3085	3
3086	28
3087	9
3088	19
3089	14
3090	3
3091	5
3092	11
3093	20
3094	4
3095	3
3096	2
3097	20
3098	2
3099	3
3100	6
3101	4
3102	2
3103	4
3104	2
3105	18
3106	5
3107	11
3108	3
3109	20
3110	4
3111	21
3112	14
3113	5
3114	5
3115	14
3116	3
3117	7
3118	3
3119	6
3120	26
3121	4
3122	18
3123	3
3124	3
3125	4
3126	6
3127	28
3128	5
3129	2
3130	36
3131	4
3132	2
3133	25
3134	18
3135	9
3136	21
3137	2
3138	2
3139	35
3140	5
3141	8
3142	3
3143	2
3144	3
3145	3
3146	4
3147	10
3148	16
3149	15
3150	14
3151	8
3152	13
3153	3
3154	30
3155	3
3156	2
3157	15
3158	3
3159	3
3160	2
3161	4
3162	7
3163	14
3164	9
3165	18
3166	3
3167	28
3168	5
3169	3
3170	6
3171	8
3172	10
3173	16
3174	6
3175	7
3176	18
3177	5
3178	3
3179	12
3180	5
3181	5
3182	3
3183	8
3184	19
3185	3
3186	3
3187	21
3188	21
3189	14
3190	5
3191	3
3192	3
3193	4
3194	4
3195	4
3196	15
3197	11
3198	22
3199	16
3200	14
3201	12
3202	4
3203	11
3204	24
3205	28
3206	4
3207	3
3208	2
3209	4
3210	33
3211	3
3212	14
3213	30
3214	4
3215	2
3216	3
3217	3
3218	34
3219	17
3220	15
3221	3
3222	5
3223	8
3224	4
3225	14
3226	3
3227	5
3228	15
3229	2
3230	5
3231	6
3232	21
3233	5
3234	6
3235	41
3236	3
3237	10
3238	3
3239	3
3240	6
3241	6
3242	13
3243	4
3244	15
3245	2
3246	5
3247	6
3248	5
3249	13
3250	27
3251	4
3252	9
3253	5
3254	38
3255	14
3256	4
3257	3
3258	4
3259	5
3260	19
3261	3
3262	9
3263	2
3264	24
3265	3
3266	8
3267	3
3268	2
3269	8
3270	20
3271	7
3272	21
3273	3
3274	6
3275	3
3276	4
3277	10
3278	9
3279	7
3280	3
3281	5
3282	24
3283	5
3284	5
3285	4
3286	4
3287	3
3288	6
3289	2
3290	3
3291	2
3292	28
3293	12
3294	5
3295	5
3296	25
3297	17
3298	5
3299	7
3300	22
3301	4
3302	5
3303	41
3304	2
3305	8
3306	28
3307	3
3308	6
3309	27
3310	2
3311	6
3312	12
3313	20
3314	5
3315	5
3316	8
3317	4
3318	9
3319	19
3320	14
3321	7
3322	5
3323	28
3324	3
3325	5
3326	4
3327	12
3328	9
3329	21
3330	5
3331	5
3332	6
3333	5
3334	10
3335	19
3336	4
3337	7
3338	9
3339	5
3340	5
3341	5
3342	6
3343	15
3344	11
3345	18
3346	6
3347	2
3348	3
3349	5
3350	3
3351	2
3352	16
3353	5
3354	5
3355	2
3356	3
3357	8
3358	20
3359	8
3360	3
3361	22
3362	5
3363	8
3364	6
3365	2
3366	7
3367	17
3368	8
3369	19
3370	4
3371	3
3372	7
3373	8
3374	19
3375	28
3376	4
3377	2
3378	8
3379	6
3380	3
3381	5
3382	22
3383	2
3384	3
3385	4
3386	7
3387	3
3388	3
3389	16
3390	3
3391	5
3392	30
3393	3
3394	6
3395	6
3396	2
3397	5
3398	6
3399	7
3400	8
3401	14
3402	5
3403	6
3404	4
3405	16
3406	25
3407	3
3408	26
3409	6
3410	15
3411	5
3412	3
3413	3
3414	15
3415	37
3416	6
3417	2
3418	8
3419	3
3420	3
3421	9
3422	20
3423	11
3424	20
3425	10
3426	17
3427	3
3428	3
3429	7
3430	33
3431	6
3432	4
3433	7
3434	2
3435	25
3436	21
3437	15
3438	2
3439	6
3440	10
3441	18
3442	6
3443	18
3444	3
3445	2
3446	2
3447	6
3448	7
3449	31
3450	13
3451	7
3452	5
3453	2
3454	8
3455	5
3456	15
3457	14
3458	3
3459	4
3460	4
3461	7
3462	28
3463	8
3464	10
3465	30
3466	4
3467	3
3468	3
3469	16
3470	7
3471	2
3472	8
3473	5
3474	20
3475	3
3476	12
3477	16
3478	5
3479	4
3480	14
3481	3
3482	3
3483	6
3484	4
3485	6
3486	3
3487	14
3488	3
3489	32
3490	7
3491	2
3492	7
3493	9
3494	4
3495	2
3496	3
3497	7
3498	4
3499	7
3500	2
3501	9
3502	21
3503	4
3504	16
3505	6
3506	17
3507	5
3508	2
3509	8
3510	5
3511	40
3512	7
3513	3
3514	4
3515	27
3516	3
3517	3
3518	8
3519	3
3520	3
3521	8
3522	4
3523	20
3524	6
3525	5
3526	25
3527	25
3528	4
3529	2
3530	2
3531	3
3532	3
3533	7
3534	6
3535	4
3536	8
3537	19
3538	2
3539	22
3540	2
3541	2
3542	21
3543	7
3544	29
3545	6
3546	8
3547	4
3548	3
3549	4
3550	5
3551	9
3552	5
3553	4
3554	2
3555	29
3556	4
3557	28
3558	19
3559	4
3560	2
3561	4
3562	17
3563	29
3564	3
3565	2
3566	6
3567	25
3568	5
3569	14
3570	7
3571	2
3572	7
3573	4
3574	21
3575	2
3576	38
3577	3
3578	16
3579	2
3580	7
3581	21
3582	5
3583	5
3584	6
3585	4
3586	5
3587	4
3588	27
3589	4
3590	5
3591	2
3592	2
3593	27
3594	4
3595	7
3596	14
3597	4
3598	3
3599	3
3600	6
3601	20
3602	5
3603	2
3604	3
3605	25
3606	13
3607	6
3608	3
3609	3
3610	34
3611	31
3612	4
3613	2
3614	10
3615	11
3616	7
3617	15
3618	3
3619	17
3620	5
3621	3
3622	5
3623	33
3624	7
3625	15
3626	25
3627	16
3628	6
3629	2
3630	15
3631	3
3632	4
3633	6
3634	5
3635	3
3636	6
3637	3
3638	2
3639	14
3640	5
3641	3
3642	3
3643	21
3644	21
3645	5
3646	2
3647	3
3648	10
3649	3
3650	3
3651	27
3652	8
3653	20
3654	8
3655	17
3656	24
3657	8
3658	18
3659	4
3660	2
3661	5
3662	24
3663	22
3664	42
3665	5
3666	5
3667	6
3668	20
3669	8
3670	22
3671	11
3672	7
3673	15
3674	34
3675	7
3676	19
3677	25
3678	5
3679	25
3680	13
3681	4
3682	4
3683	2
3684	5
3685	4
3686	19
3687	18
3688	2
3689	2
3690	3
3691	3
3692	27
3693	3
3694	6
3695	4
3696	5
3697	4
3698	6
3699	3
3700	3
3701	19
3702	16
3703	2
3704	10
3705	18
3706	6
3707	3
3708	32
3709	4
3710	10
3711	5
3712	2
3713	10
3714	28
3715	3
3716	9
3717	3
3718	31
3719	35
3720	5
3721	3
3722	9
3723	17
3724	6
3725	19
3726	2
3727	7
3728	3
3729	3
3730	30
3731	5
3732	7
3733	2
3734	4
3735	16
3736	8
3737	8
3738	8
3739	5
3740	7
3741	21
3742	6
3743	7
3744	5
3745	7
3746	14
3747	7
3748	36
3749	4
3750	28
3751	19
3752	9
3753	3
3754	3
3755	8
3756	6
3757	11
3758	18
3759	3
3760	13
3761	4
3762	5
3763	5
3764	7
3765	3
3766	16
3767	14
3768	18
3769	7
3770	7
3771	3
3772	3
3773	3
3774	7
3775	2
3776	34
3777	2
3778	6
3779	5
3780	4
3781	7
3782	6
3783	5
3784	18
3785	4
3786	6
3787	17
3788	12
3789	3
3790	2
3791	3
3792	8
3793	4
3794	7
3795	3
3796	4
3797	7
3798	5
3799	7
3800	6
3801	5
3802	13
3803	2
3804	5
3805	9
3806	3
3807	3
3808	5
3809	6
3810	2
3811	3
3812	8
3813	11
3814	20
3815	3
3816	5
3817	35
3818	25
3819	5
3820	3
3821	3
3822	6
3823	7
3824	2
3825	26
3826	3
3827	7
3828	6
3829	3
3830	3
3831	7
3832	23
3833	5
3834	33
3835	3
3836	28
3837	4
3838	3
3839	9
3840	10
3841	33
3842	7
3843	7
3844	4
3845	24
3846	3
3847	9
3848	3
3849	4
3850	3
3851	7
3852	14
3853	3
3854	3
3855	46
3856	10
3857	5
3858	6
3859	25
3860	6
3861	6
3862	3
3863	21
3864	3
3865	9
3866	3
3867	15
3868	3
3869	17
3870	3
3871	14
3872	6
3873	3
3874	3
3875	23
3876	2
3877	4
3878	3
3879	7
3880	2
3881	9
3882	16
3883	7
3884	20
3885	5
3886	5
3887	6
3888	16
3889	5
3890	2
3891	3
3892	21
3893	2
3894	15
3895	11
3896	3
3897	3
3898	9
3899	14
3900	3
3901	4
3902	5
3903	15
3904	7
3905	5
3906	7
3907	4
3908	4
3909	17
3910	19
3911	2
3912	6
3913	2
3914	3
3915	8
3916	16
3917	24
3918	5
3919	8
3920	4
3921	18
3922	14
3923	3
3924	5
3925	8
3926	3
3927	4
3928	9
3929	9
3930	3
3931	21
3932	17
3933	7
3934	32
3935	4
3936	7
3937	3
3938	6
3939	2
3940	5
3941	2
3942	4
3943	4
3944	2
3945	18
3946	7
3947	33
3948	5
3949	4
3950	3
3951	5
3952	3
3953	29
3954	5
3955	3
3956	9
3957	7
3958	14
3959	32
3960	5
3961	5
3962	3
3963	27
3964	5
3965	7
3966	17
3967	3
3968	5
3969	2
3970	10
3971	6
3972	4
3973	7
3974	20
3975	3
3976	3
3977	3
3978	4
3979	5
3980	4
3981	20
3982	2
3983	33
3984	2
3985	4
3986	2
3987	9
3988	3
3989	3
3990	46
3991	3
3992	5
3993	7
3994	7
3995	3
3996	4
3997	14
3998	5
3999	8
4000	2
4001	19
4002	3
4003	7
4004	24
4005	6
4006	19
4007	6
4008	23
4009	5
4010	2
4011	8
4012	16
4013	2
4014	5
4015	5
4016	6
4017	2
4018	22
4019	7
4020	21
4021	8
4022	3
4023	4
4024	2
4025	15
4026	3
4027	24
4028	2
4029	6
4030	16
4031	33
4032	4
4033	2
4034	3
4035	4
4036	6
4037	23
4038	27
4039	9
4040	2
4041	11
4042	25
4043	17
4044	3
4045	4
4046	6
4047	4
4048	7
4049	20
4050	7
4051	2
4052	5
4053	2
4054	4
4055	6
4056	2
4057	8
4058	7
4059	9
4060	2
4061	4
4062	6
4063	2
4064	5
4065	25
4066	11
4067	4
4068	31
4069	2
4070	4
4071	4
4072	10
4073	7
4074	2
4075	6
4076	4
4077	3
4078	19
4079	2
4080	3
4081	23
4082	2
4083	3
4084	11
4085	5
4086	12
4087	14
4088	7
4089	5
4090	2
4091	4
4092	3
4093	4
4094	3
4095	5
4096	2
4097	2
4098	4
4099	4
4100	7
4101	8
4102	10
4103	17
4104	7
4105	4
4106	2
4107	4
4108	5
4109	2
4110	5
4111	4
4112	22
4113	8
4114	16
4115	19
4116	2
4117	21
4118	6
4119	4
4120	7
4121	15
4122	3
4123	4
4124	3
4125	2
4126	5
4127	7
4128	21
4129	5
4130	5
4131	7
4132	33
4133	5
4134	10
4135	5
4136	19
4137	7
4138	4
4139	3
4140	13
4141	5
4142	18
4143	6
4144	4
4145	2
4146	2
4147	29
4148	7
4149	3
4150	7
4151	6
4152	4
4153	8
4154	22
4155	2
4156	6
4157	4
4158	6
4159	5
4160	3
4161	23
4162	17
4163	14
4164	4
4165	9
4166	4
4167	19
4168	14
4169	7
4170	10
4171	25
4172	28
4173	3
4174	8
4175	32
4176	29
4177	11
4178	35
4179	42
4180	3
4181	9
4182	7
4183	4
4184	18
4185	5
4186	25
4187	2
4188	24
4189	5
4190	5
4191	3
4192	2
4193	6
4194	5
4195	3
4196	5
4197	4
4198	15
4199	7
4200	2
4201	24
4202	9
4203	10
4204	3
4205	7
4206	4
4207	64
4208	4
4209	3
4210	5
4211	5
4212	2
4213	2
4214	35
4215	5
4216	5
4217	2
4218	4
4219	24
4220	2
4221	5
4222	27
4223	3
4224	10
4225	29
4226	4
4227	6
4228	32
4229	2
4230	3
4231	3
4232	2
4233	5
4234	3
4235	7
4236	20
4237	5
4238	4
4239	6
4240	6
4241	23
4242	4
4243	30
4244	6
4245	7
4246	2
4247	2
4248	8
4249	5
4250	27
4251	30
4252	15
4253	13
4254	3
4255	2
4256	15
4257	6
4258	3
4259	4
4260	3
4261	4
4262	6
4263	9
4264	18
4265	2
4266	9
4267	20
4268	6
4269	9
4270	22
4271	21
4272	3
4273	28
4274	2
4275	6
4276	40
4277	6
4278	7
4279	9
4280	5
4281	3
4282	3
4283	27
4284	8
4285	5
4286	12
4287	2
4288	4
4289	3
4290	13
4291	3
4292	4
4293	18
4294	2
4295	6
4296	8
4297	22
4298	24
4299	5
4300	29
4301	5
4302	3
4303	3
4304	7
4305	30
4306	2
4307	13
4308	4
4309	7
4310	3
4311	11
4312	27
4313	7
4314	3
4315	9
4316	3
4317	2
4318	3
4319	5
4320	2
4321	3
4322	2
4323	26
4324	4
4325	3
4326	4
4327	6
4328	9
4329	19
4330	5
4331	26
4332	19
4333	3
4334	4
4335	3
4336	17
4337	5
4338	4
4339	34
4340	22
4341	25
4342	5
4343	2
4344	7
4345	15
4346	7
4347	15
4348	10
4349	23
4350	7
4351	8
4352	5
4353	4
4354	5
4355	7
4356	10
4357	20
4358	7
4359	3
4360	3
4361	34
4362	4
4363	3
4364	14
4365	23
4366	29
4367	8
4368	19
4369	4
4370	5
4371	3
4372	8
4373	21
4374	6
4375	7
4376	6
4377	7
4378	26
4379	20
4380	14
4381	4
4382	22
4383	22
4384	5
4385	16
4386	13
4387	15
4388	4
4389	6
4390	17
4391	3
4392	3
4393	4
4394	6
4395	7
4396	3
4397	4
4398	33
4399	4
4400	2
4401	5
4402	4
4403	6
4404	6
4405	25
4406	3
4407	2
4408	6
4409	13
4410	3
4411	3
4412	3
4413	4
4414	30
4415	15
4416	3
4417	22
4418	5
4419	19
4420	4
4421	3
4422	7
4423	9
4424	22
4425	4
4426	22
4427	5
4428	2
4429	14
4430	5
4431	6
4432	5
4433	18
4434	3
4435	6
4436	5
4437	3
4438	7
4439	5
4440	3
4441	4
4442	3
4443	7
4444	2
4445	23
4446	8
4447	4
4448	4
4449	27
4450	3
4451	5
4452	9
4453	6
4454	2
4455	41
4456	3
4457	32
4458	7
4459	2
4460	2
4461	4
4462	2
4463	5
4464	14
4465	27
4466	33
4467	5
4468	2
4469	2
4470	2
4471	17
4472	4
4473	5
4474	3
4475	13
4476	11
4477	2
4478	5
4479	2
4480	3
4481	3
4482	2
4483	6
4484	2
4485	6
4486	2
4487	6
4488	4
4489	13
4490	3
4491	6
4492	7
4493	14
4494	23
4495	12
4496	24
4497	2
4498	5
4499	3
4500	4
4501	8
4502	3
4503	22
4504	2
4505	6
4506	2
4507	4
4508	5
4509	11
4510	14
4511	4
4512	7
4513	17
4514	4
4515	10
4516	3
4517	23
4518	3
4519	41
4520	8
4521	5
4522	8
4523	2
4524	22
4525	6
4526	11
4527	7
4528	28
4529	2
4530	6
4531	5
4532	7
4533	4
4534	6
4535	2
4536	30
4537	7
4538	7
4539	27
4540	3
4541	2
4542	4
4543	2
4544	2
4545	23
4546	2
4547	7
4548	6
4549	8
4550	5
4551	32
4552	18
4553	2
4554	2
4555	3
4556	7
4557	8
4558	16
4559	18
4560	7
4561	5
4562	3
4563	15
4564	8
4565	9
4566	8
4567	5
4568	3
4569	4
4570	3
4571	26
4572	5
4573	6
4574	17
4575	2
4576	5
4577	5
4578	3
4579	6
4580	5
4581	3
4582	4
4583	2
4584	11
4585	18
4586	5
4587	3
4588	3
4589	2
4590	13
4591	4
4592	10
4593	21
4594	7
4595	9
4596	19
4597	17
4598	26
4599	4
4600	6
4601	18
4602	4
4603	14
4604	6
4605	6
4606	3
4607	3
4608	6
4609	6
4610	22
4611	20
4612	14
4613	9
4614	18
4615	10
4616	4
4617	16
4618	6
4619	5
4620	31
4621	6
4622	2
4623	6
4624	3
4625	7
4626	23
4627	7
4628	2
4629	4
4630	6
4631	7
4632	4
4633	7
4634	28
4635	5
4636	3
4637	4
4638	3
4639	4
4640	8
4641	20
4642	3
4643	4
4644	7
4645	6
4646	8
4647	3
4648	4
4649	5
4650	25
4651	20
4652	30
4653	4
4654	12
4655	28
4656	10
4657	2
4658	5
4659	3
4660	5
4661	20
4662	6
4663	4
4664	5
4665	3
4666	40
4667	8
4668	26
4669	4
4670	3
4671	2
4672	2
4673	26
4674	4
4675	23
4676	6
4677	22
4678	7
4679	3
4680	5
4681	22
4682	5
4683	5
4684	25
4685	3
4686	4
4687	3
4688	27
4689	3
4690	3
4691	5
4692	8
4693	6
4694	4
4695	4
4696	4
4697	6
4698	5
4699	14
4700	2
4701	7
4702	5
4703	14
4704	6
4705	8
4706	20
4707	3
4708	9
4709	3
4710	3
4711	3
4712	14
4713	5
4714	4
4715	3
4716	2
4717	23
4718	3
4719	3
4720	5
4721	3
4722	17
4723	4
4724	4
4725	30
4726	5
4727	3
4728	19
4729	22
4730	2
4731	16
4732	3
4733	5
4734	2
4735	3
4736	4
4737	5
4738	10
4739	18
4740	7
4741	8
4742	20
4743	12
4744	4
4745	3
4746	3
4747	3
4748	3
4749	8
4750	17
4751	4
4752	27
4753	31
4754	8
4755	17
4756	5
4757	2
4758	4
4759	8
4760	16
4761	4
4762	28
4763	7
4764	8
4765	2
4766	18
4767	3
4768	4
4769	8
4770	5
4771	5
4772	6
4773	22
4774	2
4775	5
4776	3
4777	3
4778	26
4779	3
4780	7
4781	20
4782	11
4783	21
4784	9
4785	19
4786	5
4787	25
4788	5
4789	3
4790	28
4791	2
4792	13
4793	37
4794	28
4795	2
4796	9
4797	25
4798	4
4799	25
4800	5
4801	4
4802	3
4803	48
4804	10
4805	21
4806	11
4807	24
4808	6
4809	16
4810	6
4811	9
4812	17
4813	2
4814	5
4815	3
4816	3
4817	2
4818	35
4819	5
4820	2
4821	8
4822	5
4823	3
4824	2
4825	6
4826	3
4827	5
4828	4
4829	6
4830	15
4831	7
4832	8
4833	7
4834	13
4835	3
4836	2
4837	4
4838	44
4839	23
4840	4
4841	3
4842	13
4843	7
4844	2
4845	3
4846	2
4847	6
4848	14
4849	26
4850	21
4851	4
4852	4
4853	2
4854	7
4855	24
4856	5
4857	22
4858	4
4859	6
4860	14
4861	7
4862	2
4863	2
4864	6
4865	8
4866	8
4867	2
4868	18
4869	15
4870	6
4871	13
4872	5
4873	7
4874	14
4875	4
4876	34
4877	3
4878	6
4879	2
4880	2
4881	2
4882	17
4883	3
4884	21
4885	3
4886	5
4887	7
4888	17
4889	5
4890	9
4891	6
4892	4
4893	22
4894	41
4895	14
4896	28
4897	9
4898	15
4899	4
4900	3
4901	6
4902	4
4903	3
4904	3
4905	3
4906	25
4907	22
4908	18
4909	15
4910	5
4911	15
4912	11
4913	30
4914	2
4915	11
4916	8
4917	23
4918	9
4919	7
4920	3
4921	41
4922	6
4923	2
4924	4
4925	7
4926	5
4927	4
4928	3
4929	19
4930	4
4931	2
4932	6
4933	6
4934	2
4935	5
4936	4
4937	5
4938	30
4939	34
4940	7
4941	6
4942	21
4943	5
4944	2
4945	9
4946	21
4947	2
4948	3
4949	7
4950	24
4951	7
4952	4
4953	3
4954	20
4955	11
4956	9
4957	17
4958	7
4959	5
4960	6
4961	5
4962	21
4963	5
4964	29
4965	4
4966	4
4967	3
4968	8
4969	17
4970	23
4971	25
4972	2
4973	2
4974	24
4975	4
4976	12
4977	4
4978	2
4979	3
4980	6
4981	22
4982	19
4983	3
4984	4
4985	3
4986	5
4987	5
4988	12
4989	2
4990	3
4991	5
4992	4
4993	21
4994	3
4995	10
4996	4
4997	3
4998	21
4999	4
5000	7
5001	3
5002	22
5003	17
5004	2
5005	3
5006	19
5007	4
5008	6
5009	4
5010	4
5011	2
5012	6
5013	4
5014	4
5015	26
5016	19
5017	7
5018	2
5019	10
5020	4
5021	3
5022	5
5023	22
5024	3
5025	4
5026	3
5027	3
5028	6
5029	3
5030	2
5031	2
5032	2
5033	5
5034	2
5035	8
5036	2
5037	4
5038	4
5039	7
5040	16
5041	7
5042	3
5043	3
5044	5
5045	15
5046	7
5047	17
5048	3
5049	3
5050	3
5051	6
5052	6
5053	11
5054	21
5055	7
5056	3
5057	3
5058	9
5059	2
5060	3
5061	27
5062	4
5063	3
5064	2
5065	9
5066	5
5067	4
5068	2
5069	3
5070	3
5071	3
5072	7
5073	3
5074	24
5075	3
5076	16
5077	8
5078	16
5079	2
5080	3
5081	23
5082	14
5083	6
5084	2
5085	25
5086	9
5087	20
5088	5
5089	17
5090	19
5091	6
5092	14
5093	15
5094	4
5095	4
5096	3
5097	4
5098	9
5099	2
5100	7
5101	14
5102	3
5103	3
5104	6
5105	19
5106	26
5107	2
5108	3
5109	3
5110	3
5111	27
5112	4
5113	5
5114	5
5115	27
5116	2
5117	3
5118	2
5119	13
5120	3
5121	14
5122	7
5123	2
5124	5
5125	6
5126	11
5127	3
5128	4
5129	4
5130	3
5131	6
5132	22
5133	7
5134	4
5135	5
5136	23
5137	5
5138	18
5139	6
5140	14
5141	7
5142	2
5143	6
5144	5
5145	3
5146	3
5147	21
5148	6
5149	13
5150	6
5151	3
5152	3
5153	6
5154	21
5155	5
5156	8
5157	21
5158	8
5159	18
5160	4
5161	3
5162	25
5163	13
5164	4
5165	7
5166	2
5167	15
5168	17
5169	7
5170	3
5171	3
5172	3
5173	6
5174	41
5175	30
5176	7
5177	18
5178	7
5179	7
5180	37
5181	5
5182	18
5183	6
5184	6
5185	4
5186	21
5187	6
5188	2
5189	2
5190	4
5191	3
5192	21
5193	6
5194	27
5195	3
5196	5
5197	3
5198	4
5199	4
5200	29
5201	3
5202	30
5203	3
5204	3
5205	33
5206	4
5207	21
5208	3
5209	24
5210	79
5211	28
5212	34
5213	4
5214	19
5215	3
5216	2
5217	2
5218	2
5219	3
5220	2
5221	2
5222	6
5223	5
5224	10
5225	6
5226	8
5227	5
5228	7
5229	17
5230	25
5231	11
5232	8
5233	5
5234	5
5235	4
5236	8
5237	15
5238	3
5239	4
5240	8
5241	6
5242	5
5243	2
5244	15
5245	33
5246	3
5247	4
5248	15
5249	3
5250	8
5251	5
5252	2
5253	15
5254	7
5255	3
5256	4
5257	8
5258	16
5259	4
5260	3
5261	25
5262	3
5263	3
5264	3
5265	5
5266	2
5267	7
5268	3
5269	2
5270	17
5271	5
5272	21
5273	6
5274	5
5275	30
5276	6
5277	19
5278	2
5279	2
5280	3
5281	5
5282	4
5283	7
5284	22
5285	6
5286	2
5287	2
5288	14
5289	8
5290	7
5291	3
5292	6
5293	2
5294	4
5295	5
5296	3
5297	3
5298	6
5299	15
5300	3
5301	4
5302	5
5303	5
5304	7
5305	2
5306	16
5307	7
5308	17
5309	4
5310	3
5311	10
5312	20
5313	4
5314	5
5315	10
5316	5
5317	7
5318	15
5319	10
5320	4
5321	4
5322	14
5323	5
5324	15
5325	3
5326	2
5327	2
5328	19
5329	15
5330	3
5331	2
5332	2
5333	3
5334	8
5335	6
5336	14
5337	3
5338	19
5339	16
5340	5
5341	16
5342	5
5343	3
5344	10
5345	18
5346	3
5347	3
5348	20
5349	4
5350	30
5351	3
5352	5
5353	3
5354	3
5355	9
5356	9
5357	8
5358	9
5359	17
5360	2
5361	4
5362	8
5363	16
5364	4
5365	8
5366	15
5367	2
5368	2
5369	6
5370	6
5371	27
5372	2
5373	28
5374	9
5375	68
5376	18
5377	12
5378	8
5379	7
5380	6
5381	4
5382	4
5383	16
5384	3
5385	9
5386	2
5387	62
5388	5
5389	19
5390	31
5391	24
5392	4
5393	50
5394	2
5395	3
5396	3
5397	3
5398	2
5399	3
5400	5
5401	2
5402	7
5403	4
5404	15
5405	3
5406	7
5407	15
5408	2
5409	3
5410	4
5411	2
5412	14
5413	3
5414	16
5415	4
5416	10
5417	2
5418	6
5419	16
5420	7
5421	7
5422	2
5423	14
5424	3
5425	3
5426	30
5427	5
5428	5
5429	2
5430	4
5431	7
5432	3
5433	3
5434	3
5435	3
5436	4
5437	11
5438	5
5439	4
5440	19
5441	4
5442	3
5443	3
5444	9
5445	2
5446	4
5447	2
5448	3
5449	10
5450	5
5451	15
5452	20
5453	4
5454	6
5455	17
5456	5
5457	37
5458	7
5459	3
5460	24
5461	24
5462	3
5463	22
5464	6
5465	6
5466	25
5467	5
5468	9
5469	5
5470	9
5471	19
5472	9
5473	18
5474	25
5475	8
5476	18
5477	3
5478	7
5479	2
5480	4
5481	2
5482	6
5483	3
5484	16
5485	5
5486	5
5487	6
5488	4
5489	24
5490	3
5491	6
5492	3
5493	3
5494	5
5495	2
5496	29
5497	6
5498	5
5499	6
5500	23
5501	2
5502	3
5503	3
5504	16
5505	37
5506	18
5507	13
5508	17
5509	18
5510	7
5511	7
5512	21
5513	4
5514	5
5515	4
5516	5
5517	4
5518	2
5519	8
5520	9
5521	5
5522	40
5523	28
5524	4
5525	2
5526	3
5527	7
5528	17
5529	6
5530	2
5531	3
5532	3
5533	3
5534	4
5535	3
5536	5
5537	4
5538	3
5539	5
5540	30
5541	4
5542	4
5543	3
5544	17
5545	3
5546	7
5547	3
5548	8
5549	21
5550	4
5551	5
5552	15
5553	5
5554	7
5555	25
5556	4
5557	5
5558	13
5559	2
5560	19
5561	6
5562	9
5563	5
5564	18
5565	6
5566	5
5567	10
5568	20
5569	3
5570	2
5571	30
5572	8
5573	4
5574	4
5575	5
5576	8
5577	18
5578	4
5579	2
5580	34
5581	2
5582	14
5583	3
5584	5
5585	6
5586	7
5587	4
5588	24
5589	13
5590	20
5591	18
5592	2
5593	9
5594	35
5595	9
5596	20
5597	26
5598	12
5599	18
5600	9
5601	28
5602	12
5603	16
5604	46
5605	4
5606	8
5607	6
5608	4
5609	7
5610	23
5611	3
5612	6
5613	6
5614	3
5615	2
5616	5
5617	18
5618	9
5619	2
5620	5
5621	9
5622	9
5623	26
5624	7
5625	35
5626	6
5627	8
5628	19
5629	3
5630	2
5631	6
5632	4
5633	2
5634	7
5635	6
5636	11
5637	9
5638	4
5639	4
5640	15
5641	2
5642	3
5643	4
5644	6
5645	21
5646	5
5647	10
5648	2
5649	3
5650	4
5651	3
5652	3
5653	6
5654	4
5655	2
5656	4
5657	5
5658	2
5659	27
5660	11
5661	18
5662	5
5663	2
5664	6
5665	16
5666	13
5667	34
5668	30
5669	9
5670	21
5671	22
5672	6
5673	3
5674	3
5675	3
5676	19
5677	3
5678	4
5679	38
5680	2
5681	7
5682	4
5683	4
5684	2
5685	5
5686	13
5687	3
5688	5
5689	6
5690	51
5691	21
5692	5
5693	5
5694	16
5695	3
5696	17
5697	12
5698	3
5699	3
5700	2
5701	27
5702	4
5703	29
5704	5
5705	4
5706	4
5707	5
5708	5
5709	13
5710	18
5711	6
5712	3
5713	2
5714	2
5715	14
5716	3
5717	3
5718	47
5719	12
5720	29
5721	12
5722	3
5723	23
5724	13
5725	6
5726	27
5727	5
5728	5
5729	5
5730	34
5731	2
5732	7
5733	4
5734	23
5735	9
5736	21
5737	26
5738	26
5739	4
5740	3
5741	17
5742	28
5743	4
5744	4
5745	6
5746	7
5747	2
5748	2
5749	24
5750	3
5751	3
5752	3
5753	14
5754	6
5755	6
5756	3
5757	3
5758	6
5759	7
5760	3
5761	2
5762	3
5763	2
5764	12
5765	3
5766	4
5767	27
5768	4
5769	3
5770	5
5771	5
5772	5
5773	16
5774	20
5775	4
5776	4
5777	15
5778	5
5779	3
5780	7
5781	22
5782	5
5783	5
5784	3
5785	27
5786	3
5787	2
5788	2
5789	6
5790	3
5791	5
5792	3
5793	3
5794	5
5795	23
5796	2
5797	3
5798	18
5799	3
5800	32
5801	5
5802	6
5803	42
5804	17
5805	2
5806	8
5807	2
5808	18
5809	13
5810	3
5811	3
5812	5
5813	20
5814	3
5815	2
5816	3
5817	9
5818	3
5819	7
5820	5
5821	5
5822	5
5823	16
5824	3
5825	17
5826	2
5827	10
5828	22
5829	16
5830	19
5831	5
5832	33
5833	3
5834	2
5835	6
5836	16
5837	3
5838	6
5839	26
5840	16
5841	3
5842	3
5843	4
5844	3
5845	2
5846	26
5847	5
5848	15
5849	4
5850	5
5851	3
5852	26
5853	4
5854	5
5855	2
5856	24
5857	23
5858	4
5859	5
5860	14
5861	4
5862	28
5863	13
5864	28
5865	27
5866	4
5867	4
5868	6
5869	4
5870	2
5871	7
5872	5
5873	6
5874	3
5875	5
5876	9
5877	8
5878	4
5879	34
5880	4
5881	21
5882	9
5883	33
5884	2
5885	5
5886	9
5887	20
5888	27
5889	9
5890	26
5891	8
5892	3
5893	12
5894	4
5895	3
5896	8
5897	5
5898	3
5899	6
5900	6
5901	4
5902	7
5903	2
5904	8
5905	17
5906	7
5907	2
5908	3
5909	14
5910	15
5911	2
5912	5
5913	22
5914	15
5915	16
5916	3
5917	2
5918	3
5919	14
5920	6
5921	11
5922	20
5923	13
5924	4
5925	15
5926	41
5927	7
5928	3
5929	2
5930	26
5931	14
5932	15
5933	4
5934	3
5935	20
5936	6
5937	6
5938	4
5939	3
5940	3
5941	22
5942	4
5943	3
5944	3
5945	5
5946	3
5947	5
5948	28
5949	6
5950	3
5951	5
5952	2
5953	24
5954	5
5955	2
5956	7
5957	29
5958	3
5959	3
5960	2
5961	12
5962	4
5963	38
5964	5
5965	6
5966	3
5967	2
5968	18
5969	5
5970	7
5971	7
5972	25
5973	3
5974	5
5975	8
5976	4
5977	7
5978	17
5979	8
5980	16
5981	7
5982	15
5983	3
5984	4
5985	2
5986	5
5987	6
5988	14
5989	3
5990	15
5991	2
5992	3
5993	7
5994	7
5995	3
5996	3
5997	4
5998	3
5999	20
6000	2
6001	8
6002	17
6003	3
6004	4
6005	2
6006	5
6007	5
6008	20
6009	4
6010	8
6011	5
6012	4
6013	2
6014	23
6015	3
6016	2
6017	6
6018	14
6019	4
6020	3
6021	25
6022	3
6023	3
6024	3
6025	3
6026	3
6027	4
6028	5
6029	26
6030	4
6031	20
6032	4
6033	30
6034	5
6035	3
6036	32
6037	3
6038	3
6039	4
6040	3
6041	24
6042	4
6043	7
6044	5
6045	8
6046	4
6047	6
6048	3
6049	8
6050	5
6051	8
6052	4
6053	4
6054	6
6055	5
6056	26
6057	4
6058	2
6059	2
6060	21
6061	11
6062	3
6063	53
6064	3
6065	4
6066	5
6067	27
6068	20
6069	2
6070	3
6071	2
6072	3
6073	3
6074	3
6075	9
6076	35
6077	28
6078	32
6079	4
6080	5
6081	3
6082	35
6083	2
6084	4
6085	4
6086	26
6087	6
6088	17
6089	11
6090	2
6091	4
6092	3
6093	5
6094	2
6095	5
6096	18
6097	3
6098	4
6099	15
6100	7
6101	3
6102	3
6103	5
6104	24
6105	3
6106	7
6107	14
6108	8
6109	8
6110	7
6111	3
6112	24
6113	4
6114	2
6115	3
6116	4
6117	3
6118	17
6119	18
6120	4
6121	6
6122	4
6123	3
6124	9
6125	3
6126	3
6127	4
6128	3
6129	4
6130	5
6131	2
6132	5
6133	7
6134	5
6135	27
6136	2
6137	2
6138	8
6139	4
6140	2
6141	3
6142	3
6143	6
6144	4
6145	3
6146	5
6147	5
6148	3
6149	5
6150	7
6151	21
6152	7
6153	3
6154	14
6155	4
6156	5
6157	8
6158	18
6159	45
6160	2
6161	5
6162	2
6163	4
6164	3
6165	3
6166	19
6167	4
6168	7
6169	2
6170	8
6171	2
6172	25
6173	20
6174	19
6175	29
6176	4
6177	6
6178	6
6179	13
6180	9
6181	7
6182	2
6183	9
6184	2
6185	7
6186	5
6187	15
6188	6
6189	5
6190	9
6191	21
6192	3
6193	2
6194	7
6195	4
6196	4
6197	7
6198	21
6199	3
6200	4
6201	3
6202	4
6203	7
6204	6
6205	3
6206	8
6207	6
6208	4
6209	3
6210	3
6211	3
6212	5
6213	13
6214	21
6215	25
6216	5
6217	5
6218	5
6219	4
6220	3
6221	4
6222	3
6223	5
6224	3
6225	24
6226	27
6227	21
6228	3
6229	3
6230	14
6231	6
6232	3
6233	15
6234	5
6235	5
6236	7
6237	2
6238	10
6239	4
6240	3
6241	6
6242	32
6243	5
6244	8
6245	17
6246	10
6247	3
6248	3
6249	3
6250	3
6251	10
6252	16
6253	13
6254	6
6255	2
6256	5
6257	26
6258	4
6259	4
6260	9
6261	20
6262	17
6263	3
6264	3
6265	3
6266	7
6267	3
6268	10
6269	23
6270	6
6271	7
6272	3
6273	7
6274	3
6275	3
6276	13
6277	9
6278	25
6279	3
6280	4
6281	3
6282	4
6283	5
6284	15
6285	16
6286	7
6287	2
6288	3
6289	4
6290	5
6291	9
6292	16
6293	3
6294	9
6295	17
6296	3
6297	3
6298	5
6299	7
6300	3
6301	3
6302	2
6303	2
6304	8
6305	2
6306	3
6307	4
6308	15
6309	5
6310	24
6311	5
6312	7
6313	21
6314	4
6315	3
6316	4
6317	18
6318	9
6319	28
6320	4
6321	4
6322	4
6323	4
6324	11
6325	15
6326	7
6327	37
6328	8
6329	19
6330	3
6331	13
6332	8
6333	2
6334	29
6335	11
6336	4
6337	2
6338	28
6339	21
6340	29
6341	9
6342	2
6343	2
6344	5
6345	4
6346	27
6347	6
6348	16
6349	3
6350	2
6351	5
6352	16
6353	21
6354	12
6355	10
6356	13
6357	8
6358	3
6359	50
6360	31
6361	11
6362	2
6363	9
6364	7
6365	3
6366	4
6367	6
6368	2
6369	3
6370	4
6371	7
6372	3
6373	3
6374	3
6375	7
6376	7
6377	18
6378	5
6379	3
6380	5
6381	16
6382	8
6383	18
6384	2
6385	3
6386	3
6387	3
6388	7
6389	22
6390	5
6391	3
6392	27
6393	2
6394	3
6395	41
6396	3
6397	3
6398	3
6399	3
6400	17
6401	5
6402	3
6403	12
6404	2
6405	2
6406	5
6407	26
6408	9
6409	5
6410	7
6411	8
6412	10
6413	3
6414	28
6415	4
6416	2
6417	10
6418	22
6419	4
6420	2
6421	52
6422	3
6423	32
6424	18
6425	8
6426	4
6427	2
6428	3
6429	39
6430	24
6431	31
6432	16
6433	16
6434	5
6435	5
6436	2
6437	3
6438	27
6439	3
6440	14
6441	16
6442	5
6443	3
6444	4
6445	5
6446	3
6447	3
6448	4
6449	20
6450	5
6451	15
6452	4
6453	18
6454	5
6455	4
6456	3
6457	4
6458	3
6459	2
6460	21
6461	14
6462	3
6463	4
6464	4
6465	21
6466	20
6467	4
6468	8
6469	5
6470	12
6471	21
6472	30
6473	35
6474	2
6475	17
6476	7
6477	14
6478	4
6479	10
6480	22
6481	15
6482	4
6483	7
6484	7
6485	18
6486	2
6487	3
6488	4
6489	4
6490	7
6491	5
6492	2
6493	26
6494	2
6495	9
6496	5
6497	2
6498	4
6499	5
6500	5
6501	4
6502	3
6503	4
6504	4
6505	6
6506	18
6507	10
6508	3
6509	13
6510	6
6511	22
6512	3
6513	5
6514	2
6515	26
6516	6
6517	30
6518	7
6519	2
6520	23
6521	4
6522	5
6523	35
6524	31
6525	6
6526	5
6527	2
6528	2
6529	5
6530	34
6531	10
6532	5
6533	5
6534	7
6535	20
6536	5
6537	4
6538	4
6539	3
6540	3
6541	2
6542	3
6543	3
6544	10
6545	17
6546	4
6547	3
6548	9
6549	19
6550	9
6551	4
6552	4
6553	2
6554	8
6555	7
6556	12
6557	7
6558	21
6559	5
6560	14
6561	18
6562	4
6563	4
6564	4
6565	19
6566	3
6567	13
6568	5
6569	5
6570	26
6571	16
6572	3
6573	6
6574	4
6575	14
6576	29
6577	36
6578	2
6579	6
6580	8
6581	2
6582	6
6583	13
6584	26
6585	2
6586	4
6587	3
6588	2
6589	3
6590	20
6591	13
6592	5
6593	4
6594	9
6595	17
6596	6
6597	6
6598	14
6599	6
6600	19
6601	3
6602	2
6603	2
6604	14
6605	32
6606	4
6607	2
6608	4
6609	7
6610	7
6611	3
6612	3
6613	8
6614	3
6615	4
6616	18
6617	4
6618	19
6619	2
6620	4
6621	3
6622	6
6623	6
6624	17
6625	34
6626	7
6627	9
6628	4
6629	4
6630	21
6631	3
6632	18
6633	5
6634	2
6635	3
6636	14
6637	5
6638	3
6639	10
6640	9
6641	17
6642	3
6643	7
6644	2
6645	3
6646	3
6647	9
6648	2
6649	15
6650	5
6651	28
6652	4
6653	3
6654	4
6655	5
6656	8
6657	3
6658	2
6659	2
6660	29
6661	2
6662	6
6663	8
6664	4
6665	8
6666	17
6667	6
6668	3
6669	8
6670	7
6671	4
6672	3
6673	4
6674	3
6675	2
6676	2
6677	7
6678	14
6679	6
6680	2
6681	3
6682	6
6683	8
6684	2
6685	2
6686	3
6687	6
6688	13
6689	5
6690	8
6691	3
6692	4
6693	7
6694	10
6695	20
6696	5
6697	4
6698	3
6699	13
6700	4
6701	7
6702	2
6703	7
6704	16
6705	4
6706	4
6707	14
6708	27
6709	31
6710	2
6711	3
6712	4
6713	17
6714	5
6715	3
6716	5
6717	30
6718	39
6719	4
6720	2
6721	7
6722	5
6723	37
6724	6
6725	9
6726	30
6727	3
6728	5
6729	8
6730	32
6731	3
6732	2
6733	3
6734	42
6735	25
6736	8
6737	2
6738	4
6739	14
6740	3
6741	4
6742	18
6743	4
6744	4
6745	14
6746	21
6747	2
6748	6
6749	10
6750	15
6751	2
6752	4
6753	7
6754	8
6755	16
6756	10
6757	3
6758	3
6759	27
6760	4
6761	5
6762	6
6763	6
6764	9
6765	37
6766	6
6767	3
6768	23
6769	2
6770	21
6771	3
6772	4
6773	7
6774	6
6775	3
6776	6
6777	20
6778	7
6779	23
6780	14
6781	11
6782	22
6783	5
6784	23
6785	4
6786	3
6787	7
6788	4
6789	6
6790	2
6791	7
6792	3
6793	2
6794	6
6795	3
6796	3
6797	5
6798	4
6799	17
6800	13
6801	3
6802	20
6803	11
6804	21
6805	6
6806	9
6807	20
6808	9
6809	17
6810	4
6811	13
6812	3
6813	3
6814	6
6815	7
6816	19
6817	4
6818	2
6819	7
6820	4
6821	7
6822	7
6823	6
6824	9
6825	16
6826	4
6827	2
6828	12
6829	5
6830	29
6831	26
6832	9
6833	23
6834	5
6835	32
6836	8
6837	2
6838	2
6839	30
6840	6
6841	27
6842	3
6843	24
6844	18
6845	20
6846	4
6847	13
6848	3
6849	5
6850	5
6851	2
6852	3
6853	29
6854	9
6855	28
6856	6
6857	23
6858	3
6859	2
6860	4
6861	23
6862	9
6863	19
6864	4
6865	3
6866	18
6867	5
6868	5
6869	13
6870	6
6871	4
6872	6
6873	6
6874	4
6875	4
6876	3
6877	4
6878	2
6879	2
6880	5
6881	4
6882	2
6883	28
6884	5
6885	22
6886	8
6887	4
6888	23
6889	6
6890	2
6891	3
6892	3
6893	3
6894	24
6895	2
6896	3
6897	6
6898	3
6899	2
6900	9
6901	5
6902	4
6903	3
6904	5
6905	2
6906	5
6907	4
6908	5
6909	8
6910	5
6911	22
6912	16
6913	8
6914	17
6915	4
6916	16
6917	12
6918	10
6919	8
6920	5
6921	11
6922	8
6923	5
6924	20
6925	7
6926	7
6927	15
6928	12
6929	2
6930	4
6931	4
6932	2
6933	5
6934	2
6935	4
6936	26
6937	28
6938	8
6939	6
6940	4
6941	6
6942	15
6943	8
6944	4
6945	5
6946	9
6947	20
6948	30
6949	2
6950	7
6951	4
6952	3
6953	3
6954	3
6955	2
6956	2
6957	25
6958	2
6959	12
6960	6
6961	6
6962	37
6963	26
6964	2
6965	8
6966	4
6967	5
6968	18
6969	7
6970	2
6971	5
6972	24
6973	7
6974	5
6975	8
6976	5
6977	5
6978	24
6979	2
6980	6
6981	3
6982	3
6983	3
6984	3
6985	8
6986	17
6987	7
6988	6
6989	8
6990	24
6991	5
6992	6
6993	2
6994	6
6995	3
6996	3
6997	3
6998	12
6999	17
7000	4
7001	14
7002	2
7003	2
7004	4
7005	16
7006	7
7007	14
7008	2
7009	2
7010	7
7011	3
7012	4
7013	38
7014	2
7015	7
7016	17
7017	7
7018	20
7019	4
7020	6
7021	23
7022	4
7023	5
7024	6
7025	38
7026	4
7027	5
7028	4
7029	6
7030	16
7031	2
7032	6
7033	3
7034	2
7035	7
7036	5
7037	15
7038	10
7039	17
7040	8
7041	3
7042	2
7043	6
7044	32
7045	2
7046	2
7047	4
7048	7
7049	5
7050	2
7051	6
7052	26
7053	5
7054	3
7055	17
7056	16
7057	12
7058	16
7059	2
7060	5
7061	2
7062	5
7063	3
7064	4
7065	2
7066	3
7067	2
7068	5
7069	9
7070	21
7071	13
7072	2
7073	4
7074	11
7075	19
7076	3
7077	39
7078	4
7079	3
7080	4
7081	8
7082	4
7083	2
7084	2
7085	28
7086	8
7087	2
7088	4
7089	29
7090	4
7091	16
7092	55
7093	11
7094	8
7095	5
7096	5
7097	3
7098	3
7099	6
7100	3
7101	5
7102	6
7103	2
7104	4
7105	4
7106	28
7107	21
7108	20
7109	5
7110	3
7111	34
7112	2
7113	11
7114	20
7115	4
7116	3
7117	17
7118	10
7119	18
7120	3
7121	4
7122	9
7123	2
7124	17
7125	5
7126	3
7127	18
7128	4
7129	2
7130	5
7131	14
7132	4
7133	2
7134	12
7135	7
7136	7
7137	6
7138	14
7139	17
7140	13
7141	4
7142	19
7143	2
7144	3
7145	3
7146	24
7147	2
7148	4
7149	18
7150	24
7151	14
7152	3
7153	4
7154	3
7155	5
7156	5
7157	3
7158	16
7159	20
7160	5
7161	4
7162	3
7163	7
7164	23
7165	21
7166	2
7167	2
7168	8
7169	3
7170	3
7171	7
7172	8
7173	18
7174	6
7175	5
7176	31
7177	4
7178	16
7179	21
7180	23
7181	12
7182	23
7183	28
7184	5
7185	2
7186	3
7187	6
7188	8
7189	20
7190	3
7191	4
7192	29
7193	6
7194	2
7195	4
7196	6
7197	2
7198	4
7199	4
7200	13
7201	35
7202	3
7203	7
7204	9
7205	20
7206	3
7207	23
7208	3
7209	10
7210	18
7211	13
7212	39
7213	14
7214	6
7215	14
7216	3
7217	6
7218	11
7219	18
7220	4
7221	26
7222	7
7223	22
7224	5
7225	7
7226	20
7227	9
7228	4
7229	25
7230	4
7231	2
7232	3
7233	26
7234	6
7235	4
7236	5
7237	5
7238	29
7239	3
7240	7
7241	4
7242	4
7243	2
7244	3
7245	18
7246	21
7247	4
7248	7
7249	2
7250	18
7251	5
7252	2
7253	10
7254	17
7255	3
7256	14
7257	4
7258	5
7259	6
7260	5
7261	2
7262	3
7263	35
7264	4
7265	4
7266	7
7267	5
7268	21
7269	4
7270	4
7271	12
7272	3
7273	16
7274	4
7275	7
7276	3
7277	3
7278	7
7279	7
7280	3
7281	6
7282	22
7283	6
7284	4
7285	4
7286	2
7287	4
7288	16
7289	6
7290	4
7291	3
7292	2
7293	5
7294	3
7295	14
7296	3
7297	3
7298	8
7299	8
7300	21
7301	4
7302	9
7303	4
7304	6
7305	5
7306	3
7307	30
7308	5
7309	18
7310	16
7311	5
7312	6
7313	7
7314	5
7315	4
7316	4
7317	7
7318	4
7319	5
7320	19
7321	23
7322	4
7323	5
7324	12
7325	4
7326	4
7327	2
7328	4
7329	2
7330	6
7331	3
7332	7
7333	5
7334	9
7335	17
7336	8
7337	3
7338	3
7339	3
7340	3
7341	17
7342	6
7343	3
7344	3
7345	3
7346	6
7347	3
7348	3
7349	3
7350	3
7351	3
7352	8
7353	5
7354	3
7355	4
7356	3
7357	3
7358	3
7359	20
7360	6
7361	3
7362	11
7363	2
7364	2
7365	3
7366	5
7367	24
7368	3
7369	3
7370	14
7371	5
7372	14
7373	2
7374	3
7375	5
7376	15
7377	17
7378	4
7379	5
7380	7
7381	36
7382	30
7383	6
7384	15
7385	7
7386	3
7387	3
7388	3
7389	26
7390	7
7391	13
7392	4
7393	3
7394	4
7395	15
7396	7
7397	6
7398	23
7399	8
7400	17
7401	9
7402	14
7403	4
7404	4
7405	3
7406	4
7407	2
7408	4
7409	2
7410	23
7411	7
7412	4
7413	6
7414	2
7415	8
7416	15
7417	4
7418	6
7419	7
7420	5
7421	2
7422	2
7423	9
7424	22
7425	26
7426	2
7427	3
7428	7
7429	28
7430	2
7431	6
7432	3
7433	5
7434	3
7435	3
7436	2
7437	6
7438	14
7439	5
7440	3
7441	3
7442	7
7443	30
7444	4
7445	4
7446	9
7447	18
7448	4
7449	19
7450	35
7451	6
7452	4
7453	8
7454	17
7455	3
7456	15
7457	7
7458	6
7459	8
7460	18
7461	7
7462	3
7463	3
7464	5
7465	6
7466	5
7467	6
7468	10
7469	20
7470	2
7471	7
7472	10
7473	21
7474	2
7475	7
7476	4
7477	4
7478	7
7479	15
7480	4
7481	2
7482	14
7483	22
7484	5
7485	29
7486	5
7487	2
7488	32
7489	3
7490	17
7491	10
7492	16
7493	4
7494	5
7495	2
7496	5
7497	14
7498	9
7499	19
7500	4
7501	3
7502	2
7503	30
7504	21
7505	26
7506	15
7507	6
7508	5
7509	3
7510	3
7511	15
7512	28
7513	32
7514	3
7515	5
7516	3
7517	5
7518	5
7519	9
7520	3
7521	4
7522	8
7523	14
7524	9
7525	17
7526	6
7527	25
7528	7
7529	11
7530	10
7531	18
7532	4
7533	2
7534	18
7535	7
7536	7
7537	15
7538	8
7539	20
7540	5
7541	4
7542	5
7543	6
7544	4
7545	5
7546	5
7547	13
7548	3
7549	5
7550	5
7551	5
7552	4
7553	4
7554	2
7555	26
7556	13
7557	62
7558	3
7559	4
7560	4
7561	3
7562	3
7563	6
7564	2
7565	25
7566	23
7567	18
7568	42
7569	4
7570	7
7571	14
7572	32
7573	3
7574	9
7575	3
7576	8
7577	2
7578	4
7579	5
7580	3
7581	5
7582	7
7583	5
7584	5
7585	3
7586	6
7587	16
7588	8
7589	20
7590	7
7591	14
7592	15
7593	13
7594	2
7595	4
7596	28
7597	3
7598	5
7599	5
7600	3
7601	4
7602	3
7603	4
7604	3
7605	5
7606	6
7607	8
7608	21
7609	7
7610	3
7611	6
7612	3
7613	7
7614	8
7615	18
7616	3
7617	3
7618	4
7619	3
7620	5
7621	7
7622	4
7623	16
7624	2
7625	11
7626	21
7627	2
7628	4
7629	3
7630	5
7631	23
7632	18
7633	6
7634	7
7635	16
7636	3
7637	8
7638	24
7639	5
7640	23
7641	14
7642	6
7643	3
7644	21
7645	2
7646	9
7647	25
7648	5
7649	9
7650	18
7651	8
7652	28
7653	8
7654	9
7655	20
7656	7
7657	18
7658	4
7659	5
7660	3
7661	5
7662	4
7663	2
7664	4
7665	3
7666	5
7667	2
7668	3
7669	7
7670	15
7671	3
7672	2
7673	3
7674	5
7675	4
7676	3
7677	5
7678	41
7679	5
7680	34
7681	13
7682	2
7683	5
7684	13
7685	8
7686	2
7687	18
7688	13
7689	3
7690	9
7691	4
7692	2
7693	33
7694	33
7695	5
7696	6
7697	29
7698	9
7699	3
7700	3
7701	7
7702	9
7703	20
7704	13
7705	4
7706	8
7707	5
7708	19
7709	2
7710	6
7711	7
7712	3
7713	3
7714	3
7715	10
7716	20
7717	5
7718	11
7719	19
7720	5
7721	3
7722	3
7723	19
7724	4
7725	4
7726	3
7727	9
7728	16
7729	24
7730	5
7731	9
7732	3
7733	9
7734	20
7735	26
7736	8
7737	7
7738	3
7739	5
7740	4
7741	8
7742	6
7743	28
7744	50
7745	8
7746	7
7747	3
7748	2
7749	6
7750	24
7751	2
7752	6
7753	2
7754	40
7755	2
7756	4
7757	2
7758	17
7759	32
7760	30
7761	7
7762	5
7763	28
7764	3
7765	4
7766	5
7767	10
7768	21
7769	5
7770	2
7771	35
7772	5
7773	20
7774	24
7775	8
7776	28
7777	3
7778	31
7779	15
7780	14
7781	3
7782	4
7783	7
7784	6
7785	5
7786	7
7787	4
7788	2
7789	4
7790	28
7791	5
7792	13
7793	7
7794	17
7795	3
7796	18
7797	7
7798	6
7799	4
7800	10
7801	3
7802	9
7803	6
7804	4
7805	6
7806	8
7807	22
7808	3
7809	14
7810	17
7811	7
7812	14
7813	17
7814	2
7815	6
7816	13
7817	3
7818	4
7819	3
7820	3
7821	5
7822	21
7823	2
7824	29
7825	8
7826	2
7827	21
7828	6
7829	7
7830	18
7831	6
7832	6
7833	3
7834	8
7835	21
7836	8
7837	6
7838	6
7839	25
7840	4
7841	14
7842	4
7843	4
7844	3
7845	32
7846	30
7847	6
7848	3
7849	2
7850	22
7851	4
7852	3
7853	5
7854	5
7855	2
7856	7
7857	7
7858	2
7859	14
7860	8
7861	24
7862	5
7863	3
7864	5
7865	3
7866	3
7867	3
7868	13
7869	13
7870	5
7871	21
7872	7
7873	16
7874	6
7875	3
7876	5
7877	7
7878	3
7879	5
7880	3
7881	4
7882	28
7883	4
7884	23
7885	6
7886	3
7887	4
7888	3
7889	3
7890	5
7891	4
7892	3
7893	2
7894	6
7895	9
7896	5
7897	30
7898	14
7899	41
7900	4
7901	10
7902	5
7903	2
7904	6
7905	6
7906	11
7907	19
7908	28
7909	3
7910	3
7911	14
7912	10
7913	9
7914	3
7915	2
7916	26
7917	2
7918	32
7919	25
7920	8
7921	3
7922	39
7923	6
7924	14
7925	4
7926	3
7927	12
7928	6
7929	3
7930	37
7931	5
7932	16
7933	8
7934	18
7935	4
7936	5
7937	4
7938	2
7939	3
7940	6
7941	8
7942	11
7943	14
7944	18
7945	4
7946	7
7947	6
7948	5
7949	4
7950	3
7951	6
7952	3
7953	3
7954	5
7955	4
7956	7
7957	22
7958	6
7959	4
7960	16
7961	6
7962	2
7963	3
7964	15
7965	3
7966	7
7967	24
7968	4
7969	13
7970	5
7971	13
7972	23
7973	3
7974	3
7975	3
7976	3
7977	12
7978	3
7979	14
7980	6
7981	12
7982	24
7983	14
7984	3
7985	12
7986	5
7987	2
7988	20
7989	4
7990	3
7991	16
7992	5
7993	28
7994	2
7995	7
7996	8
7997	7
7998	3
7999	8
8000	20
8001	8
8002	29
8003	37
8004	4
8005	4
8006	8
8007	6
8008	2
8009	29
8010	10
8011	8
8012	6
8013	6
8014	2
8015	3
8016	3
8017	5
8018	6
8019	14
8020	2
8021	3
8022	23
8023	7
8024	5
8025	2
8026	6
8027	3
8028	3
8029	26
8030	7
8031	20
8032	5
8033	5
8034	3
8035	3
8036	3
8037	4
8038	29
8039	6
8040	7
8041	3
8042	3
8043	5
8044	5
8045	27
8046	9
8047	3
8048	3
8049	34
8050	22
8051	11
8052	4
8053	3
8054	18
8055	6
8056	4
8057	16
8058	4
8059	7
8060	2
8061	3
8062	17
8063	2
8064	3
8065	42
8066	9
8067	3
8068	4
8069	4
8070	3
8071	2
8072	5
8073	13
8074	7
8075	3
8076	4
8077	3
8078	10
8079	20
8080	3
8081	15
8082	3
8083	5
8084	23
8085	5
8086	14
8087	9
8088	17
8089	5
8090	5
8091	10
8092	27
8093	3
8094	4
8095	25
8096	28
8097	6
8098	11
8099	8
8100	18
8101	4
8102	19
8103	3
8104	15
8105	6
8106	7
8107	4
8108	3
8109	3
8110	4
8111	4
8112	26
8113	4
8114	27
8115	20
8116	7
8117	17
8118	3
8119	10
8120	27
8121	17
8122	6
8123	6
8124	23
8125	6
8126	13
8127	2
8128	5
8129	9
8130	27
8131	9
8132	5
8133	2
8134	10
8135	13
8136	5
8137	26
8138	4
8139	12
8140	21
8141	4
8142	14
8143	2
8144	3
8145	22
8146	6
8147	2
8148	3
8149	4
8150	2
8151	7
8152	6
8153	6
8154	5
8155	3
8156	6
8157	5
8158	2
8159	3
8160	2
8161	4
8162	7
8163	3
8164	4
8165	11
8166	18
8167	23
8168	4
8169	4
8170	19
8171	3
8172	2
8173	26
8174	10
8175	6
8176	8
8177	6
8178	22
8179	18
8180	25
8181	4
8182	5
8183	9
8184	17
8185	5
8186	23
8187	4
8188	21
8189	7
8190	15
8191	21
8192	24
8193	8
8194	16
8195	2
8196	4
8197	3
8198	19
8199	8
8200	2
8201	4
8202	3
8203	4
8204	30
8205	2
8206	5
8207	3
8208	29
8209	5
8210	3
8211	2
8212	28
8213	14
8214	20
8215	6
8216	17
8217	3
8218	2
8219	8
8220	16
8221	27
8222	2
8223	4
8224	5
8225	5
8226	2
8227	3
8228	5
8229	3
8230	7
8231	5
8232	13
8233	3
8234	3
8235	2
8236	38
8237	2
8238	45
8239	4
8240	7
8241	34
8242	7
8243	37
8244	3
8245	2
8246	14
8247	3
8248	5
8249	5
8250	26
8251	3
8252	3
8253	3
8254	23
8255	8
8256	11
8257	24
8258	14
8259	6
8260	22
8261	6
8262	7
8263	21
8264	4
8265	24
8266	24
8267	3
8268	2
8269	5
8270	2
8271	2
8272	4
8273	5
8274	7
8275	3
8276	3
8277	3
8278	7
8279	2
8280	16
8281	3
8282	8
8283	3
8284	3
8285	25
8286	4
8287	3
8288	9
8289	8
8290	4
8291	20
8292	8
8293	3
8294	7
8295	14
8296	9
8297	3
8298	26
8299	13
8300	15
8301	5
8302	14
8303	7
8304	18
8305	2
8306	5
8307	31
8308	15
8309	8
8310	6
8311	6
8312	4
8313	14
8314	24
8315	14
8316	4
8317	7
8318	3
8319	3
8320	3
8321	22
8322	17
8323	9
8324	11
8325	3
8326	7
8327	27
8328	2
8329	3
8330	3
8331	4
8332	3
8333	7
8334	6
8335	2
8336	18
8337	4
8338	3
8339	10
8340	24
8341	19
8342	3
8343	7
8344	5
8345	18
8346	26
8347	4
8348	6
8349	5
8350	3
8351	3
8352	6
8353	2
8354	19
8355	13
8356	4
8357	7
8358	3
8359	2
8360	7
8361	32
8362	7
8363	5
8364	4
8365	2
8366	19
8367	8
8368	17
8369	5
8370	18
8371	2
8372	20
8373	14
8374	7
8375	5
8376	11
8377	24
8378	4
8379	4
8380	2
8381	3
8382	3
8383	3
8384	5
8385	4
8386	5
8387	25
8388	14
8389	14
8390	3
8391	5
8392	3
8393	4
8394	28
8395	18
8396	4
8397	7
8398	6
8399	14
8400	9
8401	17
8402	16
8403	3
8404	7
8405	2
8406	6
8407	8
8408	4
8409	5
8410	3
8411	4
8412	8
8413	6
8414	4
8415	5
8416	5
8417	3
8418	3
8419	13
8420	3
8421	5
8422	9
8423	6
8424	3
8425	3
8426	6
8427	9
8428	2
8429	4
8430	3
8431	4
8432	8
8433	9
8434	2
8435	6
8436	2
8437	3
8438	24
8439	2
8440	6
8441	3
8442	30
8443	14
8444	6
8445	4
8446	4
8447	4
8448	31
8449	3
8450	3
8451	4
8452	19
8453	29
8454	7
8455	6
8456	2
8457	13
8458	4
8459	4
8460	15
8461	14
8462	13
8463	6
8464	33
8465	28
8466	4
8467	4
8468	27
8469	15
8470	2
8471	16
8472	4
8473	8
8474	21
8475	14
8476	7
8477	3
8478	21
8479	42
8480	4
8481	18
8482	8
8483	11
8484	17
8485	30
8486	4
8487	16
8488	24
8489	6
8490	5
8491	2
8492	8
8493	17
8494	22
8495	16
8496	14
8497	17
8498	2
8499	7
8500	4
8501	8
8502	3
8503	4
8504	5
8505	21
8506	5
8507	3
8508	2
8509	4
8510	4
8511	31
8512	2
8513	6
8514	6
8515	5
8516	36
8517	14
8518	16
8519	4
8520	3
8521	2
8522	5
8523	2
8524	3
8525	3
8526	6
8527	8
8528	5
8529	15
8530	7
8531	2
8532	3
8533	22
8534	8
8535	29
8536	19
8537	3
8538	3
8539	3
8540	3
8541	6
8542	14
8543	5
8544	2
8545	4
8546	3
8547	3
8548	4
8549	3
8550	6
8551	4
8552	5
8553	6
8554	3
8555	6
8556	7
8557	30
8558	6
8559	6
8560	3
8561	3
8562	6
8563	4
8564	3
8565	26
8566	8
8567	3
8568	3
8569	10
8570	21
8571	2
8572	17
8573	2
8574	5
8575	5
8576	2
8577	3
8578	3
8579	5
8580	14
8581	27
8582	5
8583	2
8584	5
8585	6
8586	5
8587	23
8588	3
8589	3
8590	7
8591	3
8592	8
8593	19
8594	4
8595	17
8596	4
8597	3
8598	20
8599	5
8600	25
8601	3
8602	6
8603	8
8604	17
8605	4
8606	3
8607	2
8608	6
8609	8
8610	20
8611	4
8612	3
8613	2
8614	26
8615	3
8616	2
8617	14
8618	4
8619	2
8620	6
8621	5
8622	2
8623	6
8624	5
8625	3
8626	2
8627	3
8628	4
8629	2
8630	2
8631	2
8632	3
8633	5
8634	3
8635	5
8636	23
8637	3
8638	3
8639	2
8640	6
8641	3
8642	3
8643	3
8644	7
8645	4
8646	3
8647	3
8648	8
8649	21
8650	4
8651	4
8652	3
8653	6
8654	6
8655	4
8656	3
8657	3
8658	5
8659	14
8660	2
8661	8
8662	2
8663	3
8664	8
8665	21
8666	4
8667	5
8668	25
8669	8
8670	6
8671	20
8672	18
8673	3
8674	3
8675	3
8676	2
8677	6
8678	8
8679	3
8680	4
8681	3
8682	3
8683	2
8684	19
8685	6
8686	26
8687	6
8688	6
8689	3
8690	6
8691	17
8692	7
8693	4
8694	3
8695	3
8696	2
8697	4
8698	6
8699	5
8700	7
8701	36
8702	5
8703	9
8704	18
8705	6
8706	3
8707	7
8708	7
8709	7
8710	7
8711	15
8712	26
8713	2
8714	30
8715	5
8716	3
8717	4
8718	6
8719	5
8720	3
8721	15
8722	9
8723	24
8724	3
8725	31
8726	2
8727	30
8728	5
8729	7
8730	7
8731	3
8732	9
8733	7
8734	3
8735	19
8736	10
8737	5
8738	3
8739	3
8740	3
8741	27
8742	15
8743	2
8744	8
8745	5
8746	9
8747	20
8748	32
8749	19
8750	4
8751	5
8752	17
8753	2
8754	5
8755	6
8756	2
8757	18
8758	28
8759	5
8760	6
8761	5
8762	31
8763	35
8764	2
8765	8
8766	16
8767	4
8768	3
8769	6
8770	2
8771	5
8772	24
8773	17
8774	3
8775	2
8776	26
8777	3
8778	4
8779	4
8780	6
8781	6
8782	4
8783	5
8784	7
8785	16
8786	23
8787	2
8788	3
8789	14
8790	5
8791	5
8792	23
8793	4
8794	16
8795	26
8796	4
8797	3
8798	3
8799	3
8800	5
8801	16
8802	3
8803	35
8804	6
8805	5
8806	6
8807	5
8808	18
8809	2
8810	3
8811	5
8812	4
8813	2
8814	3
8815	16
8816	6
8817	4
8818	7
8819	7
8820	14
8821	5
8822	3
8823	26
8824	24
8825	5
8826	3
8827	15
8828	9
8829	18
8830	2
8831	4
8832	2
8833	2
8834	8
8835	5
8836	14
8837	30
8838	2
8839	2
8840	6
8841	15
8842	5
8843	7
8844	18
8845	2
8846	7
8847	26
8848	2
8849	5
8850	7
8851	26
8852	3
8853	27
8854	9
8855	5
8856	8
8857	17
8858	5
8859	8
8860	21
8861	5
8862	33
8863	9
8864	6
8865	5
8866	8
8867	23
8868	2
8869	9
8870	2
8871	16
8872	2
8873	25
8874	4
8875	18
8876	4
8877	22
8878	4
8879	3
8880	5
8881	3
8882	4
8883	3
8884	2
8885	5
8886	21
8887	20
8888	2
8889	3
8890	3
8891	2
8892	15
8893	14
8894	4
8895	7
8896	4
8897	2
8898	3
8899	5
8900	7
8901	40
8902	4
8903	33
8904	16
8905	9
8906	2
8907	5
8908	6
8909	4
8910	5
8911	5
8912	6
8913	22
8914	3
8915	6
8916	31
8917	9
8918	16
8919	4
8920	4
8921	7
8922	2
8923	7
8924	5
8925	7
8926	9
8927	20
8928	3
8929	4
8930	4
8931	21
8932	2
8933	8
8934	16
8935	8
8936	18
8937	3
8938	8
8939	3
8940	21
8941	13
8942	4
8943	8
8944	3
8945	14
8946	4
8947	3
8948	3
8949	9
8950	20
8951	6
8952	7
8953	5
8954	9
8955	7
8956	14
8957	16
8958	2
8959	27
8960	8
8961	2
8962	6
8963	32
8964	6
8965	17
8966	4
8967	26
8968	8
8969	18
8970	5
8971	14
8972	2
8973	30
8974	26
8975	2
8976	18
8977	26
8978	3
8979	3
8980	4
8981	3
8982	3
8983	3
8984	3
8985	7
8986	8
8987	17
8988	30
8989	3
8990	6
8991	3
8992	14
8993	4
8994	13
8995	3
8996	3
8997	5
8998	3
8999	6
9000	4
9001	4
9002	4
9003	9
9004	16
9005	3
9006	3
9007	6
9008	18
9009	2
9010	3
9011	15
9012	28
9013	3
9014	3
9015	3
9016	12
9017	8
9018	3
9019	5
9020	5
9021	26
9022	20
9023	3
9024	4
9025	16
9026	6
9027	2
9028	7
9029	7
9030	6
9031	4
9032	40
9033	5
9034	2
9035	5
9036	6
9037	3
9038	3
9039	3
9040	15
9041	10
9042	17
9043	6
9044	2
9045	3
9046	7
9047	6
9048	22
9049	4
9050	2
9051	7
9052	22
9053	7
9054	3
9055	9
9056	6
9057	3
9058	4
9059	27
9060	22
9061	6
9062	4
9063	36
9064	3
9065	4
9066	4
9067	2
9068	10
9069	19
9070	10
9071	18
9072	6
9073	3
9074	31
9075	3
9076	14
9077	2
9078	2
9079	15
9080	7
9081	5
9082	4
9083	6
9084	2
9085	3
9086	10
9087	19
9088	7
9089	16
9090	25
9091	6
9092	3
9093	16
9094	5
9095	6
9096	6
9097	6
9098	23
9099	19
9100	3
9101	6
9102	26
9103	2
9104	3
9105	3
9106	3
9107	26
9108	4
9109	14
9110	4
9111	3
9112	2
9113	12
9114	2
9115	2
9116	8
9117	20
9118	2
9119	5
9120	4
9121	7
9122	4
9123	16
9124	3
9125	9
9126	28
9127	21
9128	5
9129	3
9130	3
9131	21
9132	5
9133	6
9134	4
9135	12
9136	3
9137	6
9138	3
9139	15
9140	5
9141	24
9142	14
9143	6
9144	29
9145	6
9146	4
9147	16
9148	24
9149	3
9150	3
9151	4
9152	2
9153	11
9154	18
9155	6
9156	3
9157	6
9158	17
9159	4
9160	14
9161	4
9162	23
9163	5
9164	4
9165	21
9166	4
9167	19
9168	2
9169	3
9170	41
9171	7
9172	4
9173	15
9174	5
9175	5
9176	19
9177	16
9178	5
9179	26
9180	6
9181	4
9182	3
9183	3
9184	6
9185	3
9186	26
9187	22
9188	39
9189	8
9190	16
9191	3
9192	13
9193	20
9194	4
9195	14
9196	4
9197	4
9198	4
9199	2
9200	3
9201	13
9202	4
9203	6
9204	14
9205	6
9206	2
9207	13
9208	2
9209	3
9210	34
9211	3
9212	3
9213	8
9214	16
9215	2
9216	6
9217	4
9218	4
9219	4
9220	5
9221	18
9222	2
9223	13
9224	7
9225	5
9226	2
9227	4
9228	18
9229	2
9230	6
9231	2
9232	2
9233	3
9234	2
9235	6
9236	4
9237	34
9238	3
9239	2
9240	2
9241	4
9242	5
9243	5
9244	3
9245	25
9246	2
9247	4
9248	4
9249	4
9250	3
9251	4
9252	25
9253	3
9254	25
9255	3
9256	4
9257	5
9258	26
9259	15
9260	3
9261	29
9262	17
9263	4
9264	5
9265	22
9266	23
9267	15
9268	5
9269	3
9270	9
9271	15
9272	9
9273	22
9274	3
9275	17
9276	27
9277	3
9278	6
9279	2
9280	3
9281	7
9282	6
9283	14
9284	3
9285	9
9286	4
9287	30
9288	13
9289	14
9290	6
9291	7
9292	5
9293	3
9294	2
9295	8
9296	17
9297	7
9298	5
9299	4
9300	6
9301	9
9302	6
9303	3
9304	15
9305	16
9306	35
9307	6
9308	14
9309	2
9310	20
9311	14
9312	7
9313	24
9314	5
9315	5
9316	3
9317	17
9318	23
9319	4
9320	4
9321	4
9322	5
9323	9
9324	2
9325	45
9326	4
9327	7
9328	33
9329	33
9330	30
9331	3
9332	7
9333	3
9334	3
9335	18
9336	36
9337	4
9338	3
9339	3
9340	4
9341	30
9342	4
9343	4
9344	5
9345	3
9346	4
9347	5
9348	9
9349	6
9350	4
9351	5
9352	4
9353	24
9354	5
9355	29
9356	11
9357	3
9358	6
9359	10
9360	24
9361	9
9362	7
9363	34
9364	6
9365	3
9366	7
9367	3
9368	14
9369	17
9370	5
9371	5
9372	17
9373	3
9374	4
9375	6
9376	4
9377	11
9378	12
9379	4
9380	7
9381	32
9382	5
9383	5
9384	4
9385	12
9386	5
9387	17
9388	24
9389	21
9390	9
9391	8
9392	31
9393	63
9394	3
9395	23
9396	21
9397	4
9398	2
9399	17
9400	4
9401	2
9402	5
9403	3
9404	3
9405	3
9406	2
9407	6
9408	4
9409	21
9410	21
9411	3
9412	5
9413	3
9414	7
9415	2
9416	6
9417	6
9418	5
9419	5
9420	4
9421	6
9422	21
9423	4
9424	9
9425	23
9426	5
9427	3
9428	6
9429	5
9430	8
9431	3
9432	3
9433	9
9434	3
9435	33
9436	3
9437	3
9438	34
9439	2
9440	4
9441	4
9442	4
9443	3
9444	7
9445	3
9446	7
9447	15
9448	6
9449	19
9450	3
9451	3
9452	2
9453	3
9454	4
9455	2
9456	7
9457	31
9458	21
9459	12
9460	21
9461	6
9462	4
9463	21
9464	8
9465	7
9466	42
9467	9
9468	8
9469	2
9470	7
9471	2
9472	7
9473	29
9474	31
9475	5
9476	3
9477	3
9478	3
9479	5
9480	3
9481	8
9482	7
9483	34
9484	5
9485	16
9486	20
9487	17
9488	8
9489	4
9490	21
9491	4
9492	25
9493	3
9494	3
9495	9
9496	20
9497	14
9498	15
9499	14
9500	5
9501	5
9502	2
9503	3
9504	2
9505	4
9506	3
9507	35
9508	3
9509	11
9510	27
9511	21
9512	12
9513	9
9514	6
9515	2
9516	9
9517	19
9518	19
9519	2
9520	28
9521	4
9522	6
9523	7
9524	3
9525	5
9526	8
9527	21
9528	6
9529	5
9530	12
9531	22
9532	8
9533	13
9534	27
9535	9
9536	2
9537	4
9538	37
9539	27
9540	6
9541	29
9542	6
9543	2
9544	23
9545	6
9546	25
9547	32
9548	7
9549	15
9550	6
9551	3
9552	10
9553	5
9554	4
9555	3
9556	3
9557	16
9558	2
9559	5
9560	3
9561	6
9562	4
9563	9
9564	18
9565	15
9566	8
9567	6
9568	7
9569	20
9570	5
9571	5
9572	7
9573	8
9574	9
9575	27
9576	7
9577	2
9578	6
9579	8
9580	9
9581	4
9582	3
9583	10
9584	4
9585	9
9586	6
9587	14
9588	6
9589	19
9590	6
9591	5
9592	7
9593	3
9594	5
9595	16
9596	3
9597	3
9598	6
9599	9
9600	18
9601	6
9602	17
9603	2
9604	4
9605	6
9606	3
9607	4
9608	3
9609	4
9610	2
9611	14
9612	3
9613	3
9614	8
9615	5
9616	2
9617	4
9618	31
9619	3
9620	19
9621	12
9622	13
9623	6
9624	6
9625	2
9626	7
9627	2
9628	3
9629	5
9630	36
9631	3
9632	6
9633	32
9634	6
9635	17
9636	2
9637	4
9638	3
9639	16
9640	6
9641	3
9642	7
9643	5
9644	9
9645	19
9646	5
9647	3
9648	4
9649	4
9650	4
9651	23
9652	5
9653	3
9654	27
9655	3
9656	27
9657	5
9658	50
9659	8
9660	8
9661	22
9662	9
9663	2
9664	42
9665	17
9666	6
9667	18
9668	3
9669	3
9670	8
9671	22
9672	2
9673	7
9674	4
9675	5
9676	23
9677	7
9678	15
9679	33
9680	3
9681	5
9682	6
9683	4
9684	7
9685	5
9686	7
9687	18
9688	6
9689	35
9690	3
9691	4
9692	14
9693	22
9694	31
9695	3
9696	10
9697	20
9698	33
9699	9
9700	3
9701	2
9702	9
9703	5
9704	3
9705	6
9706	8
9707	18
9708	6
9709	3
9710	8
9711	3
9712	38
9713	19
9714	8
9715	18
9716	20
9717	15
9718	18
9719	3
9720	22
9721	3
9722	33
9723	9
9724	31
9725	33
9726	5
9727	5
9728	15
9729	5
9730	3
9731	3
9732	2
9733	9
9734	23
9735	30
9736	3
9737	6
9738	9
9739	28
9740	32
9741	40
9742	2
9743	2
9744	4
9745	3
9746	10
9747	4
9748	8
9749	3
9750	3
9751	4
9752	4
9753	9
9754	7
9755	5
9756	6
9757	3
9758	9
9759	2
9760	3
9761	6
9762	20
9763	21
9764	5
9765	6
9766	5
9767	7
9768	3
9769	26
9770	22
9771	5
9772	6
9773	31
9774	8
9775	5
9776	6
9777	3
9778	9
9779	6
9780	8
9781	29
9782	3
9783	5
9784	11
9785	8
9786	23
9787	16
9788	3
9789	3
9790	21
9791	8
9792	2
9793	3
9794	4
9795	4
9796	2
9797	9
9798	4
9799	16
9800	18
9801	4
9802	5
9803	25
9804	5
9805	6
9806	5
9807	5
9808	5
9809	5
9810	13
9811	9
9812	3
9813	6
9814	13
9815	35
9816	28
9817	2
9818	5
9819	26
9820	21
9821	7
9822	23
9823	4
9824	3
9825	13
9826	6
9827	13
9828	9
9829	2
9830	2
9831	5
9832	3
9833	3
9834	10
9835	20
9836	7
9837	5
9838	11
9839	24
9840	17
9841	27
9842	24
9843	24
9844	4
9845	5
9846	2
9847	6
9848	5
9849	23
9850	5
9851	4
9852	2
9853	5
9854	9
9855	4
9856	38
9857	8
9858	12
9859	9
9860	7
9861	3
9862	5
9863	5
9864	10
9865	5
9866	24
9867	2
9868	44
9869	5
9870	26
9871	4
9872	5
9873	26
9874	2
9875	5
9876	7
9877	4
9878	5
9879	3
9880	3
9881	6
9882	6
9883	15
9884	4
9885	3
9886	5
9887	20
9888	5
9889	5
9890	2
9891	3
9892	5
9893	7
9894	3
9895	3
9896	43
9897	20
9898	3
9899	2
9900	2
9901	8
9902	15
9903	4
9904	7
9905	7
9906	37
9907	5
9908	7
9909	4
9910	6
9911	4
9912	19
9913	15
9914	5
9915	3
9916	4
9917	2
9918	6
9919	3
9920	3
9921	3
9922	2
9923	5
9924	10
9925	4
9926	2
9927	8
9928	20
9929	11
9930	5
9931	25
9932	25
9933	23
9934	2
9935	3
9936	21
9937	5
9938	3
9939	10
9940	24
9941	17
9942	10
9943	21
9944	27
9945	3
9946	6
9947	6
9948	38
9949	5
9950	14
9951	4
9952	19
9953	6
9954	29
9955	20
9956	8
9957	4
9958	4
9959	11
9960	10
9961	7
9962	40
9963	3
9964	2
9965	37
9966	6
9967	29
9968	4
9969	11
9970	20
9971	7
9972	5
9973	4
9974	4
9975	27
9976	3
9977	3
9978	3
9979	3
9980	7
9981	5
9982	3
9983	8
9984	11
9985	15
9986	2
9987	4
9988	21
9989	22
9990	7
9991	29
9992	8
9993	16
9994	28
9995	9
9996	21
9997	4
9998	3
9999	14
10000	6
10001	3
10002	4
10003	19
10004	4
10005	9
10006	22
10007	8
10008	5
10009	8
10010	2
10011	17
10012	29
10013	3
10014	3
10015	2
10016	5
10017	11
10018	16
10019	18
10020	52
10021	4
10022	12
10023	2
10024	6
10025	6
10026	3
10027	4
10028	2
10029	9
10030	2
10031	13
10032	3
10033	3
10034	5
10035	9
10036	4
10037	2
10038	6
10039	2
10040	3
10041	3
10042	5
10043	14
10044	6
10045	4
10046	24
10047	4
10048	5
10049	26
10050	5
10051	3
10052	5
10053	7
10054	3
10055	5
10056	16
10057	4
10058	5
10059	20
10060	6
10061	7
10062	6
10063	15
10064	3
10065	3
10066	24
10067	3
10068	5
10069	20
10070	17
10071	9
10072	2
10073	26
10074	2
10075	2
10076	6
10077	4
10078	4
10079	11
10080	2
10081	3
10082	10
10083	41
10084	23
10085	4
10086	7
10087	4
10088	22
10089	8
10090	5
10091	7
10092	23
10093	6
10094	10
10095	20
10096	6
10097	2
10098	23
10099	3
10100	8
10101	8
10102	10
10103	3
10104	3
10105	30
10106	4
10107	6
10108	22
10109	15
10110	7
10111	7
10112	7
10113	17
10114	3
10115	23
10116	9
10117	4
10118	3
10119	4
10120	7
10121	4
10122	8
10123	14
10124	6
10125	7
10126	4
10127	5
10128	4
10129	5
10130	4
10131	2
10132	7
10133	18
10134	15
10135	6
10136	5
10137	17
10138	2
10139	9
10140	29
10141	7
10142	2
10143	2
10144	30
10145	2
10146	12
10147	12
10148	23
10149	6
10150	6
10151	9
10152	5
10153	2
10154	2
10155	3
10156	3
10157	5
10158	5
10159	29
10160	10
10161	3
10162	23
10163	6
10164	14
10165	6
10166	4
10167	25
10168	37
10169	9
10170	2
10171	3
10172	27
10173	24
10174	2
10175	5
10176	2
10177	7
10178	19
10179	2
10180	7
10181	18
10182	3
10183	5
10184	6
10185	4
10186	5
10187	6
10188	4
10189	39
10190	7
10191	6
10192	6
10193	7
10194	13
10195	26
10196	41
10197	5
10198	26
10199	3
10200	8
10201	25
10202	2
10203	4
10204	6
10205	8
10206	4
10207	3
10208	42
10209	2
10210	16
10211	16
10212	14
10213	40
10214	7
10215	20
10216	29
10217	4
10218	20
10219	25
10220	10
10221	24
10222	3
10223	13
10224	4
10225	5
10226	6
10227	3
10228	7
10229	39
10230	5
10231	15
10232	4
10233	8
10234	14
10235	20
10236	6
10237	5
10238	5
10239	4
10240	42
10241	4
10242	8
10243	6
10244	9
10245	24
10246	4
10247	7
10248	24
10249	7
10250	28
10251	9
10252	7
10253	4
10254	2
10255	47
10256	13
10257	4
10258	5
10259	5
10260	6
10261	8
10262	37
10263	2
10264	21
10265	21
10266	4
10267	5
10268	6
10269	4
10270	22
10271	4
10272	5
10273	3
10274	8
10275	5
10276	15
10277	28
10278	5
10279	3
10280	8
10281	20
10282	9
10283	2
10284	3
10285	9
10286	3
10287	3
10288	5
10289	2
10290	4
10291	3
10292	2
10293	5
10294	9
10295	6
10296	2
10297	5
10298	12
10299	2
10300	5
10301	3
10302	29
10303	9
10304	20
10305	24
10306	3
10307	5
10308	14
10309	6
10310	7
10311	2
10312	2
10313	7
10314	4
10315	4
10316	5
10317	3
10318	24
10319	2
10320	2
10321	4
10322	4
10323	3
10324	7
10325	4
10326	21
10327	7
10328	10
10329	17
10330	4
10331	2
10332	4
10333	6
10334	2
10335	8
10336	20
10337	5
10338	8
10339	12
10340	21
10341	6
10342	16
10343	23
10344	5
10345	26
10346	7
10347	2
10348	4
10349	6
10350	17
10351	3
10352	3
10353	39
10354	6
10355	60
10356	3
10357	18
10358	5
10359	23
10360	4
10361	27
10362	3
10363	36
10364	4
10365	3
10366	33
10367	5
10368	4
10369	2
10370	8
10371	2
10372	40
10373	6
10374	3
10375	22
10376	29
10377	3
10378	27
10379	2
10380	18
10381	6
10382	3
10383	5
10384	3
10385	6
10386	30
10387	27
10388	2
10389	4
10390	5
10391	9
10392	4
10393	15
10394	13
10395	18
10396	3
10397	9
10398	9
10399	3
10400	9
10401	49
10402	8
10403	37
10404	3
10405	15
10406	27
10407	6
10408	8
10409	14
10410	4
10411	3
10412	7
10413	30
10414	3
10415	6
10416	7
10417	6
10418	9
10419	3
10420	3
10421	9
10422	11
10423	5
10424	4
10425	55
10426	2
10427	9
10428	6
10429	29
10430	4
10431	3
10432	2
10433	19
10434	3
10435	40
10436	5
10437	17
10438	20
10439	6
10440	14
10441	4
10442	16
10443	3
10444	7
10445	2
10446	8
10447	21
10448	7
10449	17
10450	7
10451	9
10452	5
10453	5
10454	28
10455	8
10456	26
10457	16
10458	28
10459	14
10460	2
10461	15
10462	3
10463	3
10464	2
10465	6
10466	6
10467	3
10468	3
10469	9
10470	11
10471	44
10472	2
10473	3
10474	5
10475	7
10476	3
10477	28
10478	3
10479	4
10480	16
10481	2
10482	5
10483	3
10484	28
10485	4
10486	5
10487	14
10488	10
10489	2
10490	8
10491	5
10492	14
10493	5
10494	17
10495	8
10496	2
10497	6
10498	13
10499	4
10500	2
10501	2
10502	5
10503	3
10504	7
10505	33
10506	2
10507	3
10508	4
10509	4
10510	3
10511	3
10512	6
10513	11
10514	11
10515	5
10516	6
10517	3
10518	4
10519	4
10520	3
10521	8
10522	29
10523	3
10524	2
10525	5
10526	3
10527	16
10528	29
10529	3
10530	5
10531	29
10532	6
10533	3
10534	5
10535	3
10536	2
10537	27
10538	4
10539	2
10540	12
10541	2
10542	4
10543	4
10544	27
10545	4
10546	2
10547	2
10548	10
10549	20
10550	8
10551	2
10552	9
10553	19
10554	6
10555	3
10556	41
10557	4
10558	27
10559	2
10560	18
10561	3
10562	2
10563	5
10564	14
10565	2
10566	4
10567	4
10568	3
10569	4
10570	2
10571	4
10572	23
10573	22
10574	18
10575	2
10576	9
10577	24
10578	22
10579	2
10580	11
10581	5
10582	2
10583	2
10584	25
10585	6
10586	5
10587	11
10588	8
10589	5
10590	21
10591	22
10592	3
10593	3
10594	9
10595	7
10596	34
10597	4
10598	13
10599	4
10600	27
10601	9
10602	2
10603	34
10604	28
10605	5
10606	3
10607	7
10608	8
10609	3
10610	3
10611	3
10612	38
10613	10
10614	17
10615	6
10616	6
10617	5
10618	39
10619	6
10620	6
10621	16
10622	19
10623	6
10624	3
10625	8
10626	27
10627	48
10628	29
10629	33
10630	6
10631	16
10632	3
10633	28
10634	6
10635	10
10636	3
10637	7
10638	9
10639	5
10640	6
10641	6
10642	4
10643	7
10644	4
10645	2
10646	6
10647	20
10648	4
10649	4
10650	3
10651	20
10652	36
10653	3
10654	5
10655	23
10656	19
10657	6
10658	6
10659	3
10660	12
10661	10
10662	41
10663	24
10664	3
10665	49
10666	9
10667	5
10668	2
10669	27
10670	6
10671	8
10672	2
10673	3
10674	10
10675	7
10676	4
10677	5
10678	27
10679	13
10680	3
10681	6
10682	37
10683	4
10684	11
10685	19
10686	2
10687	5
10688	6
10689	3
10690	7
10691	3
10692	4
10693	8
10694	7
10695	8
10696	11
10697	9
10698	3
10699	3
10700	4
10701	7
10702	9
10703	8
10704	50
10705	2
10706	2
10707	4
10708	13
10709	4
10710	5
10711	4
10712	17
10713	3
10714	4
10715	2
10716	3
10717	8
10718	20
10719	2
10720	3
10721	8
10722	4
10723	7
10724	12
10725	9
10726	21
10727	4
10728	4
10729	6
10730	7
10731	7
10732	2
10733	4
10734	3
10735	4
10736	5
10737	3
10738	22
10739	4
10740	3
10741	30
10742	34
10743	7
10744	19
10745	4
10746	5
10747	26
10748	19
10749	7
10750	13
10751	5
10752	18
10753	17
10754	2
10755	3
10756	3
10757	3
10758	6
10759	5
10760	23
10761	2
10762	6
10763	29
10764	2
10765	2
10766	8
10767	30
10768	4
10769	5
10770	4
10771	3
10772	38
10773	26
10774	29
10775	8
10776	21
10777	5
10778	6
10779	34
10780	46
10781	16
10782	31
10783	39
10784	2
10785	7
10786	4
10787	2
10788	27
10789	31
10790	2
10791	30
10792	30
10793	7
10794	43
10795	21
10796	43
10797	3
10798	36
10799	4
10800	4
10801	3
10802	15
10803	12
10804	5
10805	7
10806	27
10807	40
10808	6
10809	5
10810	2
10811	33
10812	3
10813	2
10814	4
10815	15
10816	4
10817	7
10818	4
10819	8
10820	20
10821	32
10822	13
10823	4
10824	2
10825	2
10826	2
10827	3
10828	4
10829	3
10830	3
10831	9
10832	21
10833	28
10834	10
10835	19
10836	7
10837	4
10838	4
10839	30
10840	7
10841	6
10842	15
10843	4
10844	22
10845	3
10846	5
10847	9
10848	3
10849	18
10850	8
10851	3
10852	12
10853	18
10854	3
10855	3
10856	9
10857	2
10858	4
10859	12
10860	43
10861	2
10862	2
10863	24
10864	9
10865	2
10866	33
10867	6
10868	17
10869	3
10870	4
10871	2
10872	3
10873	3
10874	15
10875	4
10876	5
10877	3
10878	5
10879	4
10880	5
10881	28
10882	3
10883	8
10884	8
10885	7
10886	24
10887	3
10888	31
10889	16
10890	8
10891	10
10892	18
10893	20
10894	3
10895	3
10896	2
10897	3
10898	5
10899	7
10900	4
10901	12
10902	5
10903	5
10904	26
10905	21
10906	6
10907	8
10908	16
10909	3
10910	16
10911	6
10912	3
10913	7
10914	8
10915	7
10916	5
10917	4
10918	4
10919	22
10920	5
10921	3
10922	17
10923	6
10924	2
10925	3
10926	2
10927	2
10928	2
10929	4
10930	29
10931	5
10932	23
10933	3
10934	6
10935	4
10936	2
10937	4
10938	2
10939	6
10940	4
10941	3
10942	7
10943	4
10944	21
10945	3
10946	3
10947	5
10948	16
10949	2
10950	2
10951	2
10952	4
10953	2
10954	2
10955	2
10956	20
10957	5
