0	23
1	2
2	5
3	3
4	2
5	4
6	2
7	7
8	2
9	2
10	14
11	25
12	2
13	41
14	44
15	7
16	30
17	30
18	2
19	5
20	4
21	3
22	30
23	4
24	3
25	3
26	3
27	15
28	3
29	5
30	2
31	6
32	22
33	6
34	3
35	6
36	5
37	6
38	4
39	33
40	22
41	5
42	6
43	6
44	3
45	5
46	9
47	23
48	3
49	3
50	7
51	7
52	12
53	24
54	2
55	4
56	3
57	2
58	5
59	2
60	2
61	7
62	36
63	5
64	3
65	2
66	4
67	5
68	2
69	2
70	5
71	4
72	2
73	2
74	5
75	2
76	32
77	11
78	22
79	6
80	5
81	18
82	8
83	10
84	3
85	42
86	4
87	7
88	4
89	12
90	18
91	9
92	5
93	20
94	30
95	4
96	2
97	4
98	4
99	29
100	15
101	7
102	13
103	4
104	2
105	9
106	5
107	15
108	2
109	11
110	23
111	4
112	4
113	7
114	26
115	15
116	9
117	3
118	5
119	7
120	3
121	6
122	3
123	8
124	5
125	3
126	16
127	2
128	23
129	23
130	3
131	2
132	35
133	8
134	14
135	23
136	8
137	3
138	6
139	20
140	17
141	7
142	14
143	4
144	15
145	5
146	2
147	4
148	27
149	41
150	4
151	2
152	2
153	7
154	12
155	21
156	5
157	8
158	4
159	2
160	34
161	2
162	7
163	3
164	38
165	2
166	10
167	31
168	8
169	29
170	28
171	5
172	2
173	2
174	22
175	4
176	3
177	4
178	4
179	8
180	6
181	2
182	10
183	22
184	8
185	15
186	33
187	2
188	4
189	39
190	4
191	2
192	23
193	6
194	2
195	2
196	7
197	16
198	4
199	7
200	2
201	5
202	20
203	3
204	7
205	3
206	7
207	39
208	4
209	6
210	2
211	14
212	15
213	4
214	4
215	2
216	3
217	2
218	6
219	2
220	4
221	8
222	24
223	16
224	5
225	3
226	8
227	13
228	5
229	9
230	11
231	10
232	11
233	10
234	23
235	6
236	2
237	25
238	2
239	3
240	3
241	7
242	37
243	6
244	6
245	21
246	15
247	4
248	3
249	2
250	3
251	7
252	8
253	5
254	6
255	7
256	6
257	4
258	3
259	5
260	3
261	16
262	7
263	2
264	5
265	8
266	2
267	3
268	4
269	6
270	4
271	9
272	31
273	7
274	14
275	4
276	5
277	5
278	23
279	21
280	9
281	3
282	6
283	12
284	24
285	3
286	31
287	5
288	2
289	4
290	2
291	2
292	5
293	3
294	3
295	7
296	10
297	22
298	5
299	11
300	23
301	7
302	4
303	14
304	13
305	4
306	4
307	2
308	5
309	7
310	39
311	11
312	6
313	2
314	7
315	21
316	11
317	3
318	5
319	29
320	3
321	53
322	8
323	10
324	2
325	3
326	3
327	38
328	5
329	10
330	24
331	3
332	4
333	33
334	11
335	2
336	9
337	36
338	6
339	3
340	6
341	3
342	9
343	10
344	23
345	7
346	6
347	30
348	3
349	30
350	3
351	25
352	3
353	3
354	3
355	5
356	8
357	6
358	35
359	4
360	8
361	16
362	4
363	3
364	5
365	2
366	10
367	15
368	3
369	18
370	2
371	3
372	12
373	16
374	3
375	2
376	34
377	11
378	27
379	4
380	3
381	31
382	42
383	3
384	15
385	3
386	5
387	14
388	6
389	4
390	2
391	22
392	6
393	4
394	2
395	6
396	6
397	3
398	2
399	5
400	34
401	4
402	3
403	3
404	6
405	6
406	32
407	7
408	7
409	4
410	3
411	2
412	10
413	23
414	23
415	2
416	4
417	5
418	24
419	10
420	22
421	13
422	23
423	15
424	35
425	3
426	6
427	41
428	22
429	10
430	29
431	5
432	13
433	29
434	5
435	15
436	28
437	16
438	30
439	37
440	7
441	6
442	8
443	31
444	31
445	6
446	4
447	2
448	2
449	2
450	15
451	4
452	11
453	22
454	6
455	4
456	2
457	2
458	4
459	3
460	2
461	2
462	6
463	23
464	7
465	8
466	4
467	16
468	3
469	2
470	15
471	2
472	3
473	16
474	7
475	16
476	6
477	3
478	3
479	30
480	15
481	4
482	2
483	16
484	5
485	4
486	6
487	5
488	7
489	7
490	38
491	6
492	2
493	11
494	27
495	3
496	4
497	7
498	16
499	2
500	37
501	2
502	15
503	3
504	25
505	4
506	32
507	36
508	6
509	2
510	2
511	5
512	3
513	8
514	16
515	20
516	7
517	11
518	18
519	4
520	24
521	5
522	8
523	30
524	6
525	5
526	2
527	3
528	17
529	5
530	5
531	28
532	9
533	3
534	36
535	25
536	2
537	3
538	7
539	22
540	4
541	29
542	15
543	3
544	2
545	3
546	4
547	44
548	36
549	5
550	13
551	23
552	32
553	23
554	2
555	2
556	2
557	2
558	8
559	13
560	23
561	19
562	2
563	3
564	7
565	7
566	3
567	3
568	2
569	4
570	6
571	7
572	15
573	16
574	15
575	6
576	3
577	8
578	13
579	11
580	23
581	7
582	5
583	3
584	22
585	5
586	6
587	22
588	15
589	18
590	2
591	7
592	23
593	13
594	3
595	22
596	5
597	3
598	2
599	34
600	2
601	16
602	4
603	3
604	4
605	18
606	4
607	4
608	39
609	31
610	2
611	3
612	33
613	2
614	4
615	2
616	3
617	2
618	3
619	3
620	14
621	18
622	8
623	7
624	22
625	4
626	2
627	5
628	44
629	2
630	23
631	4
632	11
633	23
634	3
635	3
636	21
637	11
638	23
639	15
640	13
641	2
642	3
643	15
644	7
645	5
646	5
647	17
648	5
649	3
650	3
651	22
652	2
653	2
654	12
655	23
656	10
657	22
658	22
659	4
660	21
661	7
662	2
663	21
664	5
665	15
666	2
667	8
668	17
669	3
670	12
671	19
672	4
673	5
674	3
675	2
676	15
677	4
678	7
679	2
680	3
681	5
682	3
683	31
684	14
685	26
686	5
687	10
688	4
689	17
690	2
691	24
692	31
693	9
694	3
695	8
696	2
697	6
698	6
699	4
700	7
701	6
702	3
703	2
704	16
705	39
706	15
707	5
708	4
709	11
710	23
711	15
712	3
713	32
714	6
715	3
716	6
717	4
718	5
719	23
720	2
721	2
722	8
723	35
724	2
725	3
726	2
727	2
728	3
729	2
730	14
731	2
732	5
733	2
734	2
735	5
736	15
737	2
738	11
739	25
740	2
741	2
742	2
743	2
744	2
745	3
746	3
747	4
748	2
749	22
750	5
751	4
752	6
753	15
754	2
755	10
756	22
757	15
758	4
759	2
760	6
761	6
762	2
763	3
764	6
765	2
766	2
767	2
768	17
769	2
770	2
771	41
772	2
773	29
774	29
775	9
776	4
777	32
778	8
779	16
780	9
781	6
782	2
783	8
784	7
785	2
786	20
787	6
788	3
789	8
790	4
791	4
792	40
793	15
794	4
795	5
796	4
797	24
798	4
799	3
800	3
801	4
802	34
803	3
804	6
805	4
806	2
807	15
808	2
809	3
810	6
811	35
812	2
813	2
814	2
815	2
816	24
817	8
818	3
819	8
820	29
821	5
822	5
823	17
824	3
825	3
826	6
827	7
828	2
829	15
830	24
831	5
832	5
833	18
834	2
835	8
836	16
837	5
838	4
839	5
840	3
841	2
842	15
843	2
844	4
845	21
846	34
847	10
848	24
849	17
850	17
851	10
852	3
853	33
854	4
855	3
856	5
857	10
858	17
859	8
860	6
861	6
862	2
863	14
864	12
865	18
866	9
867	4
868	4
869	23
870	34
871	4
872	25
873	21
874	5
875	5
876	2
877	2
878	3
879	15
880	33
881	4
882	2
883	8
884	4
885	4
886	6
887	7
888	4
889	5
890	29
891	5
892	2
893	21
894	8
895	32
896	18
897	3
898	4
899	3
900	6
901	4
902	2
903	4
904	31
905	5
906	22
907	11
908	23
909	38
910	5
911	8
912	6
913	7
914	17
915	2
916	3
917	7
918	5
919	5
920	3
921	19
922	19
923	4
924	5
925	2
926	36
927	21
928	32
929	30
930	5
931	3
932	16
933	5
934	5
935	29
936	2
937	3
938	2
939	2
940	3
941	2
942	3
943	3
944	4
945	5
946	3
947	9
948	23
949	8
950	9
951	5
952	15
953	2
954	2
955	14
956	6
957	8
958	3
959	36
960	6
961	16
962	34
963	26
964	10
965	22
966	4
967	3
968	18
969	2
970	7
971	27
972	2
973	3
974	9
975	29
976	6
977	3
978	3
979	5
980	6
981	38
982	6
983	2
984	16
985	8
986	4
987	13
988	21
989	3
990	7
991	5
992	7
993	11
994	23
995	2
996	2
997	2
998	5
999	5
1000	3
1001	4
1002	3
1003	3
1004	9
1005	29
1006	6
1007	27
1008	6
1009	6
1010	2
1011	6
1012	4
1013	2
1014	3
1015	2
1016	6
1017	30
1018	5
1019	13
1020	22
1021	6
1022	2
1023	5
1024	41
1025	2
1026	2
1027	2
1028	33
1029	3
1030	22
1031	43
1032	17
1033	2
1034	31
1035	8
1036	23
1037	28
1038	2
1039	2
1040	3
1041	2
1042	14
1043	17
1044	7
1045	8
1046	2
1047	7
1048	7
1049	2
1050	7
1051	6
1052	2
1053	2
1054	4
1055	3
1056	18
1057	9
1058	24
1059	32
1060	2
1061	3
1062	2
1063	4
1064	23
1065	7
1066	6
1067	8
1068	2
1069	2
1070	10
1071	3
1072	10
1073	5
1074	10
1075	16
1076	23
1077	2
1078	5
1079	27
1080	6
1081	2
1082	2
1083	4
1084	30
1085	8
1086	10
1087	4
1088	2
1089	3
1090	17
1091	3
1092	2
1093	2
1094	9
1095	4
1096	2
1097	12
1098	24
1099	2
1100	7
1101	21
1102	4
1103	38
1104	10
1105	7
1106	6
1107	3
1108	8
1109	2
1110	14
1111	6
1112	4
1113	4
1114	2
1115	7
1116	3
1117	7
1118	2
1119	22
1120	2
1121	8
1122	3
1123	2
1124	6
1125	4
1126	6
1127	3
1128	6
1129	13
1130	17
1131	4
1132	3
1133	10
1134	23
1135	10
1136	27
1137	6
1138	6
1139	5
1140	14
1141	2
1142	2
1143	3
1144	4
1145	3
1146	6
1147	10
1148	22
1149	2
1150	2
1151	5
1152	3
1153	26
1154	2
1155	10
1156	3
1157	2
1158	3
1159	2
1160	3
1161	4
1162	16
1163	4
1164	2
1165	4
1166	6
1167	32
1168	6
1169	2
1170	4
1171	12
1172	24
1173	8
1174	34
1175	10
1176	22
1177	15
1178	2
1179	4
1180	18
1181	20
1182	3
1183	36
1184	5
1185	7
1186	23
1187	18
1188	4
1189	11
1190	23
1191	3
1192	2
1193	10
1194	17
1195	10
1196	2
1197	7
1198	24
1199	3
1200	3
1201	3
1202	36
1203	5
1204	16
1205	8
1206	7
1207	3
1208	2
1209	2
1210	2
1211	15
1212	4
1213	12
1214	23
1215	5
1216	33
1217	38
1218	2
1219	5
1220	10
1221	24
1222	3
1223	6
1224	2
1225	5
1226	4
1227	2
1228	2
1229	10
1230	15
1231	3
1232	21
1233	4
1234	31
1235	13
1236	5
1237	9
1238	15
1239	4
1240	15
1241	9
1242	38
1243	2
1244	5
1245	5
1246	8
1247	26
1248	5
1249	2
1250	2
1251	10
1252	23
1253	37
1254	7
1255	6
1256	4
1257	26
1258	4
1259	39
1260	8
1261	17
1262	2
1263	10
1264	10
1265	23
1266	43
1267	3
1268	7
1269	9
1270	3
1271	2
1272	2
1273	3
1274	7
1275	44
1276	5
1277	6
1278	25
1279	8
1280	13
1281	4
1282	4
1283	2
1284	17
1285	4
1286	2
1287	3
1288	3
1289	6
1290	2
1291	16
1292	4
1293	2
1294	14
1295	8
1296	25
1297	5
1298	8
1299	4
1300	2
1301	2
1302	3
1303	2
1304	3
1305	3
1306	7
1307	4
1308	2
1309	7
1310	5
1311	25
1312	2
1313	2
1314	3
1315	21
1316	3
1317	30
1318	7
1319	34
1320	2
1321	39
1322	5
1323	4
1324	2
1325	2
1326	7
1327	32
1328	8
1329	6
1330	5
1331	8
1332	2
1333	6
1334	9
1335	2
1336	2
1337	8
1338	4
1339	3
1340	2
1341	5
1342	5
1343	3
1344	2
1345	2
1346	26
1347	4
1348	14
1349	8
1350	2
1351	2
1352	5
1353	17
1354	40
1355	4
1356	3
1357	15
1358	14
1359	23
1360	2
1361	12
1362	5
1363	2
1364	7
1365	15
1366	21
1367	2
1368	3
1369	2
1370	14
1371	17
1372	12
1373	24
1374	12
1375	23
1376	7
1377	4
1378	11
1379	23
1380	10
1381	38
1382	16
1383	7
1384	26
1385	38
1386	2
1387	14
1388	24
1389	6
1390	18
1391	25
1392	4
1393	6
1394	6
1395	28
1396	14
1397	17
1398	5
1399	2
1400	5
1401	4
1402	7
1403	29
1404	5
1405	16
1406	7
1407	7
1408	6
1409	4
1410	22
1411	4
1412	5
1413	34
1414	21
1415	4
1416	16
1417	4
1418	2
1419	3
1420	6
1421	2
1422	8
1423	7
1424	16
1425	18
1426	7
1427	2
1428	25
1429	4
1430	7
1431	3
1432	3
1433	9
1434	17
1435	6
1436	4
1437	14
1438	6
1439	11
1440	15
1441	4
1442	39
1443	8
1444	32
1445	12
1446	23
1447	4
1448	2
1449	10
1450	22
1451	5
1452	4
1453	38
1454	15
1455	7
1456	4
1457	35
1458	4
1459	4
1460	11
1461	23
1462	6
1463	2
1464	4
1465	7
1466	2
1467	5
1468	3
1469	4
1470	2
1471	17
1472	4
1473	3
1474	2
1475	4
1476	7
1477	2
1478	9
1479	23
1480	12
1481	23
1482	31
1483	5
1484	14
1485	2
1486	29
1487	6
1488	2
1489	33
1490	16
1491	30
1492	5
1493	8
1494	2
1495	2
1496	3
1497	37
1498	6
1499	6
1500	46
1501	4
1502	15
1503	10
1504	3
1505	2
1506	31
1507	10
1508	15
1509	16
1510	4
1511	3
1512	2
1513	7
1514	22
1515	7
1516	8
1517	4
1518	4
1519	3
1520	14
1521	30
1522	3
1523	2
1524	15
1525	32
1526	2
1527	2
1528	4
1529	5
1530	23
1531	12
1532	2
1533	3
1534	4
1535	4
1536	3
1537	3
1538	7
1539	2
1540	2
1541	16
1542	18
1543	13
1544	3
1545	41
1546	23
1547	5
1548	2
1549	4
1550	50
1551	2
1552	2
1553	7
1554	16
1555	5
1556	31
1557	35
1558	35
1559	13
1560	8
1561	6
1562	30
1563	2
1564	4
1565	4
1566	15
1567	2
1568	3
1569	22
1570	24
1571	5
1572	15
1573	6
1574	10
1575	23
1576	25
1577	2
1578	16
1579	4
1580	3
1581	2
1582	4
1583	2
1584	15
1585	4
1586	25
1587	2
1588	27
1589	6
1590	3
1591	4
1592	20
1593	3
1594	7
1595	3
1596	2
1597	2
1598	3
1599	16
1600	8
1601	2
1602	2
1603	6
1604	6
1605	4
1606	2
1607	4
1608	31
1609	5
1610	3
1611	6
1612	2
1613	7
1614	30
1615	2
1616	12
1617	2
1618	4
1619	15
1620	18
1621	2
1622	3
1623	4
1624	13
1625	2
1626	22
1627	38
1628	5
1629	2
1630	4
1631	5
1632	3
1633	2
1634	4
1635	3
1636	4
1637	5
1638	3
1639	4
1640	2
1641	2
1642	3
1643	38
1644	5
1645	12
1646	18
1647	9
1648	22
1649	7
1650	5
1651	17
1652	6
1653	2
1654	4
1655	4
1656	37
1657	8
1658	2
1659	3
1660	4
1661	2
1662	20
1663	6
1664	5
1665	6
1666	6
1667	31
1668	2
1669	3
1670	7
1671	4
1672	7
1673	5
1674	3
1675	7
1676	5
1677	12
1678	15
1679	2
1680	22
1681	20
1682	34
1683	21
1684	2
1685	37
1686	2
1687	3
1688	4
1689	9
1690	4
1691	2
1692	16
1693	3
1694	4
1695	7
1696	22
1697	8
1698	2
1699	2
1700	2
1701	10
1702	28
1703	4
1704	6
1705	11
1706	4
1707	48
1708	23
1709	9
1710	2
1711	4
1712	2
1713	6
1714	2
1715	3
1716	17
1717	7
1718	2
1719	2
1720	13
1721	24
1722	4
1723	2
1724	8
1725	2
1726	2
1727	6
1728	6
1729	8
1730	15
1731	5
1732	19
1733	4
1734	2
1735	3
1736	2
1737	13
1738	18
1739	7
1740	8
1741	6
1742	3
1743	8
1744	23
1745	8
1746	8
1747	23
1748	2
1749	2
1750	3
1751	12
1752	37
1753	5
1754	3
1755	2
1756	3
1757	2
1758	36
1759	9
1760	23
1761	5
1762	5
1763	4
1764	5
1765	11
1766	6
1767	2
1768	7
1769	2
1770	9
1771	29
1772	30
1773	2
1774	10
1775	16
1776	29
1777	36
1778	29
1779	8
1780	4
1781	7
1782	2
1783	19
1784	3
1785	8
1786	35
1787	4
1788	2
1789	15
1790	2
1791	3
1792	22
1793	36
1794	4
1795	22
1796	24
1797	2
1798	3
1799	2
1800	11
1801	24
1802	43
1803	22
1804	22
1805	8
1806	8
1807	9
1808	39
1809	5
1810	8
1811	8
1812	2
1813	5
1814	7
1815	6
1816	8
1817	23
1818	2
1819	3
1820	4
1821	2
1822	3
1823	5
1824	14
1825	3
1826	8
1827	6
1828	3
1829	7
1830	22
1831	2
1832	3
1833	2
1834	4
1835	23
1836	2
1837	4
1838	2
1839	6
1840	3
1841	29
1842	24
1843	6
1844	4
1845	5
1846	6
1847	2
1848	21
1849	6
1850	23
1851	7
1852	2
1853	7
1854	33
1855	2
1856	24
1857	5
1858	3
1859	2
1860	12
1861	25
1862	39
1863	3
1864	7
1865	4
1866	3
1867	3
1868	6
1869	15
1870	6
1871	4
1872	5
1873	7
1874	2
1875	23
1876	15
1877	44
1878	7
1879	16
1880	4
1881	15
1882	18
1883	7
1884	14
1885	23
1886	15
1887	3
1888	2
1889	5
1890	42
1891	6
1892	2
1893	20
1894	36
1895	2
1896	13
1897	23
1898	8
1899	33
1900	3
1901	3
1902	7
1903	7
1904	5
1905	2
1906	14
1907	2
1908	21
1909	41
1910	7
1911	15
1912	4
1913	4
1914	5
1915	3
1916	5
1917	39
1918	3
1919	36
1920	10
1921	23
1922	4
1923	2
1924	6
1925	3
1926	3
1927	24
1928	8
1929	6
1930	2
1931	2
1932	2
1933	5
1934	3
1935	7
1936	14
1937	13
1938	5
1939	4
1940	5
1941	17
1942	2
1943	11
1944	4
1945	3
1946	5
1947	2
1948	2
1949	9
1950	31
1951	5
1952	4
1953	24
1954	2
1955	5
1956	8
1957	31
1958	35
1959	16
1960	31
1961	8
1962	5
1963	5
1964	4
1965	2
1966	6
1967	3
1968	6
1969	4
1970	33
1971	4
1972	5
1973	33
1974	21
1975	6
1976	7
1977	4
1978	6
1979	2
1980	5
1981	2
1982	8
1983	4
1984	2
1985	6
1986	16
1987	4
1988	10
1989	22
1990	20
1991	4
1992	2
1993	2
1994	9
1995	19
1996	5
1997	15
1998	4
1999	3
2000	5
2001	35
2002	41
2003	18
2004	16
2005	8
2006	3
2007	16
2008	3
2009	46
2010	3
2011	2
2012	6
2013	16
2014	2
2015	4
2016	8
2017	2
2018	11
2019	12
2020	3
2021	35
2022	2
2023	8
2024	2
2025	5
2026	3
2027	3
2028	7
2029	8
2030	29
2031	24
2032	6
2033	2
2034	2
2035	6
2036	5
2037	4
2038	2
2039	2
2040	8
2041	10
2042	9
2043	2
2044	22
2045	2
2046	10
2047	6
2048	7
2049	11
2050	16
2051	6
2052	3
2053	3
2054	8
2055	2
2056	22
2057	3
2058	2
2059	4
2060	3
2061	5
2062	2
2063	2
2064	2
2065	4
2066	12
2067	24
2068	8
2069	3
2070	6
2071	4
2072	36
2073	15
2074	16
2075	6
2076	3
2077	7
2078	8
2079	22
2080	2
2081	7
2082	39
2083	2
2084	4
2085	23
2086	4
2087	19
2088	4
2089	20
2090	22
2091	8
2092	4
2093	6
2094	2
2095	6
2096	21
2097	6
2098	12
2099	23
2100	3
2101	24
2102	3
2103	23
2104	11
2105	22
2106	43
2107	14
2108	22
2109	9
2110	25
2111	3
2112	2
2113	6
2114	15
2115	22
2116	2
2117	9
2118	5
2119	6
2120	30
2121	3
2122	2
2123	22
2124	3
2125	22
2126	2
2127	3
2128	6
2129	23
2130	2
2131	15
2132	4
2133	6
2134	3
2135	8
2136	7
2137	2
2138	3
2139	10
2140	23
2141	3
2142	9
2143	44
2144	31
2145	7
2146	2
2147	6
2148	13
2149	2
2150	5
2151	2
2152	12
2153	7
2154	4
2155	16
2156	21
2157	22
2158	4
2159	5
2160	2
2161	4
2162	2
2163	2
2164	2
2165	6
2166	3
2167	25
2168	8
2169	2
2170	32
2171	7
2172	3
2173	5
2174	39
2175	15
2176	6
2177	7
2178	4
2179	4
2180	4
2181	3
2182	2
2183	2
2184	9
2185	3
2186	2
2187	6
2188	33
2189	10
2190	16
2191	6
2192	3
2193	31
2194	6
2195	23
2196	3
2197	2
2198	34
2199	40
2200	5
2201	4
2202	5
2203	12
2204	19
2205	4
2206	4
2207	3
2208	5
2209	14
2210	29
2211	44
2212	6
2213	7
2214	11
2215	22
2216	13
2217	16
2218	9
2219	23
2220	32
2221	15
2222	4
2223	3
2224	3
2225	2
2226	2
2227	7
2228	2
2229	4
2230	4
2231	9
2232	25
2233	5
2234	6
2235	10
2236	2
2237	5
2238	2
2239	4
2240	2
2241	3
2242	37
2243	3
2244	14
2245	31
2246	7
2247	3
2248	3
2249	3
2250	13
2251	34
2252	4
2253	5
2254	15
2255	6
2256	2
2257	3
2258	7
2259	2
2260	4
2261	16
2262	7
2263	7
2264	3
2265	25
2266	2
2267	10
2268	11
2269	16
2270	4
2271	4
2272	2
2273	38
2274	9
2275	22
2276	3
2277	2
2278	6
2279	6
2280	20
2281	2
2282	3
2283	4
2284	29
2285	4
2286	2
2287	2
2288	14
2289	16
2290	9
2291	3
2292	4
2293	38
2294	4
2295	4
2296	3
2297	6
2298	5
2299	50
2300	2
2301	3
2302	5
2303	31
2304	31
2305	7
2306	2
2307	3
2308	5
2309	8
2310	30
2311	17
2312	7
2313	16
2314	39
2315	14
2316	12
2317	13
2318	2
2319	7
2320	3
2321	23
2322	6
2323	9
2324	3
2325	3
2326	8
2327	5
2328	4
2329	4
2330	6
2331	2
2332	22
2333	9
2334	22
2335	22
2336	3
2337	3
2338	5
2339	8
2340	2
2341	5
2342	4
2343	21
2344	34
2345	2
2346	3
2347	4
2348	36
2349	2
2350	4
2351	3
2352	23
2353	2
2354	2
2355	2
2356	3
2357	4
2358	28
2359	9
2360	4
2361	2
2362	4
2363	3
2364	4
2365	2
2366	17
2367	3
2368	4
2369	27
2370	2
2371	3
2372	2
2373	7
2374	21
2375	6
2376	6
2377	22
2378	4
2379	38
2380	12
2381	22
2382	4
2383	13
2384	23
2385	4
2386	4
2387	9
2388	6
2389	2
2390	2
2391	3
2392	4
2393	33
2394	6
2395	5
2396	3
2397	5
2398	15
2399	2
2400	6
2401	2
2402	10
2403	27
2404	7
2405	6
2406	2
2407	22
2408	3
2409	14
2410	43
2411	27
2412	38
2413	4
2414	3
2415	3
2416	21
2417	2
2418	3
2419	4
2420	11
2421	29
2422	25
2423	18
2424	17
2425	4
2426	4
2427	5
2428	42
2429	6
2430	2
2431	4
2432	2
2433	3
2434	23
2435	2
2436	2
2437	2
2438	6
2439	3
2440	5
2441	42
2442	12
2443	25
2444	2
2445	6
2446	7
2447	2
2448	5
2449	4
2450	2
2451	10
2452	22
2453	29
2454	22
2455	3
2456	10
2457	3
2458	3
2459	4
2460	5
2461	14
2462	6
2463	2
2464	5
2465	4
2466	22
2467	2
2468	9
2469	24
2470	9
2471	3
2472	25
2473	2
2474	9
2475	7
2476	22
2477	2
2478	2
2479	3
2480	5
2481	2
2482	2
2483	16
2484	39
2485	5
2486	35
2487	8
2488	4
2489	2
2490	27
2491	5
2492	3
2493	5
2494	2
2495	4
2496	32
2497	5
2498	8
2499	2
2500	4
2501	5
2502	35
2503	2
2504	22
2505	6
2506	6
2507	30
2508	2
2509	11
2510	17
2511	3
2512	2
2513	30
2514	31
2515	2
2516	3
2517	3
2518	2
2519	41
2520	2
2521	34
2522	3
2523	2
2524	7
2525	3
2526	3
2527	21
2528	25
2529	19
2530	8
2531	28
2532	5
2533	6
2534	2
2535	22
2536	2
2537	40
2538	4
2539	25
2540	7
2541	8
2542	2
2543	16
2544	26
2545	16
2546	5
2547	11
2548	7
2549	15
2550	41
2551	16
2552	18
2553	5
2554	3
2555	6
2556	8
2557	33
2558	2
2559	2
2560	3
2561	7
2562	23
2563	2
2564	4
2565	28
2566	31
2567	4
2568	4
2569	5
2570	15
2571	3
2572	2
2573	2
2574	22
2575	2
2576	15
2577	3
2578	6
2579	28
2580	4
2581	28
2582	3
2583	3
2584	5
2585	12
2586	4
2587	2
2588	20
2589	4
2590	5
2591	3
2592	7
2593	2
2594	2
2595	2
2596	4
2597	5
2598	10
2599	28
2600	5
2601	8
2602	27
2603	5
2604	4
2605	6
2606	25
2607	7
2608	31
2609	3
2610	9
2611	24
2612	35
2613	5
2614	10
2615	3
2616	3
2617	8
2618	8
2619	15
2620	6
2621	3
2622	4
2623	6
2624	10
2625	23
2626	12
2627	23
2628	6
2629	6
2630	5
2631	4
2632	2
2633	5
2634	5
2635	2
2636	4
2637	4
2638	2
2639	4
2640	9
2641	24
2642	5
2643	8
2644	21
2645	8
2646	24
2647	15
2648	17
2649	11
2650	24
2651	3
2652	6
2653	2
2654	2
2655	4
2656	6
2657	37
2658	4
2659	2
2660	3
2661	2
2662	11
2663	22
2664	5
2665	4
2666	7
2667	4
2668	24
2669	46
2670	2
2671	4
2672	7
2673	6
2674	2
2675	2
2676	3
2677	5
2678	13
2679	3
2680	8
2681	8
2682	5
2683	3
2684	2
2685	4
2686	5
2687	4
2688	2
2689	4
2690	3
2691	2
2692	6
2693	4
2694	2
2695	6
2696	31
2697	8
2698	2
2699	6
2700	26
2701	9
2702	2
2703	2
2704	2
2705	6
2706	31
2707	2
2708	7
2709	16
2710	3
2711	2
2712	16
2713	15
2714	4
2715	16
2716	28
2717	4
2718	4
2719	3
2720	11
2721	23
2722	6
2723	16
2724	2
2725	6
2726	3
2727	4
2728	7
2729	11
2730	22
2731	3
2732	6
2733	31
2734	2
2735	6
2736	7
2737	2
2738	2
2739	23
2740	9
2741	3
2742	2
2743	39
2744	7
2745	22
2746	2
2747	6
2748	18
2749	3
2750	3
2751	34
2752	27
2753	22
2754	3
2755	8
2756	7
2757	15
2758	9
2759	23
2760	4
2761	4
2762	9
2763	24
2764	14
2765	2
2766	4
2767	6
2768	5
2769	29
2770	2
2771	14
2772	15
2773	6
2774	17
2775	3
2776	15
2777	3
2778	25
2779	4
2780	4
2781	29
2782	8
2783	24
2784	14
2785	21
2786	3
2787	8
2788	3
2789	25
2790	7
2791	22
2792	3
2793	8
2794	6
2795	2
2796	15
2797	4
2798	18
2799	2
2800	2
2801	3
2802	39
2803	7
2804	17
2805	2
2806	6
2807	2
2808	10
2809	23
2810	17
2811	8
2812	32
2813	10
2814	4
2815	3
2816	12
2817	22
2818	2
2819	7
2820	32
2821	40
2822	4
2823	7
2824	6
2825	8
2826	37
2827	5
2828	16
2829	26
2830	41
2831	2
2832	37
2833	2
2834	2
2835	3
2836	2
2837	3
2838	3
2839	8
2840	22
2841	11
2842	23
2843	6
2844	6
2845	4
2846	31
2847	12
2848	15
2849	2
2850	5
2851	4
2852	2
2853	7
2854	4
2855	7
2856	12
2857	15
2858	24
2859	12
2860	28
2861	5
2862	4
2863	5
2864	3
2865	21
2866	2
2867	4
2868	10
2869	3
2870	4
2871	7
2872	3
2873	8
2874	5
2875	8
2876	30
2877	4
2878	4
2879	5
2880	4
2881	7
2882	2
2883	2
2884	5
2885	8
2886	2
2887	25
2888	11
2889	23
2890	4
2891	7
2892	8
2893	11
2894	25
2895	2
2896	32
2897	5
2898	2
2899	6
2900	7
2901	4
2902	14
2903	18
2904	3
2905	3
2906	5
2907	3
2908	4
2909	8
2910	32
2911	4
2912	6
2913	2
2914	4
2915	2
2916	8
2917	2
2918	8
2919	4
2920	2
2921	3
2922	8
2923	3
2924	2
2925	15
2926	6
2927	4
2928	5
2929	3
2930	2
2931	7
2932	7
2933	4
2934	3
2935	4
2936	15
2937	2
2938	16
2939	2
2940	6
2941	7
2942	27
2943	12
2944	22
2945	20
2946	2
2947	40
2948	5
2949	2
2950	4
2951	8
2952	6
2953	23
2954	10
2955	2
2956	2
2957	16
2958	9
2959	26
2960	2
2961	4
2962	24
2963	6
2964	28
2965	4
2966	4
2967	2
2968	5
2969	2
2970	18
2971	3
2972	9
2973	3
2974	18
2975	2
2976	2
2977	4
2978	32
2979	5
2980	8
2981	5
2982	2
2983	3
2984	4
2985	6
2986	35
2987	5
2988	28
2989	3
2990	15
2991	4
2992	2
2993	7
2994	3
2995	3
2996	2
2997	7
2998	3
2999	6
3000	11
3001	22
3002	6
3003	4
3004	4
3005	2
3006	5
3007	13
3008	16
3009	3
3010	8
3011	8
3012	3
3013	30
3014	23
3015	5
3016	3
3017	4
3018	4
3019	7
3020	14
3021	37
3022	29
3023	16
3024	3
3025	26
3026	4
3027	3
3028	33
3029	6
3030	14
3031	22
3032	2
3033	10
3034	3
3035	17
3036	23
3037	3
3038	8
3039	5
3040	4
3041	5
3042	4
3043	8
3044	5
3045	2
3046	38
3047	16
3048	2
3049	12
3050	23
3051	5
3052	5
3053	35
3054	16
3055	3
3056	6
3057	5
3058	3
3059	5
3060	3
3061	5
3062	9
3063	4
3064	4
3065	4
3066	4
3067	4
3068	2
3069	5
3070	4
3071	2
3072	2
3073	3
3074	3
3075	2
3076	4
3077	2
3078	3
3079	8
3080	4
3081	33
3082	5
3083	3
3084	4
3085	7
3086	21
3087	4
3088	10
3089	23
3090	9
3091	23
3092	30
3093	6
3094	5
3095	17
3096	8
3097	3
3098	8
3099	3
3100	2
3101	2
3102	2
3103	3
3104	16
3105	18
3106	5
3107	3
3108	5
3109	8
3110	3
3111	5
3112	2
3113	6
3114	30
3115	5
3116	2
3117	4
3118	3
3119	32
3120	35
3121	4
3122	4
3123	6
3124	9
3125	3
3126	23
3127	3
3128	6
3129	3
3130	8
3131	4
3132	7
3133	2
3134	26
3135	7
3136	2
3137	6
3138	2
3139	2
3140	8
3141	3
3142	8
3143	8
3144	5
3145	8
3146	2
3147	2
3148	4
3149	6
3150	8
3151	6
3152	4
3153	4
3154	4
3155	2
3156	6
3157	2
3158	2
3159	7
3160	2
3161	2
3162	4
3163	5
3164	6
3165	3
3166	25
3167	12
3168	19
3169	15
3170	2
3171	5
3172	12
3173	18
3174	4
3175	2
3176	2
3177	15
3178	2
3179	4
3180	6
3181	4
3182	4
3183	2
3184	16
3185	3
3186	14
3187	3
3188	24
3189	5
3190	24
3191	15
3192	5
3193	4
3194	14
3195	3
3196	6
3197	2
3198	2
3199	9
3200	31
3201	4
3202	19
3203	4
3204	2
3205	4
3206	7
3207	32
3208	6
3209	4
3210	44
3211	6
3212	28
3213	15
3214	8
3215	33
3216	2
3217	2
3218	23
3219	4
3220	5
3221	3
3222	2
3223	2
3224	3
3225	13
3226	22
3227	16
3228	17
3229	12
3230	21
3231	2
3232	38
3233	3
3234	2
3235	22
3236	4
3237	2
3238	5
3239	7
3240	13
3241	14
3242	17
3243	4
3244	39
3245	5
3246	4
3247	5
3248	2
3249	5
3250	11
3251	22
3252	6
3253	8
3254	23
3255	2
3256	3
3257	4
3258	14
3259	5
3260	6
3261	2
3262	12
3263	17
3264	3
3265	3
3266	2
3267	22
3268	29
3269	15
3270	5
3271	4
3272	2
3273	3
3274	2
3275	4
3276	5
3277	15
3278	11
3279	25
3280	22
3281	15
3282	16
3283	4
3284	12
3285	23
3286	31
3287	3
3288	3
3289	2
3290	3
3291	34
3292	3
3293	15
3294	38
3295	2
3296	2
3297	2
3298	3
3299	40
3300	20
3301	22
3302	3
3303	7
3304	12
3305	4
3306	15
3307	4
3308	4
3309	3
3310	22
3311	3
3312	4
3313	7
3314	33
3315	5
3316	8
3317	41
3318	3
3319	10
3320	3
3321	5
3322	2
3323	6
3324	8
3325	16
3326	3
3327	16
3328	4
3329	5
3330	4
3331	12
3332	24
3333	2
3334	5
3335	8
3336	5
3337	35
3338	17
3339	4
3340	3
3341	4
3342	5
3343	15
3344	2
3345	2
3346	2
3347	8
3348	20
3349	2
3350	7
3351	2
3352	3
3353	5
3354	23
3355	11
3356	19
3357	3
3358	5
3359	2
3360	3
3361	2
3362	8
3363	9
3364	5
3365	2
3366	4
3367	27
3368	6
3369	4
3370	3
3371	6
3372	2
3373	5
3374	3
3375	2
3376	22
3377	10
3378	2
3379	4
3380	4
3381	22
3382	10
3383	7
3384	7
3385	23
3386	3
3387	6
3388	39
3389	8
3390	28
3391	4
3392	5
3393	30
3394	8
3395	16
3396	17
3397	6
3398	6
3399	9
3400	5
3401	11
3402	23
3403	15
3404	8
3405	4
3406	38
3407	2
3408	6
3409	3
3410	14
3411	10
3412	23
3413	6
3414	5
3415	6
3416	5
3417	11
3418	24
3419	5
3420	2
3421	7
3422	11
3423	6
3424	6
3425	6
3426	8
3427	23
3428	9
3429	21
3430	5
3431	2
3432	3
3433	4
3434	3
3435	3
3436	23
3437	5
3438	5
3439	2
3440	11
3441	22
3442	7
3443	23
3444	2
3445	4
3446	8
3447	7
3448	2
3449	10
3450	23
3451	12
3452	16
3453	7
3454	3
3455	6
3456	11
3457	23
3458	37
3459	4
3460	2
3461	8
3462	6
3463	3
3464	5
3465	25
3466	5
3467	6
3468	10
3469	3
3470	2
3471	16
3472	3
3473	6
3474	41
3475	2
3476	7
3477	8
3478	3
3479	8
3480	9
3481	6
3482	11
3483	12
3484	3
3485	7
3486	3
3487	2
3488	15
3489	22
3490	2
3491	30
3492	10
3493	23
3494	5
3495	3
3496	2
3497	15
3498	31
3499	8
3500	2
3501	7
3502	3
3503	3
3504	12
3505	24
3506	12
3507	23
3508	12
3509	22
3510	3
3511	2
3512	2
3513	6
3514	28
3515	4
3516	3
3517	8
3518	39
3519	18
3520	16
3521	2
3522	6
3523	12
3524	23
3525	6
3526	15
3527	3
3528	2
3529	2
3530	7
3531	9
3532	34
3533	15
3534	8
3535	7
3536	2
3537	9
3538	5
3539	16
3540	15
3541	4
3542	4
3543	3
3544	7
3545	35
3546	7
3547	7
3548	30
3549	3
3550	3
3551	3
3552	15
3553	6
3554	8
3555	5
3556	27
3557	2
3558	2
3559	17
3560	18
3561	3
3562	5
3563	2
3564	22
3565	6
3566	2
3567	6
3568	4
3569	8
3570	2
3571	15
3572	3
3573	41
3574	7
3575	2
3576	8
3577	11
3578	5
3579	2
3580	2
3581	6
3582	6
3583	7
3584	2
3585	14
3586	16
3587	5
3588	16
3589	2
3590	10
3591	17
3592	4
3593	4
3594	8
3595	5
3596	44
3597	6
3598	3
3599	5
3600	37
3601	2
3602	2
3603	4
3604	8
3605	3
3606	3
3607	8
3608	6
3609	22
3610	6
3611	4
3612	23
3613	34
3614	6
3615	2
3616	3
3617	3
3618	9
3619	8
3620	4
3621	11
3622	23
3623	2
3624	22
3625	3
3626	23
3627	8
3628	30
3629	7
3630	8
3631	5
3632	4
3633	4
3634	5
3635	8
3636	5
3637	2
3638	2
3639	22
3640	3
3641	39
3642	30
3643	4
3644	5
3645	22
3646	33
3647	4
3648	2
3649	8
3650	34
3651	6
3652	16
3653	8
3654	3
3655	7
3656	7
3657	30
3658	43
3659	3
3660	15
3661	7
3662	30
3663	4
3664	5
3665	7
3666	4
3667	5
3668	4
3669	37
3670	5
3671	7
3672	2
3673	28
3674	3
3675	8
3676	15
3677	4
3678	4
3679	4
3680	10
3681	17
3682	5
3683	2
3684	3
3685	2
3686	30
3687	14
3688	7
3689	4
3690	2
3691	40
3692	2
3693	38
3694	5
3695	2
3696	11
3697	14
3698	10
3699	23
3700	4
3701	16
3702	4
3703	4
3704	6
3705	42
3706	7
3707	21
3708	31
3709	18
3710	6
3711	2
3712	15
3713	2
3714	5
3715	6
3716	5
3717	2
3718	5
3719	2
3720	2
3721	22
3722	6
3723	3
3724	3
3725	30
3726	23
3727	7
3728	3
3729	10
3730	2
3731	2
3732	32
3733	12
3734	23
3735	10
3736	15
3737	19
3738	9
3739	24
3740	3
3741	3
3742	9
3743	30
3744	30
3745	44
3746	6
3747	6
3748	9
3749	19
3750	5
3751	33
3752	14
3753	13
3754	16
3755	44
3756	10
3757	23
3758	23
3759	7
3760	17
3761	19
3762	3
3763	4
3764	2
3765	5
3766	3
3767	18
3768	18
3769	3
3770	2
3771	3
3772	3
3773	32
3774	3
3775	7
3776	4
3777	4
3778	3
3779	7
3780	3
3781	2
3782	31
3783	2
3784	17
3785	2
3786	14
3787	23
3788	5
3789	4
3790	39
3791	3
3792	8
3793	5
3794	2
3795	9
3796	30
3797	6
3798	9
3799	2
3800	30
3801	38
3802	7
3803	2
3804	12
3805	23
3806	6
3807	2
3808	27
3809	2
3810	3
3811	2
3812	7
3813	2
3814	3
3815	2
3816	31
3817	4
3818	7
3819	3
3820	16
3821	8
3822	8
3823	8
3824	5
3825	7
3826	18
3827	8
3828	8
3829	5
3830	10
3831	22
3832	9
3833	39
3834	5
3835	30
3836	16
3837	9
3838	3
3839	3
3840	7
3841	6
3842	14
3843	24
3844	2
3845	14
3846	4
3847	6
3848	4
3849	7
3850	4
3851	20
3852	22
3853	21
3854	5
3855	8
3856	3
3857	2
3858	2
3859	7
3860	2
3861	41
3862	2
3863	8
3864	6
3865	2
3866	4
3867	6
3868	6
3869	6
3870	20
3871	5
3872	8
3873	23
3874	14
3875	3
3876	2
3877	4
3878	2
3879	8
3880	5
3881	7
3882	2
3883	5
3884	6
3885	5
3886	9
3887	7
3888	3
3889	16
3890	3
3891	8
3892	11
3893	2
3894	2
3895	2
3896	3
3897	6
3898	2
3899	4
3900	8
3901	13
3902	24
3903	3
3904	6
3905	39
3906	24
3907	4
3908	3
3909	2
3910	8
3911	7
3912	2
3913	34
3914	2
3915	8
3916	6
3917	6
3918	3
3919	8
3920	23
3921	4
3922	39
3923	2
3924	2
3925	33
3926	6
3927	2
3928	9
3929	12
3930	30
3931	5
3932	7
3933	3
3934	22
3935	2
3936	6
3937	9
3938	4
3939	4
3940	3
3941	6
3942	16
3943	2
3944	2
3945	48
3946	14
3947	2
3948	5
3949	4
3950	2
3951	34
3952	5
3953	7
3954	2
3955	30
3956	3
3957	9
3958	3
3959	16
3960	3
3961	15
3962	2
3963	16
3964	6
3965	3
3966	21
3967	2
3968	2
3969	2
3970	4
3971	2
3972	6
3973	2
3974	10
3975	22
3976	9
3977	23
3978	5
3979	4
3980	5
3981	17
3982	5
3983	3
3984	2
3985	18
3986	4
3987	16
3988	12
3989	2
3990	2
3991	6
3992	16
3993	3
3994	5
3995	8
3996	19
3997	9
3998	5
3999	8
4000	3
4001	4
4002	16
4003	23
4004	2
4005	6
4006	2
4007	3
4008	11
4009	22
4010	33
4011	7
4012	8
4013	4
4014	15
4015	14
4016	3
4017	7
4018	8
4019	2
4020	4
4021	2
4022	9
4023	6
4024	2
4025	2
4026	23
4027	15
4028	4
4029	24
4030	2
4031	7
4032	2
4033	4
4034	2
4035	5
4036	2
4037	4
4038	4
4039	22
4040	8
4041	34
4042	5
4043	4
4044	4
4045	5
4046	3
4047	35
4048	3
4049	2
4050	7
4051	8
4052	21
4053	36
4054	5
4055	5
4056	3
4057	32
4058	6
4059	8
4060	23
4061	2
4062	5
4063	2
4064	10
4065	6
4066	5
4067	10
4068	17
4069	4
4070	2
4071	4
4072	3
4073	4
4074	6
4075	24
4076	2
4077	2
4078	39
4079	2
4080	2
4081	3
4082	8
4083	3
4084	2
4085	42
4086	2
4087	3
4088	8
4089	6
4090	3
4091	5
4092	15
4093	9
4094	11
4095	2
4096	2
4097	2
4098	29
4099	2
4100	7
4101	29
4102	2
4103	7
4104	17
4105	8
4106	23
4107	7
4108	2
4109	2
4110	11
4111	22
4112	3
4113	5
4114	4
4115	6
4116	3
4117	2
4118	21
4119	13
4120	27
4121	9
4122	4
4123	4
4124	15
4125	4
4126	16
4127	7
4128	15
4129	32
4130	5
4131	4
4132	3
4133	11
4134	30
4135	28
4136	9
4137	15
4138	19
4139	15
4140	4
4141	2
4142	4
4143	3
4144	7
4145	16
4146	8
4147	2
4148	4
4149	3
4150	4
4151	6
4152	2
4153	3
4154	6
4155	9
4156	8
4157	3
4158	6
4159	6
4160	30
4161	10
4162	3
4163	38
4164	2
4165	2
4166	6
4167	14
4168	7
4169	7
4170	5
4171	2
4172	23
4173	3
4174	3
4175	26
4176	2
4177	3
4178	13
4179	5
4180	14
4181	17
4182	6
4183	5
4184	3
4185	3
4186	4
4187	5
4188	3
4189	7
4190	2
4191	2
4192	3
4193	4
4194	6
4195	8
4196	12
4197	23
4198	4
4199	4
4200	3
4201	6
4202	5
4203	3
4204	29
4205	9
4206	22
4207	17
4208	3
4209	24
4210	5
4211	4
4212	9
4213	16
4214	4
4215	4
4216	2
4217	2
4218	5
4219	13
4220	27
4221	5
4222	5
4223	9
4224	32
4225	4
4226	10
4227	4
4228	16
4229	5
4230	5
4231	2
4232	2
4233	15
4234	6
4235	22
4236	6
4237	3
4238	42
4239	8
4240	3
4241	5
4242	7
4243	5
4244	8
4245	31
4246	2
4247	6
4248	4
4249	6
4250	4
4251	3
4252	25
4253	2
4254	16
4255	17
4256	4
4257	9
4258	4
4259	16
4260	2
4261	14
4262	6
4263	13
4264	24
4265	26
4266	3
4267	9
4268	23
4269	33
4270	10
4271	26
4272	39
4273	3
4274	7
4275	6
4276	4
4277	26
4278	5
4279	26
4280	2
4281	25
4282	4
4283	6
4284	3
4285	6
4286	5
4287	3
4288	6
4289	4
4290	10
4291	7
4292	22
4293	9
4294	8
4295	3
4296	6
4297	3
4298	44
4299	6
4300	2
4301	4
4302	5
4303	2
4304	41
4305	5
4306	2
4307	5
4308	4
4309	2
4310	34
4311	2
4312	5
4313	32
4314	4
4315	9
4316	40
4317	4
4318	8
4319	39
4320	3
4321	2
4322	2
4323	2
4324	4
4325	3
4326	8
4327	20
4328	4
4329	5
4330	5
4331	5
4332	27
4333	4
4334	27
4335	7
4336	7
4337	2
4338	2
4339	6
4340	6
4341	24
4342	34
4343	16
4344	15
4345	4
4346	2
4347	14
4348	5
4349	2
4350	4
4351	2
4352	4
4353	7
4354	8
4355	21
4356	3
4357	12
4358	23
4359	6
4360	10
4361	24
4362	27
4363	3
4364	26
4365	2
4366	7
4367	35
4368	5
4369	6
4370	8
4371	5
4372	3
4373	2
4374	2
4375	28
4376	6
4377	5
4378	14
4379	2
4380	7
4381	3
4382	15
4383	2
4384	5
4385	21
4386	6
4387	9
4388	24
4389	23
4390	6
4391	31
4392	5
4393	2
4394	2
4395	2
4396	8
4397	38
4398	3
4399	13
4400	3
4401	10
4402	2
4403	2
4404	10
4405	38
4406	7
4407	2
4408	9
4409	2
4410	2
4411	2
4412	2
4413	5
4414	2
4415	3
4416	36
4417	4
4418	3
4419	4
4420	5
4421	12
4422	23
4423	7
4424	31
4425	16
4426	2
4427	2
4428	4
4429	3
4430	23
4431	3
4432	4
4433	44
4434	23
4435	32
4436	3
4437	2
4438	9
4439	23
4440	5
4441	16
4442	11
4443	24
4444	6
4445	9
4446	4
4447	3
4448	5
4449	7
4450	13
4451	23
4452	2
4453	8
4454	3
4455	2
4456	42
4457	4
4458	2
4459	3
4460	15
4461	35
4462	28
4463	14
4464	16
4465	5
4466	6
4467	2
4468	10
4469	19
4470	8
4471	9
4472	6
4473	8
4474	36
4475	16
4476	14
4477	4
4478	21
4479	22
4480	6
4481	22
4482	15
4483	16
4484	3
4485	6
4486	16
4487	3
4488	2
4489	3
4490	6
4491	10
4492	2
4493	5
4494	36
4495	3
4496	6
4497	6
4498	6
4499	8
4500	32
4501	4
4502	2
4503	2
4504	6
4505	2
4506	13
4507	3
4508	3
4509	3
4510	4
4511	2
4512	27
4513	17
4514	3
4515	23
4516	5
4517	19
4518	6
4519	2
4520	10
4521	12
4522	25
4523	2
4524	24
4525	6
4526	2
4527	15
4528	4
4529	6
4530	4
4531	17
4532	2
4533	4
4534	3
4535	3
4536	6
4537	5
4538	4
4539	5
4540	3
4541	7
4542	27
4543	8
4544	4
4545	3
4546	26
4547	2
4548	5
4549	6
4550	5
4551	31
4552	3
4553	33
4554	8
4555	2
4556	3
4557	3
4558	4
4559	21
4560	28
4561	44
4562	4
4563	2
4564	3
4565	27
4566	3
4567	4
4568	5
4569	22
4570	15
4571	2
4572	5
4573	2
4574	4
4575	2
4576	2
4577	6
4578	6
4579	2
4580	2
4581	8
4582	5
4583	14
4584	4
4585	5
4586	6
4587	10
4588	17
4589	9
4590	18
4591	2
4592	2
4593	6
4594	3
4595	2
4596	9
4597	2
4598	3
4599	25
4600	8
4601	3
4602	5
4603	9
4604	15
4605	4
4606	8
4607	15
4608	5
4609	7
4610	2
4611	2
4612	3
4613	17
4614	2
4615	34
4616	8
4617	2
4618	4
4619	8
4620	32
4621	6
4622	10
4623	8
4624	24
4625	6
4626	4
4627	6
4628	3
4629	8
4630	2
4631	34
4632	8
4633	7
4634	30
4635	4
4636	2
4637	4
4638	3
4639	2
4640	29
4641	8
4642	9
4643	7
4644	5
4645	45
4646	21
4647	3
4648	3
4649	3
4650	9
4651	9
4652	22
4653	20
4654	2
4655	6
4656	6
4657	3
4658	16
4659	8
4660	6
4661	7
4662	5
4663	3
4664	5
4665	3
4666	26
4667	4
4668	7
4669	23
4670	2
4671	6
4672	6
4673	4
4674	5
4675	7
4676	2
4677	3
4678	17
4679	17
4680	5
4681	2
4682	4
4683	2
4684	15
4685	5
4686	14
4687	18
4688	2
4689	8
4690	12
4691	19
4692	17
4693	27
4694	4
4695	9
4696	23
4697	4
4698	14
4699	4
4700	7
4701	6
4702	4
4703	2
4704	5
4705	6
4706	23
4707	31
4708	15
4709	9
4710	23
4711	7
4712	2
4713	16
4714	5
4715	4
4716	31
4717	4
4718	2
4719	4
4720	2
4721	5
4722	21
4723	5
4724	2
4725	4
4726	5
4727	6
4728	6
4729	6
4730	30
4731	5
4732	2
4733	3
4734	3
4735	5
4736	11
4737	23
4738	3
4739	5
4740	8
4741	8
4742	9
4743	3
4744	4
4745	7
4746	24
4747	27
4748	24
4749	5
4750	8
4751	30
4752	10
4753	2
4754	7
4755	3
4756	3
4757	16
4758	6
4759	2
4760	3
4761	4
4762	2
4763	34
4764	9
4765	24
4766	3
4767	2
4768	2
4769	2
4770	30
4771	5
4772	2
4773	26
4774	9
4775	25
4776	8
4777	2
4778	5
4779	24
4780	6
4781	5
4782	21
4783	3
4784	4
4785	3
4786	33
4787	2
4788	3
4789	5
4790	7
4791	6
4792	2
4793	3
4794	4
4795	6
4796	2
4797	6
4798	17
4799	8
4800	9
4801	20
4802	9
4803	11
4804	22
4805	2
4806	8
4807	4
4808	2
4809	2
4810	15
4811	4
4812	3
4813	3
4814	26
4815	2
4816	3
4817	4
4818	2
4819	3
4820	27
4821	5
4822	4
4823	41
4824	4
4825	2
4826	2
4827	15
4828	31
4829	2
4830	15
4831	3
4832	2
4833	3
4834	4
4835	5
4836	4
4837	11
4838	23
4839	6
4840	10
4841	24
4842	11
4843	5
4844	2
4845	2
4846	3
4847	2
4848	14
4849	23
4850	3
4851	22
4852	39
4853	2
4854	8
4855	23
4856	6
4857	3
4858	3
4859	8
4860	22
4861	4
4862	30
4863	8
4864	9
4865	3
4866	18
4867	2
4868	2
4869	5
4870	7
4871	6
4872	5
4873	2
4874	22
4875	5
4876	4
4877	2
4878	23
4879	2
4880	11
4881	24
4882	14
4883	23
4884	10
4885	23
4886	6
4887	30
4888	5
4889	5
4890	2
4891	35
4892	14
4893	35
4894	38
4895	2
4896	10
4897	21
4898	5
4899	17
4900	6
4901	5
4902	2
4903	44
4904	12
4905	23
4906	15
4907	33
4908	7
4909	15
4910	7
4911	11
4912	22
4913	2
4914	5
4915	2
4916	2
4917	44
4918	7
4919	2
4920	9
4921	5
4922	3
4923	2
4924	5
4925	4
4926	4
4927	3
4928	11
4929	19
4930	9
4931	9
4932	6
4933	14
4934	4
4935	2
4936	5
4937	39
4938	31
4939	2
4940	4
4941	15
4942	5
4943	2
4944	2
4945	9
4946	21
4947	34
4948	30
4949	4
4950	4
4951	2
4952	7
4953	24
4954	4
4955	28
4956	4
4957	9
4958	21
4959	8
4960	3
4961	2
4962	7
4963	10
4964	8
4965	3
4966	23
4967	15
4968	8
4969	11
4970	7
4971	6
4972	16
4973	4
4974	2
4975	35
4976	2
4977	5
4978	2
4979	3
4980	23
4981	3
4982	20
4983	2
4984	5
4985	10
4986	15
4987	4
4988	8
4989	6
4990	6
4991	21
4992	48
4993	15
4994	31
4995	12
4996	23
4997	3
4998	2
4999	4
5000	6
5001	4
5002	3
5003	4
5004	4
5005	31
5006	23
5007	20
5008	22
5009	5
5010	16
5011	10
5012	23
5013	2
5014	11
5015	9
5016	18
5017	9
5018	7
5019	2
5020	27
5021	7
5022	2
5023	2
5024	3
5025	5
5026	5
5027	3
5028	4
5029	17
5030	2
5031	4
5032	2
5033	6
5034	7
5035	2
5036	4
5037	4
5038	5
5039	37
5040	33
5041	9
5042	7
5043	29
5044	4
5045	10
5046	23
5047	2
5048	2
5049	6
5050	2
5051	29
5052	5
5053	5
5054	4
5055	21
5056	2
5057	14
5058	10
5059	15
5060	8
5061	6
5062	6
5063	4
5064	19
5065	6
5066	38
5067	2
5068	4
5069	5
5070	5
5071	10
5072	22
5073	41
5074	24
5075	2
5076	33
5077	6
5078	14
5079	6
5080	2
5081	7
5082	25
5083	20
5084	3
5085	2
5086	2
5087	4
5088	7
5089	14
5090	3
5091	2
5092	3
5093	7
5094	5
5095	30
5096	2
5097	4
5098	8
5099	5
5100	4
5101	28
5102	5
5103	12
5104	3
5105	24
5106	21
5107	2
5108	15
5109	4
5110	8
5111	4
5112	4
5113	2
5114	7
5115	4
5116	4
5117	36
5118	22
5119	7
5120	2
5121	13
5122	4
5123	3
5124	5
5125	30
5126	3
5127	5
5128	4
5129	3
5130	5
5131	2
5132	3
5133	2
5134	3
5135	2
5136	4
5137	6
5138	3
5139	3
5140	5
5141	6
5142	2
5143	14
5144	2
5145	7
5146	3
5147	2
5148	5
5149	15
5150	6
5151	16
5152	4
5153	3
5154	2
5155	6
5156	6
5157	15
5158	23
5159	6
5160	2
5161	4
5162	8
5163	2
5164	3
5165	35
5166	4
5167	4
5168	7
5169	5
5170	3
5171	3
5172	3
5173	2
5174	4
5175	8
5176	24
5177	3
5178	14
5179	11
5180	22
5181	2
5182	2
5183	4
5184	24
5185	21
5186	6
5187	34
5188	11
5189	22
5190	6
5191	16
5192	16
5193	5
5194	15
5195	16
5196	3
5197	4
5198	2
5199	5
5200	7
5201	6
5202	16
5203	2
5204	3
5205	9
5206	18
5207	38
5208	3
5209	3
5210	2
5211	35
5212	5
5213	6
5214	6
5215	38
5216	2
5217	2
5218	3
5219	15
5220	3
5221	24
5222	6
5223	6
5224	5
5225	14
5226	3
5227	7
5228	6
5229	2
5230	7
5231	29
5232	8
5233	4
5234	7
5235	22
5236	7
5237	3
5238	18
5239	6
5240	14
5241	6
5242	3
5243	7
5244	4
5245	3
5246	21
5247	4
5248	15
5249	5
5250	4
5251	3
5252	8
5253	24
5254	5
5255	8
5256	30
5257	9
5258	23
5259	4
5260	2
5261	30
5262	21
5263	6
5264	10
5265	2
5266	16
5267	15
5268	6
5269	2
5270	2
5271	3
5272	5
5273	43
5274	31
5275	10
5276	23
5277	8
5278	6
5279	40
5280	8
5281	17
5282	5
5283	7
5284	6
5285	17
5286	7
5287	4
5288	3
5289	16
5290	2
5291	4
5292	27
5293	5
5294	4
5295	3
5296	4
5297	2
5298	34
5299	2
5300	26
5301	4
5302	4
5303	32
5304	3
5305	17
5306	3
5307	20
5308	77
5309	30
5310	26
5311	2
5312	21
5313	4
5314	2
5315	2
5316	3
5317	2
5318	3
5319	2
5320	5
5321	5
5322	9
5323	3
5324	6
5325	2
5326	3
5327	5
5328	16
5329	23
5330	10
5331	7
5332	6
5333	4
5334	3
5335	7
5336	15
5337	2
5338	4
5339	8
5340	6
5341	5
5342	2
5343	15
5344	42
5345	4
5346	5
5347	14
5348	2
5349	8
5350	5
5351	2
5352	16
5353	7
5354	3
5355	3
5356	8
5357	22
5358	2
5359	4
5360	3
5361	29
5362	3
5363	3
5364	3
5365	4
5366	5
5367	4
5368	2
5369	16
5370	5
5371	24
5372	2
5373	6
5374	5
5375	37
5376	7
5377	2
5378	22
5379	2
5380	2
5381	10
5382	7
5383	10
5384	2
5385	22
5386	8
5387	2
5388	14
5389	7
5390	7
5391	3
5392	5
5393	2
5394	3
5395	5
5396	4
5397	2
5398	10
5399	22
5400	2
5401	2
5402	5
5403	6
5404	5
5405	2
5406	6
5407	2
5408	16
5409	5
5410	16
5411	3
5412	2
5413	15
5414	24
5415	6
5416	5
5417	17
5418	8
5419	9
5420	23
5421	9
5422	6
5423	4
5424	14
5425	4
5426	15
5427	2
5428	2
5429	2
5430	29
5431	17
5432	2
5433	3
5434	3
5435	2
5436	3
5437	3
5438	9
5439	10
5440	21
5441	3
5442	20
5443	24
5444	7
5445	2
5446	19
5447	4
5448	2
5449	12
5450	23
5451	5
5452	2
5453	22
5454	5
5455	2
5456	38
5457	2
5458	4
5459	2
5460	3
5461	8
5462	12
5463	8
5464	10
5465	23
5466	2
5467	5
5468	10
5469	24
5470	5
5471	12
5472	23
5473	2
5474	6
5475	4
5476	23
5477	2
5478	29
5479	6
5480	67
5481	16
5482	8
5483	6
5484	7
5485	8
5486	5
5487	2
5488	15
5489	4
5490	8
5491	59
5492	3
5493	16
5494	23
5495	21
5496	2
5497	46
5498	2
5499	2
5500	2
5501	3
5502	2
5503	2
5504	2
5505	4
5506	3
5507	8
5508	4
5509	15
5510	3
5511	6
5512	16
5513	3
5514	3
5515	5
5516	3
5517	22
5518	4
5519	16
5520	3
5521	11
5522	3
5523	5
5524	14
5525	3
5526	10
5527	2
5528	15
5529	5
5530	5
5531	31
5532	5
5533	5
5534	4
5535	2
5536	10
5537	4
5538	3
5539	3
5540	4
5541	3
5542	2
5543	9
5544	5
5545	5
5546	17
5547	4
5548	2
5549	2
5550	9
5551	2
5552	2
5553	2
5554	3
5555	3
5556	8
5557	6
5558	18
5559	18
5560	3
5561	8
5562	15
5563	5
5564	37
5565	7
5566	3
5567	17
5568	27
5569	3
5570	33
5571	7
5572	8
5573	29
5574	5
5575	9
5576	7
5577	11
5578	23
5579	12
5580	17
5581	23
5582	9
5583	23
5584	4
5585	6
5586	3
5587	3
5588	2
5589	6
5590	3
5591	12
5592	5
5593	6
5594	7
5595	4
5596	31
5597	4
5598	7
5599	3
5600	2
5601	4
5602	3
5603	37
5604	6
5605	6
5606	6
5607	20
5608	2
5609	3
5610	2
5611	23
5612	43
5613	30
5614	14
5615	15
5616	17
5617	6
5618	11
5619	29
5620	4
5621	4
5622	4
5623	6
5624	4
5625	3
5626	2
5627	7
5628	8
5629	5
5630	40
5631	35
5632	4
5633	2
5634	3
5635	9
5636	23
5637	8
5638	2
5639	2
5640	2
5641	3
5642	5
5643	3
5644	6
5645	4
5646	3
5647	2
5648	5
5649	39
5650	5
5651	7
5652	4
5653	15
5654	2
5655	6
5656	4
5657	12
5658	18
5659	2
5660	5
5661	16
5662	5
5663	2
5664	9
5665	27
5666	4
5667	6
5668	13
5669	2
5670	2
5671	17
5672	7
5673	8
5674	7
5675	2
5676	16
5677	8
5678	5
5679	12
5680	17
5681	3
5682	2
5683	29
5684	8
5685	3
5686	5
5687	3
5688	11
5689	24
5690	4
5691	2
5692	41
5693	2
5694	18
5695	3
5696	4
5697	5
5698	7
5699	3
5700	23
5701	10
5702	21
5703	16
5704	2
5705	10
5706	28
5707	10
5708	23
5709	32
5710	16
5711	17
5712	7
5713	30
5714	2
5715	9
5716	16
5717	42
5718	4
5719	7
5720	6
5721	3
5722	6
5723	21
5724	3
5725	7
5726	4
5727	2
5728	3
5729	2
5730	5
5731	21
5732	11
5733	6
5734	10
5735	8
5736	2
5737	22
5738	6
5739	39
5740	7
5741	8
5742	22
5743	3
5744	2
5745	7
5746	3
5747	3
5748	8
5749	5
5750	15
5751	8
5752	5
5753	3
5754	15
5755	2
5756	2
5757	3
5758	5
5759	5
5760	22
5761	5
5762	10
5763	2
5764	2
5765	3
5766	2
5767	3
5768	5
5769	3
5770	2
5771	5
5772	3
5773	4
5774	2
5775	31
5776	17
5777	18
5778	5
5779	2
5780	8
5781	16
5782	14
5783	35
5784	32
5785	11
5786	24
5787	27
5788	6
5789	3
5790	2
5791	2
5792	20
5793	2
5794	3
5795	32
5796	2
5797	4
5798	3
5799	3
5800	4
5801	10
5802	7
5803	5
5804	51
5805	18
5806	5
5807	8
5808	16
5809	2
5810	16
5811	10
5812	2
5813	2
5814	24
5815	3
5816	22
5817	4
5818	3
5819	5
5820	4
5821	3
5822	11
5823	16
5824	5
5825	4
5826	2
5827	2
5828	2
5829	11
5830	3
5831	3
5832	51
5833	10
5834	34
5835	10
5836	2
5837	22
5838	12
5839	6
5840	20
5841	4
5842	5
5843	6
5844	33
5845	2
5846	4
5847	3
5848	17
5849	13
5850	24
5851	22
5852	30
5853	4
5854	5
5855	16
5856	30
5857	4
5858	4
5859	6
5860	6
5861	2
5862	2
5863	25
5864	3
5865	3
5866	2
5867	14
5868	6
5869	5
5870	4
5871	2
5872	7
5873	9
5874	2
5875	3
5876	2
5877	2
5878	14
5879	4
5880	3
5881	37
5882	3
5883	3
5884	5
5885	3
5886	6
5887	15
5888	24
5889	5
5890	3
5891	16
5892	5
5893	4
5894	9
5895	25
5896	3
5897	5
5898	3
5899	26
5900	2
5901	3
5902	5
5903	2
5904	5
5905	4
5906	3
5907	6
5908	28
5909	3
5910	2
5911	22
5912	2
5913	41
5914	4
5915	5
5916	40
5917	21
5918	2
5919	9
5920	15
5921	9
5922	2
5923	3
5924	4
5925	17
5926	4
5927	2
5928	9
5929	3
5930	5
5931	6
5932	3
5933	5
5934	20
5935	2
5936	15
5937	2
5938	10
5939	24
5940	15
5941	22
5942	5
5943	39
5944	2
5945	2
5946	8
5947	22
5948	2
5949	5
5950	30
5951	3
5952	15
5953	4
5954	3
5955	2
5956	3
5957	2
5958	20
5959	6
5960	16
5961	5
5962	6
5963	4
5964	30
5965	5
5966	5
5967	27
5968	27
5969	4
5970	8
5971	21
5972	4
5973	30
5974	15
5975	30
5976	2
5977	37
5978	4
5979	4
5980	6
5981	4
5982	6
5983	2
5984	4
5985	8
5986	4
5987	7
5988	9
5989	11
5990	2
5991	5
5992	36
5993	2
5994	18
5995	7
5996	30
5997	2
5998	2
5999	4
6000	11
6001	24
6002	28
6003	6
6004	26
6005	10
6006	2
6007	2
6008	10
6009	6
6010	3
6011	9
6012	4
6013	2
6014	6
6015	6
6016	6
6017	10
6018	10
6019	23
6020	2
6021	7
6022	3
6023	4
6024	15
6025	15
6026	6
6027	25
6028	15
6029	15
6030	3
6031	3
6032	15
6033	4
6034	12
6035	24
6036	15
6037	4
6038	15
6039	41
6040	7
6041	3
6042	2
6043	34
6044	15
6045	14
6046	4
6047	3
6048	27
6049	7
6050	4
6051	5
6052	3
6053	3
6054	34
6055	2
6056	4
6057	3
6058	3
6059	4
6060	3
6061	4
6062	2
6063	33
6064	6
6065	3
6066	4
6067	2
6068	30
6069	6
6070	2
6071	7
6072	18
6073	4
6074	2
6075	3
6076	9
6077	4
6078	33
6079	4
6080	5
6081	4
6082	22
6083	2
6084	9
6085	7
6086	35
6087	2
6088	5
6089	8
6090	3
6091	11
6092	22
6093	9
6094	22
6095	13
6096	23
6097	2
6098	4
6099	4
6100	4
6101	5
6102	15
6103	3
6104	2
6105	15
6106	2
6107	3
6108	7
6109	6
6110	3
6111	3
6112	4
6113	2
6114	23
6115	3
6116	10
6117	23
6118	2
6119	5
6120	2
6121	5
6122	6
6123	17
6124	3
6125	10
6126	6
6127	4
6128	2
6129	26
6130	6
6131	3
6132	5
6133	17
6134	4
6135	4
6136	31
6137	4
6138	2
6139	2
6140	2
6141	4
6142	3
6143	4
6144	37
6145	5
6146	27
6147	4
6148	31
6149	5
6150	3
6151	28
6152	3
6153	2
6154	4
6155	2
6156	3
6157	20
6158	4
6159	7
6160	3
6161	11
6162	3
6163	5
6164	3
6165	11
6166	7
6167	7
6168	7
6169	3
6170	4
6171	4
6172	19
6173	3
6174	2
6175	3
6176	18
6177	13
6178	3
6179	54
6180	3
6181	3
6182	4
6183	31
6184	16
6185	3
6186	4
6187	4
6188	2
6189	2
6190	8
6191	43
6192	2
6193	34
6194	35
6195	5
6196	5
6197	4
6198	41
6199	4
6200	4
6201	29
6202	5
6203	22
6204	11
6205	3
6206	3
6207	4
6208	2
6209	5
6210	13
6211	3
6212	5
6213	15
6214	7
6215	3
6216	2
6217	3
6218	5
6219	23
6220	2
6221	11
6222	22
6223	11
6224	8
6225	6
6226	3
6227	36
6228	3
6229	3
6230	5
6231	2
6232	15
6233	22
6234	5
6235	7
6236	5
6237	2
6238	5
6239	3
6240	4
6241	4
6242	5
6243	4
6244	4
6245	2
6246	4
6247	8
6248	6
6249	31
6250	2
6251	3
6252	7
6253	4
6254	2
6255	4
6256	2
6257	5
6258	4
6259	2
6260	3
6261	5
6262	6
6263	4
6264	5
6265	5
6266	19
6267	8
6268	2
6269	3
6270	11
6271	3
6272	5
6273	9
6274	23
6275	35
6276	5
6277	4
6278	3
6279	2
6280	22
6281	4
6282	4
6283	2
6284	2
6285	8
6286	2
6287	24
6288	17
6289	30
6290	39
6291	5
6292	7
6293	2
6294	11
6295	18
6296	11
6297	5
6298	9
6299	2
6300	3
6301	9
6302	5
6303	16
6304	4
6305	4
6306	13
6307	17
6308	3
6309	2
6310	7
6311	3
6312	4
6313	6
6314	16
6315	2
6316	4
6317	3
6318	5
6319	7
6320	2
6321	7
6322	2
6323	7
6324	8
6325	5
6326	2
6327	4
6328	2
6329	7
6330	21
6331	28
6332	32
6333	6
6334	7
6335	5
6336	3
6337	3
6338	5
6339	2
6340	4
6341	2
6342	3
6343	29
6344	28
6345	17
6346	3
6347	3
6348	15
6349	7
6350	5
6351	23
6352	2
6353	6
6354	7
6355	10
6356	13
6357	4
6358	3
6359	7
6360	37
6361	5
6362	10
6363	22
6364	12
6365	2
6366	3
6367	3
6368	3
6369	12
6370	22
6371	15
6372	6
6373	2
6374	5
6375	24
6376	4
6377	5
6378	11
6379	22
6380	15
6381	2
6382	3
6383	5
6384	8
6385	2
6386	2
6387	7
6388	23
6389	7
6390	2
6391	7
6392	2
6393	5
6394	3
6395	2
6396	15
6397	9
6398	38
6399	3
6400	4
6401	2
6402	3
6403	8
6404	23
6405	29
6406	7
6407	3
6408	4
6409	6
6410	10
6411	22
6412	4
6413	10
6414	23
6415	3
6416	3
6417	6
6418	7
6419	3
6420	5
6421	3
6422	2
6423	9
6424	3
6425	3
6426	3
6427	24
6428	6
6429	30
6430	5
6431	6
6432	35
6433	5
6434	2
6435	4
6436	2
6437	29
6438	10
6439	31
6440	4
6441	4
6442	2
6443	3
6444	8
6445	14
6446	6
6447	36
6448	6
6449	21
6450	3
6451	10
6452	7
6453	2
6454	31
6455	10
6456	3
6457	2
6458	22
6459	17
6460	33
6461	7
6462	3
6463	2
6464	5
6465	2
6466	31
6467	5
6468	15
6469	2
6470	4
6471	19
6472	18
6473	10
6474	9
6475	2
6476	11
6477	7
6478	3
6479	44
6480	36
6481	8
6482	2
6483	6
6484	7
6485	3
6486	3
6487	4
6488	4
6489	5
6490	6
6491	3
6492	2
6493	2
6494	6
6495	8
6496	23
6497	5
6498	3
6499	6
6500	15
6501	2
6502	12
6503	18
6504	3
6505	3
6506	5
6507	2
6508	6
6509	33
6510	4
6511	3
6512	27
6513	3
6514	4
6515	41
6516	3
6517	2
6518	4
6519	3
6520	16
6521	5
6522	2
6523	4
6524	9
6525	2
6526	2
6527	4
6528	2
6529	35
6530	8
6531	6
6532	6
6533	7
6534	9
6535	3
6536	35
6537	4
6538	2
6539	12
6540	24
6541	4
6542	52
6543	2
6544	33
6545	17
6546	9
6547	3
6548	3
6549	2
6550	31
6551	23
6552	38
6553	17
6554	24
6555	4
6556	5
6557	2
6558	3
6559	26
6560	2
6561	16
6562	22
6563	6
6564	3
6565	2
6566	5
6567	4
6568	3
6569	3
6570	3
6571	29
6572	2
6573	8
6574	23
6575	4
6576	29
6577	5
6578	4
6579	2
6580	6
6581	2
6582	2
6583	17
6584	13
6585	3
6586	2
6587	4
6588	5
6589	22
6590	23
6591	4
6592	2
6593	7
6594	3
6595	17
6596	24
6597	29
6598	28
6599	3
6600	23
6601	7
6602	16
6603	4
6604	10
6605	24
6606	16
6607	5
6608	7
6609	7
6610	18
6611	2
6612	2
6613	4
6614	3
6615	6
6616	4
6617	2
6618	34
6619	2
6620	13
6621	4
6622	2
6623	4
6624	4
6625	7
6626	5
6627	3
6628	4
6629	4
6630	7
6631	24
6632	10
6633	4
6634	15
6635	6
6636	16
6637	4
6638	4
6639	2
6640	27
6641	5
6642	26
6643	7
6644	2
6645	20
6646	4
6647	5
6648	2
6649	42
6650	24
6651	5
6652	5
6653	4
6654	33
6655	7
6656	5
6657	4
6658	12
6659	28
6660	5
6661	3
6662	2
6663	3
6664	2
6665	3
6666	3
6667	14
6668	15
6669	3
6670	4
6671	9
6672	16
6673	8
6674	3
6675	4
6676	7
6677	7
6678	14
6679	2
6680	12
6681	27
6682	5
6683	22
6684	25
6685	4
6686	4
6687	4
6688	16
6689	2
6690	22
6691	4
6692	7
6693	32
6694	23
6695	3
6696	6
6697	4
6698	15
6699	22
6700	36
6701	2
6702	8
6703	8
6704	2
6705	8
6706	14
6707	32
6708	2
6709	6
6710	2
6711	2
6712	4
6713	34
6714	16
6715	4
6716	5
6717	14
6718	17
6719	5
6720	7
6721	16
6722	10
6723	16
6724	2
6725	2
6726	20
6727	39
6728	4
6729	2
6730	4
6731	2
6732	9
6733	6
6734	3
6735	2
6736	9
6737	3
6738	6
6739	18
6740	3
6741	2
6742	22
6743	6
6744	3
6745	7
6746	8
6747	22
6748	39
6749	6
6750	8
6751	4
6752	4
6753	18
6754	4
6755	16
6756	3
6757	2
6758	3
6759	15
6760	6
6761	2
6762	9
6763	13
6764	23
6765	3
6766	6
6767	2
6768	3
6769	3
6770	9
6771	3
6772	23
6773	2
6774	6
6775	28
6776	4
6777	2
6778	2
6779	6
6780	5
6781	2
6782	6
6783	2
6784	2
6785	3
6786	38
6787	2
6788	11
6789	10
6790	5
6791	7
6792	15
6793	2
6794	7
6795	3
6796	9
6797	7
6798	4
6799	2
6800	3
6801	2
6802	2
6803	7
6804	16
6805	5
6806	2
6807	4
6808	4
6809	7
6810	3
6811	4
6812	4
6813	5
6814	21
6815	5
6816	8
6817	2
6818	4
6819	8
6820	13
6821	23
6822	5
6823	4
6824	4
6825	14
6826	4
6827	6
6828	2
6829	7
6830	16
6831	5
6832	4
6833	2
6834	16
6835	25
6836	2
6837	33
6838	2
6839	4
6840	3
6841	16
6842	5
6843	3
6844	6
6845	29
6846	41
6847	3
6848	3
6849	12
6850	5
6851	40
6852	5
6853	9
6854	32
6855	3
6856	5
6857	7
6858	39
6859	2
6860	3
6861	2
6862	2
6863	31
6864	21
6865	8
6866	3
6867	3
6868	15
6869	2
6870	3
6871	5
6872	16
6873	3
6874	2
6875	10
6876	16
6877	2
6878	4
6879	8
6880	16
6881	2
6882	3
6883	5
6884	6
6885	15
6886	5
6887	3
6888	2
6889	21
6890	3
6891	4
6892	5
6893	7
6894	9
6895	42
6896	7
6897	3
6898	33
6899	2
6900	2
6901	29
6902	3
6903	3
6904	7
6905	7
6906	2
6907	9
6908	22
6909	11
6910	31
6911	15
6912	12
6913	24
6914	7
6915	29
6916	4
6917	3
6918	7
6919	4
6920	6
6921	8
6922	2
6923	4
6924	2
6925	6
6926	3
6927	3
6928	5
6929	2
6930	16
6931	15
6932	3
6933	20
6934	16
6935	23
6936	7
6937	10
6938	27
6939	11
6940	23
6941	6
6942	15
6943	3
6944	2
6945	7
6946	8
6947	26
6948	3
6949	2
6950	6
6951	3
6952	7
6953	6
6954	6
6955	9
6956	21
6957	4
6958	3
6959	13
6960	5
6961	2
6962	31
6963	32
6964	11
6965	18
6966	4
6967	30
6968	8
6969	2
6970	3
6971	30
6972	8
6973	23
6974	3
6975	33
6976	17
6977	16
6978	5
6979	10
6980	3
6981	2
6982	7
6983	4
6984	2
6985	23
6986	9
6987	29
6988	4
6989	17
6990	4
6991	3
6992	2
6993	21
6994	11
6995	18
6996	2
6997	4
6998	3
6999	15
7000	4
7001	8
7002	18
7003	9
7004	5
7005	6
7006	7
7007	4
7008	4
7009	2
7010	3
7011	2
7012	5
7013	5
7014	2
7015	34
7016	2
7017	8
7018	28
7019	9
7020	4
7021	28
7022	8
7023	2
7024	3
7025	2
7026	2
7027	25
7028	3
7029	2
7030	7
7031	3
7032	2
7033	7
7034	5
7035	3
7036	4
7037	4
7038	2
7039	4
7040	6
7041	4
7042	2
7043	7
7044	8
7045	24
7046	14
7047	8
7048	23
7049	3
7050	17
7051	19
7052	6
7053	2
7054	8
7055	3
7056	13
7057	7
7058	7
7059	24
7060	9
7061	5
7062	16
7063	7
7064	3
7065	2
7066	4
7067	2
7068	7
7069	3
7070	4
7071	20
7072	36
7073	4
7074	7
7075	5
7076	8
7077	22
7078	6
7079	3
7080	4
7081	14
7082	31
7083	31
7084	3
7085	5
7086	6
7087	3
7088	2
7089	4
7090	2
7091	2
7092	21
7093	2
7094	9
7095	5
7096	6
7097	36
7098	18
7099	2
7100	7
7101	5
7102	3
7103	15
7104	8
7105	3
7106	9
7107	29
7108	6
7109	2
7110	7
7111	8
7112	6
7113	4
7114	26
7115	6
7116	3
7117	2
7118	4
7119	2
7120	13
7121	19
7122	10
7123	6
7124	7
7125	29
7126	3
7127	5
7128	8
7129	2
7130	3
7131	2
7132	2
7133	18
7134	22
7135	4
7136	21
7137	2
7138	5
7139	22
7140	6
7141	14
7142	3
7143	2
7144	2
7145	8
7146	2
7147	5
7148	39
7149	2
7150	7
7151	15
7152	12
7153	27
7154	4
7155	7
7156	36
7157	4
7158	6
7159	8
7160	43
7161	4
7162	4
7163	3
7164	8
7165	22
7166	8
7167	3
7168	3
7169	8
7170	4
7171	2
7172	23
7173	13
7174	23
7175	7
7176	3
7177	2
7178	6
7179	31
7180	2
7181	3
7182	5
7183	5
7184	5
7185	24
7186	4
7187	3
7188	16
7189	17
7190	19
7191	17
7192	2
7193	2
7194	5
7195	5
7196	3
7197	4
7198	3
7199	2
7200	7
7201	10
7202	23
7203	15
7204	2
7205	3
7206	13
7207	24
7208	2
7209	2
7210	41
7211	5
7212	2
7213	2
7214	6
7215	4
7216	4
7217	3
7218	25
7219	7
7220	2
7221	6
7222	2
7223	36
7224	3
7225	15
7226	44
7227	12
7228	9
7229	7
7230	5
7231	3
7232	3
7233	8
7234	3
7235	4
7236	5
7237	5
7238	3
7239	39
7240	24
7241	17
7242	4
7243	2
7244	34
7245	2
7246	17
7247	23
7248	4
7249	3
7250	16
7251	12
7252	17
7253	2
7254	3
7255	12
7256	2
7257	23
7258	5
7259	3
7260	16
7261	5
7262	4
7263	20
7264	4
7265	13
7266	7
7267	6
7268	5
7269	16
7270	24
7271	20
7272	6
7273	30
7274	2
7275	3
7276	2
7277	4
7278	31
7279	3
7280	5
7281	29
7282	24
7283	16
7284	2
7285	4
7286	3
7287	5
7288	6
7289	3
7290	27
7291	22
7292	5
7293	6
7294	2
7295	8
7296	23
7297	30
7298	3
7299	6
7300	4
7301	2
7302	7
7303	2
7304	10
7305	2
7306	23
7307	9
7308	4
7309	38
7310	5
7311	22
7312	29
7313	29
7314	21
7315	30
7316	30
7317	3
7318	2
7319	2
7320	2
7321	10
7322	10
7323	24
7324	2
7325	5
7326	32
7327	7
7328	2
7329	4
7330	5
7331	2
7332	5
7333	4
7334	14
7335	39
7336	4
7337	6
7338	2
7339	11
7340	22
7341	3
7342	29
7343	5
7344	11
7345	23
7346	14
7347	36
7348	15
7349	9
7350	21
7351	4
7352	7
7353	17
7354	23
7355	2
7356	27
7357	8
7358	24
7359	7
7360	10
7361	22
7362	10
7363	4
7364	30
7365	4
7366	2
7367	35
7368	6
7369	3
7370	5
7371	5
7372	38
7373	2
7374	6
7375	5
7376	4
7377	2
7378	2
7379	20
7380	17
7381	4
7382	10
7383	2
7384	17
7385	4
7386	14
7387	15
7388	3
7389	15
7390	2
7391	2
7392	5
7393	7
7394	6
7395	2
7396	7
7397	3
7398	3
7399	33
7400	3
7401	5
7402	11
7403	5
7404	23
7405	4
7406	4
7407	17
7408	3
7409	15
7410	4
7411	4
7412	2
7413	3
7414	3
7415	7
7416	8
7417	4
7418	4
7419	30
7420	4
7421	3
7422	3
7423	2
7424	5
7425	15
7426	4
7427	5
7428	7
7429	2
7430	18
7431	4
7432	2
7433	7
7434	10
7435	23
7436	4
7437	7
7438	4
7439	6
7440	7
7441	3
7442	41
7443	4
7444	22
7445	2
7446	16
7447	5
7448	4
7449	5
7450	5
7451	4
7452	5
7453	7
7454	4
7455	6
7456	23
7457	29
7458	5
7459	5
7460	14
7461	3
7462	4
7463	3
7464	2
7465	7
7466	4
7467	9
7468	4
7469	10
7470	23
7471	6
7472	4
7473	2
7474	3
7475	2
7476	15
7477	4
7478	3
7479	2
7480	3
7481	7
7482	2
7483	4
7484	2
7485	2
7486	3
7487	10
7488	4
7489	3
7490	4
7491	3
7492	2
7493	3
7494	20
7495	8
7496	3
7497	15
7498	4
7499	5
7500	7
7501	30
7502	3
7503	2
7504	16
7505	6
7506	13
7507	2
7508	2
7509	5
7510	15
7511	17
7512	5
7513	5
7514	5
7515	42
7516	30
7517	7
7518	19
7519	5
7520	4
7521	3
7522	36
7523	11
7524	23
7525	4
7526	2
7527	3
7528	16
7529	6
7530	4
7531	37
7532	6
7533	2
7534	15
7535	8
7536	16
7537	4
7538	4
7539	2
7540	3
7541	3
7542	2
7543	4
7544	2
7545	17
7546	8
7547	4
7548	5
7549	4
7550	11
7551	23
7552	4
7553	7
7554	7
7555	7
7556	3
7557	9
7558	24
7559	21
7560	3
7561	2
7562	5
7563	30
7564	2
7565	2
7566	6
7567	2
7568	6
7569	2
7570	3
7571	6
7572	16
7573	6
7574	2
7575	2
7576	5
7577	28
7578	4
7579	4
7580	12
7581	23
7582	4
7583	17
7584	45
7585	5
7586	4
7587	10
7588	22
7589	2
7590	16
7591	5
7592	5
7593	12
7594	18
7595	8
7596	3
7597	2
7598	3
7599	6
7600	7
7601	7
7602	14
7603	24
7604	6
7605	11
7606	24
7607	2
7608	7
7609	4
7610	6
7611	9
7612	23
7613	5
7614	3
7615	16
7616	22
7617	3
7618	37
7619	5
7620	2
7621	2
7622	39
7623	2
7624	19
7625	12
7626	22
7627	5
7628	7
7629	2
7630	8
7631	22
7632	10
7633	24
7634	4
7635	3
7636	36
7637	30
7638	2
7639	30
7640	2
7641	23
7642	8
7643	5
7644	4
7645	2
7646	16
7647	31
7648	38
7649	2
7650	2
7651	2
7652	7
7653	2
7654	7
7655	5
7656	7
7657	2
7658	3
7659	8
7660	16
7661	11
7662	22
7663	5
7664	27
7665	8
7666	9
7667	12
7668	24
7669	4
7670	3
7671	17
7672	5
7673	9
7674	23
7675	2
7676	10
7677	16
7678	6
7679	4
7680	5
7681	6
7682	3
7683	5
7684	9
7685	22
7686	2
7687	2
7688	2
7689	5
7690	7
7691	6
7692	5
7693	5
7694	36
7695	14
7696	41
7697	3
7698	3
7699	2
7700	4
7701	2
7702	2
7703	6
7704	2
7705	34
7706	27
7707	15
7708	37
7709	3
7710	5
7711	16
7712	35
7713	5
7714	9
7715	3
7716	6
7717	2
7718	2
7719	2
7720	5
7721	3
7722	4
7723	7
7724	4
7725	7
7726	3
7727	8
7728	22
7729	12
7730	17
7731	6
7732	22
7733	14
7734	17
7735	2
7736	5
7737	27
7738	2
7739	7
7740	4
7741	2
7742	6
7743	2
7744	4
7745	4
7746	7
7747	8
7748	6
7749	19
7750	7
7751	2
7752	3
7753	8
7754	2
7755	3
7756	5
7757	10
7758	24
7759	3
7760	2
7761	5
7762	2
7763	5
7764	7
7765	4
7766	12
7767	13
7768	24
7769	2
7770	6
7771	3
7772	2
7773	7
7774	31
7775	17
7776	8
7777	8
7778	22
7779	3
7780	8
7781	28
7782	6
7783	30
7784	2
7785	15
7786	7
7787	3
7788	24
7789	4
7790	9
7791	23
7792	5
7793	13
7794	23
7795	10
7796	2
7797	36
7798	8
7799	11
7800	24
7801	12
7802	26
7803	4
7804	5
7805	2
7806	5
7807	4
7808	5
7809	2
7810	5
7811	3
7812	10
7813	22
7814	2
7815	2
7816	2
7817	5
7818	6
7819	2
7820	6
7821	48
7822	4
7823	40
7824	15
7825	2
7826	9
7827	21
7828	9
7829	2
7830	22
7831	15
7832	4
7833	10
7834	2
7835	3
7836	2
7837	34
7838	40
7839	2
7840	6
7841	6
7842	2
7843	36
7844	8
7845	6
7846	3
7847	5
7848	15
7849	22
7850	15
7851	3
7852	7
7853	7
7854	26
7855	2
7856	7
7857	10
7858	2
7859	3
7860	2
7861	2
7862	12
7863	23
7864	6
7865	14
7866	16
7867	5
7868	3
7869	3
7870	15
7871	4
7872	6
7873	2
7874	11
7875	22
7876	36
7877	2
7878	5
7879	9
7880	3
7881	6
7882	18
7883	17
7884	11
7885	10
7886	5
7887	6
7888	4
7889	7
7890	4
7891	30
7892	38
7893	7
7894	7
7895	3
7896	7
7897	17
7898	2
7899	4
7900	2
7901	2
7902	38
7903	3
7904	17
7905	28
7906	37
7907	6
7908	2
7909	5
7910	29
7911	3
7912	2
7913	4
7914	14
7915	27
7916	3
7917	29
7918	3
7919	21
7920	32
7921	8
7922	29
7923	3
7924	38
7925	15
7926	14
7927	3
7928	4
7929	5
7930	8
7931	5
7932	8
7933	3
7934	2
7935	2
7936	30
7937	2
7938	4
7939	15
7940	10
7941	23
7942	2
7943	21
7944	8
7945	5
7946	5
7947	8
7948	2
7949	10
7950	7
7951	3
7952	5
7953	8
7954	28
7955	2
7956	2
7957	15
7958	17
7959	10
7960	21
7961	26
7962	7
7963	15
7964	4
7965	2
7966	3
7967	4
7968	4
7969	18
7970	42
7971	7
7972	2
7973	23
7974	5
7975	8
7976	16
7977	2
7978	7
7979	5
7980	4
7981	12
7982	17
7983	8
7984	5
7985	7
7986	35
7987	4
7988	14
7989	3
7990	6
7991	2
7992	42
7993	32
7994	6
7995	3
7996	2
7997	17
7998	3
7999	4
8000	6
8001	6
8002	2
8003	7
8004	6
8005	2
8006	2
8007	15
8008	7
8009	35
8010	4
8011	2
8012	6
8013	3
8014	3
8015	2
8016	2
8017	14
8018	19
8019	8
8020	19
8021	9
8022	21
8023	5
8024	3
8025	4
8026	7
8027	2
8028	4
8029	3
8030	5
8031	32
8032	3
8033	23
8034	6
8035	3
8036	6
8037	2
8038	2
8039	6
8040	5
8041	2
8042	2
8043	2
8044	7
8045	7
8046	3
8047	41
8048	15
8049	41
8050	5
8051	12
8052	5
8053	7
8054	8
8055	11
8056	18
8057	33
8058	4
8059	3
8060	15
8061	8
8062	7
8063	2
8064	2
8065	23
8066	2
8067	33
8068	32
8069	8
8070	2
8071	3
8072	40
8073	4
8074	10
8075	4
8076	5
8077	10
8078	5
8079	2
8080	39
8081	3
8082	12
8083	12
8084	14
8085	2
8086	6
8087	3
8088	4
8089	3
8090	7
8091	7
8092	9
8093	17
8094	18
8095	3
8096	7
8097	6
8098	6
8099	2
8100	3
8101	4
8102	6
8103	3
8104	2
8105	7
8106	5
8107	7
8108	30
8109	6
8110	4
8111	13
8112	7
8113	3
8114	2
8115	15
8116	4
8117	9
8118	26
8119	3
8120	14
8121	6
8122	20
8123	23
8124	2
8125	3
8126	5
8127	4
8128	14
8129	2
8130	15
8131	6
8132	11
8133	24
8134	14
8135	2
8136	20
8137	5
8138	31
8139	6
8140	2
8141	15
8142	4
8143	38
8144	2
8145	8
8146	6
8147	8
8148	2
8149	9
8150	23
8151	5
8152	24
8153	41
8154	4
8155	2
8156	8
8157	7
8158	31
8159	9
8160	9
8161	5
8162	7
8163	2
8164	2
8165	4
8166	2
8167	6
8168	7
8169	16
8170	3
8171	32
8172	7
8173	3
8174	4
8175	7
8176	4
8177	2
8178	24
8179	12
8180	17
8181	5
8182	5
8183	4
8184	2
8185	3
8186	40
8187	7
8188	8
8189	2
8190	2
8191	3
8192	4
8193	5
8194	35
8195	7
8196	4
8197	4
8198	44
8199	31
8200	10
8201	4
8202	3
8203	2
8204	16
8205	5
8206	4
8207	15
8208	3
8209	5
8210	2
8211	2
8212	2
8213	15
8214	3
8215	44
8216	2
8217	7
8218	3
8219	2
8220	4
8221	5
8222	4
8223	5
8224	13
8225	6
8226	2
8227	2
8228	4
8229	4
8230	13
8231	23
8232	3
8233	22
8234	3
8235	6
8236	26
8237	4
8238	14
8239	9
8240	16
8241	8
8242	6
8243	4
8244	10
8245	24
8246	3
8247	3
8248	30
8249	23
8250	12
8251	16
8252	11
8253	18
8254	3
8255	15
8256	2
8257	17
8258	6
8259	7
8260	6
8261	3
8262	2
8263	5
8264	3
8265	39
8266	2
8267	2
8268	6
8269	31
8270	22
8271	8
8272	22
8273	3
8274	9
8275	25
8276	16
8277	6
8278	7
8279	34
8280	10
8281	23
8282	4
8283	5
8284	13
8285	34
8286	9
8287	6
8288	2
8289	18
8290	15
8291	6
8292	26
8293	6
8294	14
8295	24
8296	6
8297	22
8298	2
8299	4
8300	34
8301	7
8302	3
8303	3
8304	2
8305	5
8306	3
8307	6
8308	6
8309	7
8310	5
8311	4
8312	6
8313	6
8314	2
8315	2
8316	2
8317	3
8318	8
8319	2
8320	5
8321	14
8322	23
8323	26
8324	2
8325	3
8326	3
8327	19
8328	2
8329	26
8330	8
8331	7
8332	6
8333	9
8334	24
8335	22
8336	36
8337	3
8338	3
8339	13
8340	12
8341	8
8342	21
8343	5
8344	19
8345	7
8346	21
8347	18
8348	29
8349	8
8350	22
8351	4
8352	4
8353	18
8354	10
8355	2
8356	6
8357	2
8358	5
8359	31
8360	7
8361	2
8362	32
8363	4
8364	4
8365	38
8366	15
8367	22
8368	7
8369	16
8370	3
8371	8
8372	22
8373	2
8374	30
8375	2
8376	2
8377	5
8378	4
8379	5
8380	2
8381	2
8382	5
8383	3
8384	8
8385	6
8386	20
8387	3
8388	3
8389	2
8390	40
8391	2
8392	38
8393	4
8394	4
8395	41
8396	7
8397	43
8398	2
8399	3
8400	2
8401	14
8402	4
8403	4
8404	3
8405	31
8406	4
8407	3
8408	4
8409	24
8410	8
8411	10
8412	24
8413	15
8414	8
8415	24
8416	5
8417	13
8418	29
8419	3
8420	29
8421	33
8422	2
8423	2
8424	6
8425	2
8426	2
8427	2
8428	4
8429	6
8430	4
8431	4
8432	3
8433	2
8434	11
8435	2
8436	16
8437	3
8438	8
8439	3
8440	4
8441	26
8442	5
8443	2
8444	11
8445	7
8446	6
8447	23
8448	7
8449	2
8450	7
8451	15
8452	7
8453	2
8454	21
8455	12
8456	22
8457	4
8458	15
8459	8
8460	17
8461	4
8462	38
8463	15
8464	7
8465	5
8466	7
8467	4
8468	15
8469	26
8470	2
8471	22
8472	5
8473	7
8474	3
8475	2
8476	2
8477	2
8478	2
8479	32
8480	22
8481	6
8482	17
8483	2
8484	8
8485	24
8486	2
8487	3
8488	2
8489	2
8490	4
8491	3
8492	9
8493	6
8494	16
8495	4
8496	3
8497	8
8498	29
8499	22
8500	2
8501	3
8502	6
8503	4
8504	2
8505	21
8506	2
8507	28
8508	3
8509	5
8510	5
8511	4
8512	2
8513	11
8514	2
8515	16
8516	15
8517	4
8518	7
8519	4
8520	2
8521	5
8522	39
8523	7
8524	5
8525	4
8526	2
8527	19
8528	11
8529	22
8530	5
8531	21
8532	3
8533	29
8534	15
8535	2
8536	6
8537	6
8538	11
8539	24
8540	3
8541	5
8542	5
8543	2
8544	3
8545	5
8546	5
8547	7
8548	30
8549	15
8550	2
8551	15
8552	4
8553	3
8554	5
8555	2
8556	38
8557	15
8558	3
8559	4
8560	9
8561	21
8562	12
8563	23
8564	14
8565	2
8566	6
8567	6
8568	8
8569	4
8570	6
8571	2
8572	5
8573	7
8574	7
8575	5
8576	4
8577	4
8578	3
8579	2
8580	15
8581	5
8582	8
8583	12
8584	6
8585	3
8586	2
8587	7
8588	7
8589	3
8590	3
8591	3
8592	4
8593	9
8594	6
8595	3
8596	6
8597	2
8598	3
8599	32
8600	3
8601	8
8602	2
8603	37
8604	16
8605	8
8606	4
8607	3
8608	4
8609	38
8610	3
8611	3
8612	4
8613	21
8614	27
8615	8
8616	7
8617	14
8618	4
8619	4
8620	14
8621	15
8622	15
8623	8
8624	39
8625	29
8626	4
8627	3
8628	31
8629	2
8630	15
8631	3
8632	23
8633	5
8634	10
8635	23
8636	16
8637	6
8638	2
8639	2
8640	21
8641	34
8642	6
8643	19
8644	5
8645	14
8646	17
8647	38
8648	4
8649	16
8650	28
8651	4
8652	6
8653	3
8654	10
8655	23
8656	23
8657	16
8658	15
8659	17
8660	2
8661	2
8662	10
8663	5
8664	8
8665	3
8666	4
8667	9
8668	28
8669	5
8670	3
8671	5
8672	4
8673	41
8674	3
8675	5
8676	2
8677	7
8678	6
8679	39
8680	15
8681	2
8682	15
8683	5
8684	3
8685	2
8686	4
8687	2
8688	3
8689	2
8690	10
8691	11
8692	4
8693	15
8694	6
8695	2
8696	2
8697	31
8698	8
8699	38
8700	31
8701	3
8702	2
8703	3
8704	3
8705	10
8706	21
8707	5
8708	2
8709	3
8710	3
8711	5
8712	2
8713	7
8714	2
8715	5
8716	2
8717	5
8718	7
8719	2
8720	7
8721	6
8722	40
8723	7
8724	6
8725	3
8726	2
8727	5
8728	6
8729	3
8730	25
8731	8
8732	2
8733	2
8734	12
8735	23
8736	2
8737	18
8738	2
8739	6
8740	3
8741	2
8742	2
8743	2
8744	2
8745	4
8746	17
8747	38
8748	5
8749	2
8750	5
8751	9
8752	7
8753	28
8754	6
8755	3
8756	5
8757	2
8758	11
8759	28
8760	3
8761	28
8762	6
8763	4
8764	16
8765	4
8766	26
8767	4
8768	7
8769	9
8770	23
8771	5
8772	2
8773	2
8774	4
8775	12
8776	24
8777	4
8778	3
8779	2
8780	26
8781	2
8782	16
8783	4
8784	2
8785	5
8786	5
8787	2
8788	2
8789	9
8790	5
8791	2
8792	2
8793	2
8794	4
8795	2
8796	2
8797	3
8798	5
8799	3
8800	5
8801	26
8802	2
8803	3
8804	2
8805	6
8806	3
8807	2
8808	7
8809	2
8810	6
8811	2
8812	2
8813	2
8814	11
8815	24
8816	5
8817	5
8818	2
8819	8
8820	7
8821	5
8822	3
8823	3
8824	4
8825	15
8826	2
8827	7
8828	3
8829	2
8830	10
8831	23
8832	4
8833	7
8834	31
8835	6
8836	8
8837	15
8838	24
8839	2
8840	4
8841	4
8842	3
8843	8
8844	5
8845	4
8846	3
8847	3
8848	3
8849	2
8850	23
8851	6
8852	22
8853	2
8854	7
8855	6
8856	5
8857	18
8858	7
8859	4
8860	5
8861	2
8862	2
8863	4
8864	6
8865	4
8866	2
8867	7
8868	45
8869	6
8870	11
8871	23
8872	7
8873	4
8874	8
8875	7
8876	6
8877	6
8878	18
8879	24
8880	4
8881	40
8882	5
8883	3
8884	5
8885	8
8886	5
8887	2
8888	16
8889	10
8890	24
8891	38
8892	2
8893	34
8894	5
8895	6
8896	6
8897	2
8898	8
8899	8
8900	3
8901	31
8902	9
8903	3
8904	5
8905	3
8906	2
8907	2
8908	26
8909	15
8910	9
8911	5
8912	11
8913	24
8914	41
8915	22
8916	5
8917	4
8918	17
8919	4
8920	3
8921	5
8922	2
8923	6
8924	21
8925	39
8926	2
8927	2
8928	6
8929	6
8930	4
8931	39
8932	45
8933	9
8934	22
8935	5
8936	2
8937	3
8938	2
8939	4
8940	30
8941	16
8942	4
8943	24
8944	3
8945	3
8946	4
8947	6
8948	6
8949	4
8950	2
8951	3
8952	2
8953	5
8954	10
8955	22
8956	25
8957	2
8958	2
8959	16
8960	4
8961	2
8962	2
8963	7
8964	36
8965	4
8966	3
8967	18
8968	30
8969	3
8970	4
8971	4
8972	3
8973	7
8974	22
8975	3
8976	34
8977	8
8978	3
8979	7
8980	5
8981	24
8982	2
8983	5
8984	2
8985	2
8986	4
8987	22
8988	2
8989	6
8990	4
8991	8
8992	9
8993	16
8994	5
8995	3
8996	27
8997	30
8998	4
8999	3
9000	16
9001	2
9002	10
9003	23
9004	2
9005	4
9006	2
9007	2
9008	3
9009	7
9010	6
9011	15
9012	31
9013	10
9014	22
9015	2
9016	4
9017	5
9018	21
9019	2
9020	7
9021	24
9022	4
9023	8
9024	34
9025	2
9026	29
9027	10
9028	8
9029	9
9030	23
9031	2
9032	7
9033	9
9034	24
9035	4
9036	42
9037	10
9038	10
9039	7
9040	9
9041	23
9042	9
9043	2
9044	22
9045	2
9046	31
9047	5
9048	15
9049	5
9050	25
9051	5
9052	2
9053	6
9054	5
9055	5
9056	4
9057	2
9058	8
9059	32
9060	21
9061	3
9062	4
9063	3
9064	2
9065	14
9066	19
9067	5
9068	6
9069	4
9070	5
9071	5
9072	7
9073	43
9074	4
9075	40
9076	15
9077	7
9078	3
9079	3
9080	8
9081	2
9082	5
9083	6
9084	7
9085	23
9086	3
9087	8
9088	41
9089	8
9090	13
9091	6
9092	2
9093	4
9094	8
9095	2
9096	7
9097	2
9098	3
9099	8
9100	11
9101	23
9102	2
9103	4
9104	4
9105	30
9106	3
9107	8
9108	22
9109	11
9110	23
9111	4
9112	11
9113	3
9114	21
9115	21
9116	6
9117	7
9118	4
9119	16
9120	6
9121	3
9122	2
9123	4
9124	15
9125	15
9126	5
9127	7
9128	4
9129	8
9130	6
9131	15
9132	13
9133	2
9134	36
9135	2
9136	8
9137	2
9138	2
9139	5
9140	42
9141	5
9142	16
9143	3
9144	38
9145	9
9146	24
9147	5
9148	14
9149	31
9150	32
9151	2
9152	2
9153	31
9154	38
9155	4
9156	3
9157	5
9158	3
9159	3
9160	2
9161	3
9162	6
9163	10
9164	23
9165	26
9166	2
9167	6
9168	2
9169	22
9170	2
9171	5
9172	2
9173	11
9174	5
9175	3
9176	5
9177	4
9178	6
9179	2
9180	4
9181	3
9182	14
9183	22
9184	2
9185	2
9186	9
9187	23
9188	3
9189	3
9190	21
9191	24
9192	4
9193	4
9194	3
9195	17
9196	11
9197	2
9198	6
9199	5
9200	32
9201	19
9202	3
9203	4
9204	17
9205	8
9206	6
9207	5
9208	7
9209	3
9210	38
9211	6
9212	2
9213	8
9214	10
9215	3
9216	2
9217	3
9218	16
9219	15
9220	23
9221	7
9222	4
9223	8
9224	12
9225	28
9226	4
9227	8
9228	23
9229	6
9230	3
9231	12
9232	7
9233	2
9234	4
9235	22
9236	30
9237	7
9238	5
9239	41
9240	3
9241	6
9242	4
9243	14
9244	18
9245	15
9246	23
9247	7
9248	3
9249	38
9250	2
9251	15
9252	3
9253	4
9254	17
9255	7
9256	5
9257	5
9258	8
9259	2
9260	3
9261	13
9262	23
9263	10
9264	22
9265	23
9266	5
9267	3
9268	19
9269	4
9270	7
9271	6
9272	5
9273	23
9274	17
9275	3
9276	7
9277	23
9278	2
9279	3
9280	2
9281	2
9282	4
9283	31
9284	4
9285	15
9286	4
9287	3
9288	2
9289	2
9290	13
9291	2
9292	9
9293	24
9294	2
9295	5
9296	3
9297	2
9298	6
9299	5
9300	22
9301	2
9302	9
9303	34
9304	18
9305	4
9306	2
9307	3
9308	25
9309	5
9310	9
9311	5
9312	13
9313	3
9314	8
9315	4
9316	22
9317	2
9318	4
9319	26
9320	16
9321	8
9322	29
9323	5
9324	2
9325	4
9326	15
9327	35
9328	2
9329	2
9330	4
9331	5
9332	2
9333	13
9334	23
9335	7
9336	5
9337	7
9338	23
9339	4
9340	15
9341	5
9342	33
9343	6
9344	3
9345	22
9346	6
9347	23
9348	3
9349	2
9350	42
9351	8
9352	4
9353	15
9354	5
9355	6
9356	21
9357	15
9358	8
9359	31
9360	9
9361	4
9362	3
9363	5
9364	6
9365	2
9366	4
9367	34
9368	34
9369	44
9370	10
9371	22
9372	4
9373	16
9374	17
9375	7
9376	22
9377	4
9378	3
9379	3
9380	2
9381	4
9382	19
9383	5
9384	10
9385	22
9386	9
9387	2
9388	22
9389	2
9390	3
9391	40
9392	4
9393	2
9394	9
9395	22
9396	2
9397	8
9398	4
9399	4
9400	4
9401	6
9402	23
9403	14
9404	5
9405	4
9406	5
9407	23
9408	6
9409	2
9410	2
9411	3
9412	2
9413	8
9414	5
9415	42
9416	2
9417	2
9418	2
9419	5
9420	4
9421	6
9422	4
9423	31
9424	5
9425	4
9426	3
9427	4
9428	2
9429	5
9430	29
9431	5
9432	38
9433	4
9434	5
9435	4
9436	30
9437	13
9438	4
9439	39
9440	16
9441	5
9442	6
9443	23
9444	27
9445	16
9446	6
9447	4
9448	10
9449	14
9450	10
9451	24
9452	5
9453	16
9454	30
9455	4
9456	6
9457	4
9458	7
9459	5
9460	15
9461	3
9462	10
9463	3
9464	32
9465	16
9466	15
9467	6
9468	9
9469	4
9470	3
9471	9
9472	23
9473	8
9474	4
9475	3
9476	5
9477	8
9478	8
9479	2
9480	14
9481	16
9482	43
9483	10
9484	21
9485	28
9486	17
9487	7
9488	28
9489	3
9490	3
9491	2
9492	20
9493	19
9494	4
9495	3
9496	3
9497	3
9498	7
9499	2
9500	45
9501	2
9502	3
9503	3
9504	31
9505	42
9506	32
9507	2
9508	4
9509	3
9510	2
9511	2
9512	2
9513	18
9514	40
9515	3
9516	3
9517	3
9518	38
9519	3
9520	2
9521	3
9522	3
9523	3
9524	3
9525	4
9526	3
9527	3
9528	3
9529	3
9530	23
9531	4
9532	29
9533	10
9534	3
9535	5
9536	8
9537	25
9538	8
9539	6
9540	37
9541	2
9542	6
9543	5
9544	8
9545	2
9546	15
9547	20
9548	5
9549	6
9550	16
9551	2
9552	2
9553	2
9554	5
9555	3
9556	10
9557	9
9558	6
9559	7
9560	30
9561	5
9562	7
9563	3
9564	9
9565	6
9566	17
9567	31
9568	17
9569	7
9570	6
9571	2
9572	36
9573	55
9574	3
9575	29
9576	27
9577	3
9578	16
9579	5
9580	2
9581	5
9582	4
9583	2
9584	3
9585	2
9586	6
9587	2
9588	6
9589	23
9590	19
9591	3
9592	2
9593	5
9594	2
9595	3
9596	7
9597	6
9598	6
9599	3
9600	5
9601	5
9602	6
9603	23
9604	5
9605	9
9606	24
9607	5
9608	3
9609	4
9610	4
9611	8
9612	3
9613	2
9614	2
9615	8
9616	3
9617	31
9618	4
9619	2
9620	39
9621	6
9622	5
9623	4
9624	3
9625	8
9626	4
9627	8
9628	15
9629	8
9630	28
9631	3
9632	3
9633	2
9634	2
9635	3
9636	2
9637	7
9638	39
9639	29
9640	17
9641	24
9642	8
9643	3
9644	2
9645	17
9646	8
9647	8
9648	44
9649	10
9650	10
9651	7
9652	6
9653	2
9654	26
9655	28
9656	5
9657	3
9658	3
9659	3
9660	4
9661	3
9662	6
9663	7
9664	33
9665	3
9666	2
9667	20
9668	18
9669	15
9670	5
9671	3
9672	17
9673	3
9674	34
9675	2
9676	2
9677	11
9678	24
9679	15
9680	16
9681	14
9682	5
9683	5
9684	2
9685	3
9686	2
9687	5
9688	3
9689	40
9690	3
9691	9
9692	2
9693	22
9694	16
9695	15
9696	8
9697	7
9698	12
9699	19
9700	16
9701	2
9702	34
9703	2
9704	4
9705	6
9706	7
9707	2
9708	6
9709	8
9710	23
9711	6
9712	2
9713	6
9714	13
9715	24
9716	4
9717	2
9718	10
9719	20
9720	2
9721	10
9722	3
9723	36
9724	35
9725	4
9726	29
9727	5
9728	2
9729	17
9730	5
9731	30
9732	2
9733	40
9734	5
9735	18
9736	8
9737	2
9738	10
9739	6
9740	5
9741	2
9742	3
9743	15
9744	2
9745	5
9746	4
9747	4
9748	3
9749	13
9750	17
9751	14
9752	9
9753	5
9754	6
9755	22
9756	6
9757	4
9758	7
9759	7
9760	2
9761	6
9762	25
9763	11
9764	6
9765	10
9766	2
9767	5
9768	4
9769	2
9770	13
9771	4
9772	7
9773	6
9774	14
9775	6
9776	16
9777	4
9778	4
9779	6
9780	2
9781	6
9782	15
9783	3
9784	2
9785	6
9786	7
9787	16
9788	7
9789	16
9790	2
9791	6
9792	6
9793	4
9794	3
9795	2
9796	4
9797	15
9798	3
9799	2
9800	7
9801	5
9802	4
9803	39
9804	4
9805	17
9806	19
9807	15
9808	7
9809	8
9810	7
9811	2
9812	5
9813	40
9814	3
9815	7
9816	39
9817	5
9818	16
9819	3
9820	5
9821	2
9822	15
9823	5
9824	3
9825	9
9826	4
9827	12
9828	19
9829	2
9830	7
9831	2
9832	5
9833	5
9834	5
9835	18
9836	5
9837	2
9838	22
9839	2
9840	3
9841	36
9842	4
9843	51
9844	6
9845	7
9846	2
9847	16
9848	8
9849	52
9850	15
9851	6
9852	16
9853	2
9854	2
9855	11
9856	24
9857	3
9858	6
9859	4
9860	4
9861	21
9862	2
9863	8
9864	15
9865	38
9866	4
9867	6
9868	6
9869	2
9870	5
9871	6
9872	5
9873	8
9874	24
9875	6
9876	45
9877	4
9878	2
9879	14
9880	18
9881	35
9882	12
9883	23
9884	26
9885	7
9886	4
9887	6
9888	5
9889	2
9890	7
9891	10
9892	23
9893	5
9894	3
9895	8
9896	4
9897	42
9898	29
9899	5
9900	18
9901	16
9902	19
9903	17
9904	2
9905	2
9906	18
9907	2
9908	2
9909	2
9910	35
9911	6
9912	33
9913	33
9914	4
9915	4
9916	16
9917	2
9918	6
9919	3
9920	3
9921	2
9922	11
9923	24
9924	33
9925	2
9926	6
9927	8
9928	30
9929	35
9930	41
9931	2
9932	5
9933	4
9934	11
9935	3
9936	9
9937	2
9938	4
9939	4
9940	4
9941	9
9942	6
9943	4
9944	7
9945	2
9946	7
9947	2
9948	8
9949	23
9950	16
9951	5
9952	8
9953	6
9954	8
9955	3
9956	35
9957	22
9958	4
9959	4
9960	25
9961	8
9962	3
9963	6
9964	3
9965	9
9966	5
9967	7
9968	37
9969	4
9970	6
9971	16
9972	11
9973	22
9974	15
9975	3
9976	2
9977	20
9978	6
9979	2
9980	2
9981	2
9982	4
9983	3
9984	8
9985	5
9986	16
9987	16
9988	4
9989	8
9990	32
9991	7
9992	8
9993	4
9994	4
9995	4
9996	8
9997	18
9998	11
9999	3
10000	2
10001	7
10002	15
10003	45
10004	2
10005	38
10006	2
10007	4
10008	31
10009	16
10010	7
10011	19
10012	3
10013	2
10014	10
10015	2
10016	5
10017	15
10018	6
10019	2
10020	2
10021	2
10022	6
10023	3
10024	2
10025	12
10026	23
10027	7
10028	5
10029	10
10030	24
10031	28
10032	22
10033	20
10034	27
10035	2
10036	3
10037	7
10038	6
10039	8
10040	28
10041	5
10042	4
10043	2
10044	7
10045	11
10046	2
10047	40
10048	9
10049	15
10050	5
10051	6
10052	5
10053	5
10054	11
10055	3
10056	34
10057	35
10058	7
10059	31
10060	3
10061	5
10062	30
10063	2
10064	4
10065	8
10066	4
10067	4
10068	3
10069	2
10070	7
10071	2
10072	8
10073	22
10074	3
10075	3
10076	7
10077	19
10078	6
10079	4
10080	3
10081	3
10082	5
10083	7
10084	2
10085	2
10086	35
10087	22
10088	3
10089	3
10090	2
10091	2
10092	10
10093	15
10094	3
10095	8
10096	7
10097	39
10098	6
10099	5
10100	3
10101	7
10102	3
10103	2
10104	18
10105	16
10106	6
10107	4
10108	4
10109	5
10110	3
10111	4
10112	2
10113	2
10114	5
10115	7
10116	4
10117	3
10118	9
10119	23
10120	13
10121	3
10122	32
10123	26
10124	18
10125	3
10126	23
10127	7
10128	2
10129	12
10130	24
10131	16
10132	12
10133	24
10134	27
10135	2
10136	7
10137	7
10138	40
10139	5
10140	10
10141	2
10142	16
10143	7
10144	23
10145	16
10146	9
10147	3
10148	3
10149	7
10150	7
10151	7
10152	41
10153	3
10154	44
10155	7
10156	35
10157	3
10158	13
10159	24
10160	8
10161	3
10162	4
10163	5
10164	34
10165	3
10166	2
10167	3
10168	3
10169	8
10170	3
10171	3
10172	9
10173	8
10174	15
10175	4
10176	16
10177	16
10178	3
10179	8
10180	2
10181	38
10182	8
10183	22
10184	21
10185	12
10186	23
10187	6
10188	3
10189	15
10190	5
10191	3
10192	7
10193	26
10194	5
10195	12
10196	23
10197	6
10198	6
10199	5
10200	2
10201	16
10202	30
10203	2
10204	2
10205	2
10206	5
10207	16
10208	18
10209	15
10210	53
10211	3
10212	10
10213	6
10214	4
10215	3
10216	3
10217	5
10218	2
10219	14
10220	4
10221	3
10222	4
10223	8
10224	4
10225	8
10226	3
10227	4
10228	9
10229	19
10230	9
10231	4
10232	27
10233	5
10234	4
10235	24
10236	7
10237	2
10238	5
10239	8
10240	2
10241	3
10242	4
10243	15
10244	4
10245	2
10246	7
10247	28
10248	8
10249	6
10250	8
10251	19
10252	2
10253	3
10254	20
10255	3
10256	5
10257	17
10258	15
10259	7
10260	29
10261	2
10262	5
10263	3
10264	5
10265	10
10266	2
10267	3
10268	9
10269	41
10270	18
10271	2
10272	7
10273	3
10274	17
10275	8
10276	5
10277	6
10278	28
10279	5
10280	16
10281	22
10282	7
10283	21
10284	2
10285	11
10286	6
10287	13
10288	4
10289	3
10290	34
10291	3
10292	7
10293	29
10294	17
10295	7
10296	8
10297	10
10298	22
10299	2
10300	3
10301	22
10302	8
10303	5
10304	2
10305	4
10306	8
10307	3
10308	9
10309	15
10310	6
10311	6
10312	2
10313	5
10314	6
10315	4
10316	3
10317	2
10318	4
10319	7
10320	15
10321	15
10322	5
10323	2
10324	5
10325	12
10326	3
10327	7
10328	2
10329	23
10330	5
10331	2
10332	38
10333	2
10334	14
10335	14
10336	26
10337	4
10338	2
10339	7
10340	7
10341	5
10342	3
10343	4
10344	2
10345	2
10346	6
10347	4
10348	35
10349	8
10350	2
10351	28
10352	11
10353	19
10354	9
10355	4
10356	30
10357	45
10358	6
10359	2
10360	3
10361	30
10362	19
10363	4
10364	7
10365	20
10366	8
10367	24
10368	2
10369	4
10370	6
10371	6
10372	5
10373	7
10374	4
10375	42
10376	6
10377	4
10378	8
10379	4
10380	16
10381	22
10382	42
10383	5
10384	29
10385	3
10386	7
10387	22
10388	2
10389	3
10390	6
10391	9
10392	5
10393	3
10394	37
10395	15
10396	21
10397	14
10398	33
10399	7
10400	17
10401	28
10402	3
10403	19
10404	22
10405	11
10406	24
10407	3
10408	15
10409	5
10410	4
10411	6
10412	3
10413	6
10414	46
10415	4
10416	14
10417	4
10418	8
10419	14
10420	17
10421	7
10422	6
10423	5
10424	4
10425	45
10426	4
10427	7
10428	5
10429	9
10430	24
10431	2
10432	5
10433	7
10434	28
10435	7
10436	17
10437	11
10438	9
10439	4
10440	38
10441	10
10442	3
10443	5
10444	5
10445	6
10446	6
10447	32
10448	28
10449	17
10450	4
10451	4
10452	5
10453	4
10454	26
10455	4
10456	5
10457	3
10458	7
10459	5
10460	10
10461	29
10462	6
10463	3
10464	3
10465	2
10466	6
10467	16
10468	6
10469	2
10470	2
10471	3
10472	8
10473	3
10474	2
10475	4
10476	4
10477	3
10478	3
10479	2
10480	4
10481	8
10482	6
10483	8
10484	2
10485	10
10486	2
10487	7
10488	2
10489	39
10490	12
10491	24
10492	29
10493	2
10494	9
10495	20
10496	9
10497	9
10498	7
10499	4
10500	4
10501	6
10502	3
10503	30
10504	2
10505	4
10506	5
10507	2
10508	8
10509	3
10510	4
10511	33
10512	9
10513	15
10514	24
10515	6
10516	3
10517	8
10518	2
10519	2
10520	12
10521	16
10522	3
10523	2
10524	9
10525	18
10526	20
10527	6
10528	15
10529	17
10530	8
10531	31
10532	7
10533	2
10534	3
10535	7
10536	18
10537	2
10538	3
10539	39
10540	3
10541	50
10542	2
10543	16
10544	7
10545	24
10546	5
10547	23
10548	2
10549	38
10550	5
10551	2
10552	25
10553	3
10554	2
10555	4
10556	3
10557	7
10558	2
10559	41
10560	7
10561	2
10562	21
10563	33
10564	4
10565	27
10566	3
10567	23
10568	6
10569	2
10570	4
10571	2
10572	4
10573	32
10574	32
10575	2
10576	5
10577	5
10578	9
10579	3
10580	2
10581	10
10582	16
10583	18
10584	3
10585	6
10586	11
10587	2
10588	11
10589	44
10590	10
10591	39
10592	3
10593	13
10594	24
10595	6
10596	9
10597	22
10598	5
10599	2
10600	2
10601	7
10602	34
10603	6
10604	6
10605	4
10606	9
10607	2
10608	3
10609	7
10610	9
10611	8
10612	4
10613	41
10614	2
10615	8
10616	6
10617	31
10618	4
10619	2
10620	16
10621	3
10622	39
10623	4
10624	16
10625	16
10626	6
10627	15
10628	4
10629	16
10630	4
10631	7
10632	2
10633	10
10634	24
10635	8
10636	16
10637	8
10638	8
10639	4
10640	6
10641	36
10642	6
10643	35
10644	16
10645	28
10646	16
10647	14
10648	5
10649	3
10650	5
10651	4
10652	3
10653	2
10654	8
10655	11
10656	44
10657	2
10658	2
10659	3
10660	6
10661	2
10662	32
10663	3
10664	3
10665	13
10666	2
10667	4
10668	2
10669	29
10670	5
10671	4
10672	16
10673	9
10674	7
10675	8
10676	15
10677	7
10678	23
10679	9
10680	2
10681	6
10682	14
10683	3
10684	2
10685	3
10686	6
10687	2
10688	4
10689	40
10690	2
10691	4
10692	5
10693	3
10694	4
10695	2
10696	5
10697	17
10698	14
10699	7
10700	9
10701	4
10702	3
10703	3
10704	4
10705	6
10706	38
10707	3
10708	6
10709	2
10710	16
10711	30
10712	3
10713	5
10714	24
10715	8
10716	3
10717	4
10718	2
10719	24
10720	3
10721	2
10722	11
10723	2
10724	3
10725	2
10726	3
10727	32
10728	5
10729	2
10730	9
10731	16
10732	7
10733	7
10734	15
10735	2
10736	7
10737	3
10738	43
10739	4
10740	29
10741	2
10742	17
10743	2
10744	2
10745	2
10746	6
10747	15
10748	3
10749	4
10750	2
10751	5
10752	2
10753	4
10754	20
10755	22
10756	23
10757	2
10758	10
10759	24
10760	19
10761	2
10762	10
10763	4
10764	2
10765	2
10766	35
10767	6
10768	7
10769	8
10770	8
10771	6
10772	24
10773	22
10774	3
10775	2
10776	2
10777	9
10778	8
10779	30
10780	3
10781	10
10782	3
10783	2
10784	24
10785	8
10786	2
10787	27
10788	33
10789	5
10790	2
10791	5
10792	6
10793	2
10794	3
10795	2
10796	2
10797	46
10798	9
10799	15
10800	5
10801	5
10802	5
10803	32
10804	5
10805	6
10806	2
10807	21
10808	18
10809	4
10810	3
10811	9
10812	25
10813	54
10814	34
10815	45
10816	7
10817	22
10818	4
10819	24
10820	7
10821	2
10822	7
10823	3
10824	4
10825	8
10826	4
10827	6
10828	4
10829	3
10830	6
10831	4
10832	5
10833	16
10834	4
10835	3
10836	3
10837	16
10838	27
10839	4
10840	2
10841	2
10842	30
10843	18
10844	6
10845	3
10846	4
10847	14
10848	8
10849	48
10850	26
10851	4
10852	49
10853	11
10854	4
10855	32
10856	6
10857	7
10858	2
10859	3
10860	10
10861	7
10862	5
10863	4
10864	22
10865	9
10866	2
10867	7
10868	34
10869	2
10870	13
10871	23
10872	2
10873	4
10874	4
10875	2
10876	4
10877	7
10878	2
10879	3
10880	8
10881	7
10882	9
10883	10
10884	8
10885	3
10886	2
10887	3
10888	4
10889	11
10890	9
10891	37
10892	2
10893	3
10894	4
10895	9
10896	4
10897	4
10898	2
10899	16
10900	2
10901	3
10902	4
10903	10
10904	24
10905	4
10906	8
10907	3
10908	6
10909	2
10910	14
10911	10
10912	23
10913	4
10914	2
10915	5
10916	7
10917	8
10918	8
10919	3
10920	4
10921	4
10922	4
10923	4
10924	3
10925	24
10926	4
10927	3
10928	2
10929	39
10930	39
10931	8
10932	16
10933	2
10934	2
10935	4
10936	36
10937	28
10938	5
10939	14
10940	6
10941	16
10942	18
10943	3
10944	2
10945	3
10946	3
10947	4
10948	6
10949	16
10950	2
10951	7
10952	2
10953	29
10954	3
10955	6
10956	29
10957	3
10958	4
10959	4
10960	2
10961	44
10962	25
10963	18
10964	8
10965	31
10966	6
10967	7
10968	39
10969	42
10970	16
10971	30
10972	42
10973	2
10974	6
10975	3
10976	24
10977	25
10978	33
10979	32
10980	2
10981	4
10982	39
10983	18
10984	47
10985	3
10986	30
10987	5
10988	2
10989	4
10990	22
10991	19
10992	5
10993	6
10994	31
10995	31
10996	4
10997	7
10998	3
10999	38
11000	3
11001	2
11002	4
11003	16
11004	5
11005	7
11006	4
11007	9
11008	23
11009	39
11010	16
11011	5
11012	2
11013	3
11014	2
11015	2
11016	3
11017	4
11018	3
11019	11
11020	23
11021	34
11022	2
11023	12
11024	18
11025	7
11026	3
11027	4
11028	37
11029	5
11030	7
11031	16
11032	5
11033	30
11034	3
11035	4
11036	5
11037	4
11038	18
11039	10
11040	2
11041	10
11042	15
11043	3
11044	2
11045	9
11046	2
11047	5
11048	10
11049	39
11050	2
11051	26
11052	9
11053	2
11054	42
11055	8
11056	16
11057	2
11058	5
11059	2
11060	3
11061	2
11062	15
11063	4
11064	4
11065	3
11066	2
11067	5
11068	5
11069	2
11070	4
11071	32
11072	3
11073	7
11074	8
11075	6
11076	30
11077	2
11078	29
11079	2
11080	15
11081	9
11082	12
11083	23
11084	2
11085	18
11086	2
11087	3
11088	2
11089	4
11090	6
11091	4
11092	16
11093	5
11094	5
11095	36
11096	2
11097	21
11098	7
11099	10
11100	22
11101	4
11102	15
11103	5
11104	3
11105	6
11106	8
11107	7
11108	4
11109	4
11110	3
11111	25
11112	2
11113	6
11114	3
11115	2
11116	2
11117	22
11118	2
11119	4
11120	2
11121	2
11122	2
11123	2
11124	2
11125	2
11126	3
11127	38
11128	8
11129	32
11130	4
11131	2
11132	6
11133	7
11134	2
11135	2
11136	7
11137	2
11138	6
11139	5
11140	5
11141	3
11142	6
11143	2
11144	5
11145	29
11146	5
11147	3
11148	4
11149	14
11150	2
11151	2
11152	3
11153	7
11154	2
11155	3
11156	2
11157	24
11158	5
11159	2
