0	103
2	2
4	3
5	22
6	11
7	3
8	2
9	8
10	12
11	25
12	7
13	4
14	68
15	122
16	14
17	160
18	168
19	30
20	136
21	142
22	5
23	14
24	10
25	2
26	7
27	133
28	17
29	13
31	6
32	11
33	52
34	5
35	17
36	15
38	20
39	104
40	29
41	6
42	27
43	11
44	25
45	10
46	115
47	74
48	18
49	14
50	35
51	16
52	11
53	30
54	86
55	9
56	10
57	34
58	32
59	50
60	105
61	2
62	11
63	14
64	6
65	2
66	20
67	8
68	16
69	30
70	220
71	21
72	30
73	9
74	16
75	13
76	9
77	11
78	3
79	18
80	21
81	8
82	6
83	11
84	12
85	135
86	38
87	79
89	15
90	13
91	119
92	32
93	38
94	6
95	163
96	9
97	18
98	12
99	30
100	63
101	23
102	15
103	2
104	89
105	118
106	13
107	6
108	11
109	11
111	143
112	89
113	22
114	2
115	44
116	15
117	3
118	44
119	11
120	75
121	5
122	32
123	68
124	13
125	10
126	21
127	117
128	70
129	32
130	11
132	12
133	26
134	9
135	9
136	31
137	25
138	40
139	22
140	3
142	7
143	81
144	4
145	80
146	5
147	79
148	29
149	4
150	146
151	25
152	47
153	92
154	32
155	8
156	24
157	120
158	73
159	28
160	51
161	15
162	71
163	19
164	5
165	11
166	68
167	206
168	23
169	3
170	10
171	53
172	36
173	59
175	21
176	35
177	16
178	4
179	145
180	3
181	15
182	6
183	155
184	3
185	39
186	118
187	25
188	118
189	120
190	21
191	2
192	13
193	96
194	29
195	9
196	15
197	12
198	3
199	30
200	36
201	4
202	31
203	84
204	34
205	2
206	51
207	142
209	7
210	11
211	152
212	12
213	12
214	79
215	15
216	11
217	4
218	24
219	65
220	15
221	2
222	28
223	4
224	19
225	62
229	37
230	19
231	14
232	28
234	169
235	21
236	19
237	2
238	52
239	89
240	18
241	48
242	3
243	29
244	12
245	29
246	4
247	12
248	24
249	111
250	82
251	31
252	20
253	33
254	55
255	47
256	2
258	37
259	33
260	24
261	41
262	35
263	78
264	70
265	4
266	121
267	3
268	5
269	9
270	39
271	124
273	22
274	16
275	141
276	78
277	26
278	8
279	12
280	5
281	25
282	25
283	19
284	24
285	25
286	29
287	13
288	9
289	18
290	9
291	68
292	24
293	3
294	19
295	32
297	7
298	9
299	18
300	32
301	3
302	12
303	45
304	129
306	43
307	48
308	12
310	29
311	13
313	74
314	61
315	2
316	28
317	8
318	41
319	39
320	95
321	7
322	132
323	10
324	11
325	23
326	5
327	17
328	23
329	15
330	6
331	20
332	33
333	33
334	84
335	12
336	36
337	83
338	30
339	21
340	47
341	57
342	2
343	13
344	22
345	12
346	18
347	19
348	162
349	103
350	20
351	4
352	20
353	56
355	41
356	19
358	28
359	102
360	4
361	233
362	2
363	42
364	67
365	10
366	6
367	22
368	177
369	23
370	47
371	142
372	7
373	17
374	173
375	70
376	6
377	53
378	240
379	2
380	22
381	10
382	29
384	9
385	35
386	40
387	83
388	27
389	16
391	2
392	117
393	26
394	144
395	7
396	126
397	7
398	7
399	17
400	3
401	16
402	36
403	13
404	154
405	15
406	31
407	64
408	17
409	9
410	34
411	12
412	39
413	100
414	3
415	4
416	78
417	3
418	5
419	17
421	40
422	85
423	11
424	6
425	141
426	25
427	91
428	14
429	13
431	113
432	165
433	8
434	59
435	6
436	13
437	68
438	2
439	31
440	3
441	21
442	17
443	104
444	19
445	32
446	12
447	22
448	23
449	8
450	2
451	7
452	2
453	2
454	20
455	321
456	23
457	8
458	21
460	30
461	15
462	175
464	37
465	35
466	9
467	21
468	6
469	41
470	83
471	80
472	7
473	12
474	11
475	65
476	23
477	59
478	48
479	95
480	80
481	117
482	6
483	36
484	318
485	119
486	43
487	129
488	21
489	39
490	133
491	22
492	66
493	116
496	93
497	128
498	158
499	25
501	29
502	32
503	124
504	159
505	23
506	11
507	4
509	3
510	9
511	71
512	15
513	32
514	76
516	15
517	12
518	5
519	7
520	16
521	2
522	8
523	12
525	2
526	14
527	67
528	29
529	30
530	2
531	16
532	89
533	8
534	12
535	77
536	8
537	9
539	2
540	105
541	26
542	78
543	26
544	21
545	12
546	85
547	80
548	8
549	3
550	100
551	18
552	8
553	17
554	24
555	30
556	26
557	170
558	29
559	6
560	38
561	4
562	104
563	13
564	2
565	4
566	10
567	25
568	81
569	4
570	166
571	11
572	89
573	24
574	138
575	11
576	125
577	138
578	20
579	5
580	3
581	25
582	14
583	24
584	94
585	68
586	24
587	33
588	104
589	13
590	3
591	127
592	33
593	37
594	93
595	25
596	15
597	12
599	14
600	7
601	57
602	32
603	17
604	124
605	21
606	7
607	117
608	59
609	5
610	7
611	16
612	65
613	25
614	101
615	85
616	32
617	2
618	6
619	12
620	174
621	2
622	144
623	16
624	43
625	98
626	112
627	75
628	5
629	20
630	6
631	7
632	25
633	48
634	89
635	112
636	2
637	9
638	27
639	41
640	10
641	7
642	12
643	9
644	23
645	28
646	52
647	77
648	90
649	38
650	9
651	18
652	51
653	46
654	83
655	27
656	13
657	8
658	19
659	95
660	16
661	30
662	127
663	52
664	90
665	3
666	25
667	80
668	33
669	21
670	67
671	21
672	2
673	8
674	12
675	143
676	5
677	85
678	11
679	9
680	24
681	72
682	9
683	11
684	154
685	129
686	4
687	9
688	130
689	9
690	8
691	12
693	13
694	4
695	22
696	24
697	58
698	107
699	5
700	22
701	28
702	96
703	14
704	2
705	15
706	188
707	3
708	2
709	105
710	11
711	24
712	60
713	12
714	10
715	65
716	34
717	80
718	62
719	69
720	5
721	6
722	106
723	20
724	13
725	3
726	9
727	42
728	84
729	28
730	14
731	11
732	84
734	3
735	6
736	57
737	80
739	33
740	78
741	109
742	12
743	114
744	33
745	6
746	76
747	40
748	69
749	2
750	37
751	86
752	2
753	9
754	10
755	38
756	101
757	14
758	20
759	9
760	7
761	73
762	14
763	30
764	6
765	5
766	14
767	3
768	9
769	133
770	73
771	127
772	3
773	25
774	42
775	15
776	119
777	3
778	74
779	175
780	39
782	5
783	29
784	3
785	24
786	18
787	35
788	3
789	26
790	26
791	9
792	12
793	99
795	177
796	67
797	18
798	11
799	42
800	91
801	71
802	30
803	132
804	42
805	7
806	20
807	18
808	17
809	146
810	5
811	5
812	45
813	152
814	3
815	13
816	2
817	4
818	11
819	7
820	74
821	3
822	22
823	6
824	4
825	18
826	67
827	6
828	52
829	109
830	7
831	18
832	5
833	6
834	12
836	6
837	5
838	11
839	7
840	67
841	42
842	16
843	26
844	68
845	4
846	34
847	103
848	106
849	11
850	3
851	20
852	39
853	8
854	7
855	5
856	18
857	12
858	8
859	2
860	2
861	67
862	3
863	2
864	200
865	5
866	82
867	121
868	27
869	7
870	110
871	29
872	68
873	39
874	24
875	11
876	24
877	32
878	3
879	63
880	42
882	7
883	31
884	18
885	21
886	158
887	58
888	8
889	21
890	16
891	125
893	13
894	7
895	8
896	14
897	116
898	9
899	27
900	21
901	3
902	65
903	5
904	2
905	9
906	53
907	160
908	7
909	4
910	6
911	3
913	16
914	205
915	29
916	18
917	23
918	124
919	21
920	18
921	99
922	7
923	15
924	25
925	36
926	3
927	54
928	119
929	21
930	24
931	3
932	67
933	5
934	42
936	88
937	18
938	13
939	21
940	14
941	5
942	94
944	7
945	16
946	59
947	224
948	38
949	101
950	86
951	139
952	49
954	10
955	158
957	15
958	10
959	15
960	35
961	55
962	19
963	39
964	42
965	3
966	2
967	64
968	31
969	73
970	27
971	17
972	8
973	132
974	108
975	15
976	126
977	67
978	18
979	13
980	12
981	2
982	24
983	68
984	143
985	3
986	8
987	3
988	32
989	10
990	18
991	33
992	33
993	35
994	16
995	152
996	22
997	2
998	106
999	40
1000	131
1001	93
1002	25
1003	21
1004	14
1005	18
1006	15
1007	3
1008	3
1009	19
1010	125
1011	11
1012	59
1014	32
1015	70
1016	150
1017	29
1018	2
1019	24
1020	17
1021	8
1022	33
1023	64
1024	2
1025	7
1026	22
1027	19
1028	19
1029	6
1030	70
1031	125
1032	4
1033	21
1034	21
1036	8
1037	163
1038	82
1039	136
1040	107
1041	11
1042	12
1043	64
1045	14
1046	20
1047	101
1048	3
1049	9
1050	7
1051	7
1052	10
1053	12
1054	15
1055	11
1056	10
1057	9
1058	7
1059	2
1060	30
1061	88
1062	24
1063	32
1064	15
1065	62
1066	3
1067	2
1068	4
1069	55
1070	28
1071	31
1072	9
1073	117
1074	22
1075	2
1076	71
1077	168
1078	2
1079	106
1080	43
1081	65
1082	8
1083	13
1084	87
1085	2
1086	17
1087	91
1088	11
1089	5
1090	20
1091	107
1092	33
1093	8
1094	12
1095	2
1096	17
1097	19
1098	141
1099	22
1100	16
1101	103
1102	2
1103	24
1104	3
1105	18
1106	31
1107	63
1108	4
1109	23
1110	39
1111	22
1112	39
1113	88
1114	7
1115	2
1116	7
1117	7
1118	18
1119	11
1120	21
1121	9
1122	17
1123	5
1124	20
1125	107
1126	34
1127	87
1128	2
1129	20
1130	22
1131	3
1132	25
1133	16
1134	2
1135	2
1136	9
1137	2
1139	20
1140	3
1141	119
1142	19
1143	45
1144	94
1145	19
1146	6
1147	23
1148	183
1149	5
1150	11
1151	3
1152	5
1153	136
1154	21
1155	74
1156	194
1157	97
1158	6
1159	110
1160	44
1161	95
1162	172
1163	6
1164	4
1165	12
1166	5
1167	47
1168	77
1169	32
1170	5
1171	42
1172	15
1173	20
1175	31
1176	13
1177	26
1178	31
1179	2
1181	6
1182	12
1183	8
1184	66
1185	24
1186	121
1187	112
1188	4
1189	12
1190	5
1191	28
1192	119
1193	30
1194	23
1195	25
1196	2
1197	9
1198	53
1199	7
1200	48
1201	30
1202	48
1203	120
1204	132
1205	6
1206	19
1207	186
1208	22
1209	3
1210	3
1211	15
1212	144
1213	51
1214	35
1215	17
1216	13
1217	16
1218	165
1219	14
1220	9
1221	3
1222	9
1223	28
1224	9
1225	6
1226	42
1227	105
1228	9
1229	33
1230	104
1231	10
1232	20
1233	153
1234	37
1235	24
1236	24
1237	10
1238	32
1239	8
1240	58
1241	19
1242	10
1245	14
1246	12
1247	23
1248	8
1249	28
1250	4
1251	100
1252	5
1253	25
1254	11
1255	4
1256	22
1257	31
1258	22
1259	23
1260	24
1261	44
1262	91
1263	2
1264	19
1265	10
1266	33
1267	80
1268	36
1269	3
1270	95
1271	20
1272	22
1273	13
1274	48
1275	6
1277	5
1278	11
1279	15
1280	16
1281	22
1282	38
1283	76
1284	2
1285	7
1286	14
1287	8
1288	142
1289	4
1290	45
1291	7
1292	12
1293	7
1294	12
1295	7
1296	9
1297	57
1298	18
1299	6
1300	14
1301	18
1302	143
1303	6
1304	35
1305	2
1306	11
1307	52
1308	105
1309	29
1310	126
1311	43
1312	66
1313	88
1314	7
1315	17
1316	7
1317	86
1318	63
1319	14
1320	119
1321	4
1322	16
1323	20
1324	83
1325	82
1326	10
1327	3
1328	32
1329	96
1330	8
1331	12
1332	23
1333	53
1334	31
1335	5
1336	19
1337	105
1338	5
1339	6
1340	5
1341	137
1342	18
1343	64
1344	32
1345	8
1346	22
1347	9
1348	7
1349	2
1350	26
1351	91
1352	7
1353	40
1354	100
1355	30
1356	113
1357	128
1358	11
1359	14
1360	32
1361	116
1362	7
1363	26
1365	2
1366	26
1368	2
1369	10
1370	2
1371	10
1372	39
1373	98
1374	4
1375	64
1376	2
1377	15
1378	161
1379	57
1380	19
1381	48
1383	63
1384	14
1385	80
1386	34
1387	147
1389	3
1390	13
1391	13
1392	38
1393	92
1394	15
1395	7
1396	8
1397	24
1398	68
1399	158
1400	25
1401	22
1402	18
1403	87
1404	11
1405	138
1406	19
1407	90
1408	3
1409	36
1410	28
1411	71
1412	164
1413	10
1414	3
1415	29
1416	35
1417	8
1418	12
1419	6
1420	2
1423	6
1424	21
1425	186
1426	24
1427	25
1428	146
1429	42
1430	82
1431	7
1432	31
1433	3
1434	82
1435	13
1436	4
1437	4
1438	8
1439	15
1440	4
1441	25
1442	8
1443	70
1444	10
1445	9
1446	67
1447	44
1448	75
1449	12
1450	29
1451	2
1452	14
1453	2
1454	5
1456	10
1457	4
1458	2
1459	5
1460	13
1461	22
1462	25
1464	3
1465	28
1466	20
1467	151
1468	4
1469	3
1470	9
1471	100
1472	7
1473	114
1474	22
1475	119
1476	6
1477	2
1478	169
1479	14
1480	10
1481	10
1482	3
1483	16
1484	154
1485	30
1486	21
1487	19
1488	59
1489	2
1490	26
1491	30
1492	2
1493	8
1494	23
1495	11
1496	8
1497	12
1498	13
1500	15
1501	12
1502	2
1504	23
1505	118
1506	17
1507	64
1508	5
1509	37
1512	12
1513	3
1514	19
1515	97
1516	173
1518	15
1519	18
1520	80
1521	43
1522	88
1523	3
1526	54
1527	2
1528	13
1529	12
1530	29
1531	58
1532	150
1533	6
1534	7
1535	12
1536	65
1537	88
1539	39
1540	100
1541	3
1542	5
1543	36
1544	96
1545	35
1546	20
1547	39
1548	90
1549	3
1550	3
1551	32
1552	162
1553	2
1554	78
1555	20
1556	135
1557	148
1558	3
1559	63
1560	84
1561	19
1562	58
1563	147
1564	19
1565	26
1566	32
1567	131
1568	64
1569	103
1570	21
1571	4
1572	9
1573	10
1574	25
1575	137
1576	19
1577	70
1578	41
1579	23
1580	39
1581	13
1582	115
1583	9
1584	22
1585	151
1586	71
1587	16
1588	100
1589	12
1590	3
1591	10
1592	26
1593	5
1594	37
1595	83
1596	63
1597	109
1598	24
1599	12
1600	140
1603	36
1604	38
1605	4
1607	7
1608	33
1609	157
1610	58
1611	15
1612	54
1613	16
1614	27
1615	82
1616	10
1617	150
1618	23
1619	125
1620	3
1621	34
1622	90
1623	28
1624	5
1625	3
1626	29
1627	76
1628	15
1629	27
1630	150
1631	78
1632	27
1633	26
1634	117
1635	6
1636	21
1637	35
1638	88
1639	17
1640	2
1641	16
1642	21
1643	6
1644	2
1645	19
1646	10
1647	16
1648	2
1649	95
1650	9
1651	7
1652	5
1653	20
1654	24
1655	5
1656	27
1657	88
1658	45
1659	86
1660	151
1661	18
1662	59
1663	3
1664	83
1665	17
1666	12
1667	119
1669	82
1670	2
1671	95
1672	18
1673	48
1674	10
1675	5
1676	11
1677	143
1678	26
1679	37
1680	245
1681	9
1682	70
1683	71
1684	9
1685	3
1686	188
1687	81
1688	83
1689	84
1691	17
1692	21
1693	9
1694	26
1695	151
1696	37
1697	40
1698	3
1699	16
1700	8
1701	6
1702	49
1703	113
1704	6
1705	7
1706	73
1707	208
1708	5
1709	3
1710	12
1711	17
1712	186
1713	70
1714	3
1715	10
1716	29
1717	8
1718	9
1719	5
1720	48
1721	10
1722	8
1723	78
1724	110
1725	98
1726	2
1727	11
1728	3
1729	220
1730	116
1731	15
1732	4
1733	24
1734	185
1735	6
1736	5
1737	35
1738	151
1739	17
1740	136
1741	171
1742	172
1743	145
1744	41
1746	38
1747	156
1748	5
1749	15
1750	13
1751	90
1752	2
1753	4
1754	7
1755	95
1756	100
1757	15
1758	69
1759	57
1760	34
1761	91
1762	70
1763	3
1764	95
1765	10
1766	11
1767	9
1768	11
1769	5
1770	96
1771	17
1772	87
1773	6
1774	137
1775	28
1776	10
1777	20
1778	58
1779	7
1780	22
1781	16
1782	3
1783	8
1784	2
1786	5
1787	78
1788	36
1789	4
1790	11
1791	28
1792	31
1793	17
1794	13
1796	12
1797	115
1798	15
1799	8
1800	21
1801	3
1802	21
1803	132
1804	4
1805	81
1806	5
1807	15
1808	85
1809	114
1810	7
1811	8
1812	12
1813	86
1814	6
1815	110
1816	186
1817	4
1818	17
1819	5
1820	8
1821	17
1822	16
1823	5
1824	18
1825	12
1827	18
1828	17
1829	12
1830	10
1831	12
1832	6
1833	6
1834	144
1835	18
1836	36
1837	105
1838	32
1839	76
1840	22
1841	11
1842	95
1843	17
1844	3
1845	15
1846	19
1847	130
1848	44
1849	10
1850	4
1851	2
1852	4
1853	25
1855	9
1856	34
1858	63
1859	24
1860	12
1861	22
1862	22
1863	130
1864	9
1865	40
1866	21
1867	17
1868	19
1869	21
1870	4
1871	25
1872	17
1873	32
1874	98
1875	3
1876	97
1877	118
1878	118
1879	98
1880	2
1881	3
1882	148
1883	5
1884	5
1885	11
1886	31
1887	12
1888	12
1889	76
1890	2
1891	7
1892	12
1893	2
1894	41
1895	110
1896	14
1897	36
1898	3
1899	4
1900	4
1901	90
1902	134
1903	19
1904	28
1905	56
1906	13
1907	222
1908	118
1909	127
1910	3
1911	17
1912	2
1913	30
1914	5
1915	12
1916	90
1917	33
1918	3
1919	3
1920	60
1921	119
1922	25
1923	7
1924	4
1925	54
1926	7
1927	8
1928	36
1929	36
1930	41
1931	54
1932	18
1933	119
1934	17
1935	3
1936	12
1937	5
1938	56
1939	93
1940	29
1941	40
1942	22
1943	11
1944	19
1945	70
1946	33
1947	2
1948	31
1949	79
1950	4
1951	2
1952	16
1953	50
1954	163
1955	18
1956	10
1957	6
1958	16
1959	5
1960	188
1961	29
1962	68
1964	21
1965	20
1966	12
1967	45
1968	45
1969	25
1970	2
1971	35
1972	3
1973	42
1974	115
1975	188
1976	3
1977	77
1978	3
1979	68
1980	127
1981	219
1982	156
1983	32
1984	20
1985	23
1986	2
1987	57
1988	11
1989	30
1990	144
1991	13
1992	17
1993	59
1994	4
1995	6
1996	99
1997	117
1998	8
1999	102
2000	100
2001	6
2002	8
2003	12
2004	43
2005	79
2006	202
2007	96
2008	111
2009	22
2010	19
2011	39
2012	142
2013	20
2014	37
2016	27
2017	2
2018	17
2019	39
2020	21
2021	34
2022	79
2023	3
2024	26
2025	10
2026	7
2027	9
2028	12
2029	69
2031	9
2032	25
2033	29
2034	14
2035	22
2036	110
2037	4
2038	5
2039	5
2040	17
2041	77
2042	34
2043	20
2044	14
2045	20
2046	8
2047	160
2048	144
2049	37
2050	15
2051	21
2052	15
2053	12
2054	68
2055	26
2056	118
2057	46
2058	5
2059	56
2060	133
2061	3
2062	163
2063	35
2064	10
2065	2
2066	47
2067	104
2068	4
2069	189
2070	12
2071	56
2072	12
2073	8
2074	20
2075	22
2076	80
2077	32
2078	22
2079	33
2080	19
2081	3
2082	82
2083	80
2084	213
2085	40
2086	83
2087	19
2089	56
2090	84
2091	27
2092	32
2093	68
2094	60
2095	7
2096	12
2097	13
2098	185
2099	17
2100	3
2101	106
2102	130
2103	3
2104	44
2105	100
2106	35
2107	112
2108	11
2110	10
2111	23
2112	20
2113	16
2114	5
2115	54
2116	5
2117	105
2118	180
2119	30
2120	65
2121	25
2122	19
2123	15
2124	6
2125	17
2126	148
2127	8
2128	151
2129	37
2130	80
2131	8
2132	8
2133	2
2134	2
2135	26
2136	9
2137	5
2138	141
2139	37
2140	25
2141	3
2142	34
2143	4
2144	18
2145	30
2147	29
2148	50
2149	50
2150	34
2151	15
2152	12
2153	118
2154	6
2155	41
2156	18
2157	18
2158	3
2159	4
2160	4
2161	23
2162	2
2163	3
2164	42
2165	222
2166	42
2167	10
2168	85
2169	4
2170	3
2171	14
2172	42
2173	115
2174	130
2175	4
2176	94
2177	116
2178	24
2180	16
2181	17
2182	14
2183	2
2184	3
2185	28
2186	7
2187	24
2188	3
2189	2
2190	8
2191	3
2192	173
2193	12
2194	15
2195	195
2196	123
2197	20
2198	28
2199	14
2200	34
2201	2
2202	30
2203	6
2204	33
2205	20
2206	2
2207	17
2208	100
2209	11
2210	34
2211	76
2213	78
2214	11
2215	4
2216	6
2217	37
2218	215
2219	18
2220	78
2221	18
2222	8
2223	41
2224	2
2225	233
2226	207
2227	93
2228	84
2229	26
2230	7
2231	94
2232	6
2233	216
2234	28
2235	11
2237	25
2238	82
2239	31
2240	13
2241	29
2242	7
2243	24
2244	41
2245	16
2246	150
2247	23
2248	22
2249	25
2250	15
2251	17
2252	14
2253	6
2254	30
2255	54
2256	150
2257	144
2258	37
2259	8
2260	5
2262	36
2263	29
2264	13
2265	8
2266	6
2267	45
2268	67
2269	31
2270	3
2271	132
2272	6
2273	38
2274	27
2275	25
2276	31
2277	4
2278	94
2279	24
2280	10
2281	8
2282	25
2283	3
2284	7
2287	114
2288	10
2289	11
2290	15
2291	9
2292	13
2293	4
2294	2
2295	6
2296	6
2297	9
2298	39
2299	103
2300	24
2301	11
2302	28
2303	11
2304	179
2305	93
2306	92
2307	4
2308	23
2309	8
2310	39
2311	31
2312	76
2313	7
2314	33
2315	2
2316	173
2317	5
2318	23
2319	77
2320	13
2321	88
2322	12
2323	97
2324	78
2325	30
2326	14
2327	36
2328	2
2329	26
2330	90
2331	19
2332	51
2333	117
2334	9
2335	88
2336	54
2337	10
2338	122
2340	39
2341	75
2342	264
2343	46
2344	91
2345	36
2346	148
2348	9
2349	12
2350	24
2351	39
2352	78
2353	7
2355	30
2356	14
2357	46
2358	103
2359	8
2360	2
2361	4
2362	3
2363	83
2364	6
2365	70
2366	6
2367	6
2368	26
2369	109
2370	7
2371	67
2372	38
2373	15
2374	9
2375	26
2376	28
2377	3
2378	5
2379	34
2380	80
2381	11
2382	45
2383	186
2384	155
2385	25
2386	4
2387	3
2388	38
2389	76
2390	6
2391	18
2392	3
2393	58
2394	3
2395	42
2396	13
2397	90
2398	3
2399	2
2400	105
2401	170
2402	15
2404	24
2405	5
2406	9
2407	2
2408	3
2409	3
2410	16
2411	2
2412	22
2413	113
2414	24
2416	6
2417	116
2418	21
2419	36
2420	10
2422	18
2423	2
2424	157
2425	75
2426	18
2427	4
2428	20
2429	14
2430	15
2431	10
2432	16
2433	6
2434	4
2435	37
2436	8
2437	12
2438	41
2439	132
2440	32
2441	82
2442	19
2443	7
2444	136
2445	24
2446	106
2447	2
2448	6
2449	13
2450	118
2451	175
2453	5
2454	22
2455	16
2456	4
2457	14
2458	47
2459	93
2460	3
2461	17
2462	13
2463	10
2464	19
2465	85
2466	93
2467	210
2468	19
2469	16
2470	2
2471	33
2472	84
2473	87
2474	79
2475	38
2476	83
2477	125
2478	60
2479	19
2480	7
2481	9
2482	12
2483	2
2484	25
2485	3
2486	18
2487	10
2488	33
2489	109
2490	17
2491	28
2492	41
2493	3
2494	3
2495	14
2496	7
2497	20
2499	4
2500	2
2501	11
2502	202
2503	6
2504	75
2505	174
2506	23
2507	12
2508	11
2509	9
2510	46
2511	133
2512	13
2513	14
2514	100
2516	21
2517	2
2518	6
2519	38
2520	2
2522	17
2523	3
2524	72
2525	27
2526	23
2527	19
2528	2
2529	2
2530	9
2531	116
2532	3
2533	5
2534	22
2535	35
2536	2
2537	81
2538	16
2539	9
2540	12
2541	139
2543	30
2544	84
2545	19
2546	4
2547	17
2548	19
2549	97
2550	3
2551	7
2552	11
2553	3
2554	110
2555	17
2556	4
2557	2
2558	64
2559	97
2560	68
2561	13
2562	12
2563	118
2564	2
2565	34
2566	19
2567	14
2568	40
2569	31
2570	235
2571	7
2572	7
2573	19
2574	161
2575	158
2576	30
2577	4
2578	8
2579	11
2580	33
2581	54
2582	147
2583	127
2584	24
2585	90
2586	149
2587	55
2588	30
2589	51
2591	5
2592	23
2593	5
2594	87
2595	44
2596	44
2597	9
2598	9
2599	46
2600	11
2601	13
2602	15
2603	39
2604	2
2605	74
2606	26
2607	57
2608	110
2609	2
2610	5
2611	4
2612	11
2613	22
2614	5
2615	42
2616	15
2617	78
2618	128
2619	3
2620	9
2621	7
2622	11
2623	130
2624	22
2625	16
2626	10
2627	86
2628	11
2629	9
2630	4
2631	6
2632	11
2633	3
2634	107
2635	33
2636	59
2637	4
2638	15
2639	7
2640	10
2641	12
2642	84
2643	6
2644	11
2645	136
2646	9
2647	15
2648	4
2649	2
2650	16
2651	59
2652	15
2653	17
2654	66
2655	7
2656	154
2657	36
2658	65
2659	10
2660	45
2661	100
2662	30
2663	42
2664	39
2665	20
2666	20
2667	6
2668	9
2669	11
2670	162
2671	20
2672	11
2673	12
2674	13
2675	99
2676	2
2677	19
2678	2
2679	29
2680	3
2681	78
2682	32
2683	21
2684	2
2685	5
2686	137
2687	18
2688	16
2689	70
2690	183
2691	126
2692	153
2693	15
2694	8
2695	4
2696	65
2697	3
2699	6
2700	13
2702	27
2703	96
2704	68
2705	66
2706	78
2707	11
2708	8
2709	20
2710	148
2711	19
2712	8
2713	11
2714	12
2715	4
2716	80
2717	5
2718	3
2719	7
2720	21
2722	13
2723	23
2724	196
2725	46
2726	104
2727	5
2728	20
2729	26
2730	2
2731	2
2732	27
2733	8
2734	12
2735	33
2736	84
2737	83
2739	76
2740	5
2741	2
2742	38
2743	12
2744	10
2745	18
2746	20
2747	76
2748	38
2749	3
2750	15
2751	13
2752	130
2753	3
2754	31
2755	86
2756	24
2757	14
2758	135
2759	6
2760	30
2761	22
2762	76
2763	6
2764	12
2765	5
2766	17
2767	6
2768	11
2769	93
2770	171
2772	28
2773	178
2774	41
2775	30
2776	5
2777	134
2778	20
2779	14
2780	24
2781	10
2782	18
2784	157
2785	22
2786	27
2787	5
2788	23
2790	23
2791	145
2792	6
2793	105
2794	47
2795	24
2796	97
2798	3
2799	36
2800	83
2801	10
2802	2
2803	111
2804	109
2805	4
2806	7
2807	7
2808	3
2809	2
2810	153
2811	2
2812	126
2813	8
2814	12
2815	30
2816	18
2817	21
2818	127
2819	133
2820	58
2821	21
2822	120
2823	20
2824	22
2825	2
2826	91
2827	5
2828	159
2829	15
2830	161
2831	44
2832	48
2833	9
2834	91
2835	139
2836	84
2837	23
2838	43
2839	68
2840	67
2842	2
2843	216
2844	57
2845	78
2846	13
2847	7
2848	25
2849	30
2850	144
2852	7
2853	2
2854	13
2855	18
2856	96
2857	2
2858	23
2859	79
2860	134
2861	20
2862	20
2864	15
2865	89
2866	11
2867	12
2868	5
2869	100
2870	22
2871	50
2872	11
2873	28
2874	118
2875	13
2877	78
2878	16
2879	11
2880	45
2881	45
2882	10
2883	5
2884	106
2885	3
2886	13
2887	23
2888	17
2889	27
2891	13
2892	9
2893	17
2894	14
2895	40
2896	24
2897	98
2898	16
2899	37
2900	103
2901	17
2902	11
2904	25
2905	109
2906	43
2907	147
2908	10
2909	36
2910	114
2911	115
2912	33
2913	66
2914	25
2915	7
2916	30
2917	43
2918	100
2919	20
2920	8
2921	14
2922	28
2923	37
2924	78
2925	41
2926	94
2927	27
2928	45
2929	17
2930	10
2931	7
2932	19
2933	13
2934	7
2935	16
2936	11
2937	12
2938	9
2940	21
2941	75
2942	13
2943	26
2944	118
2945	32
2946	117
2947	67
2948	77
2949	35
2950	95
2951	13
2952	29
2953	4
2954	8
2955	2
2956	11
2958	25
2959	131
2960	34
2961	3
2962	8
2963	2
2964	35
2965	76
2966	14
2967	15
2968	27
2969	19
2970	118
2971	249
2972	3
2973	14
2974	31
2975	29
2976	7
2977	6
2978	3
2979	7
2980	13
2981	63
2982	3
2983	14
2984	29
2985	41
2986	42
2987	5
2988	6
2989	21
2990	21
2992	55
2993	5
2994	12
2995	8
2996	22
2998	24
2999	28
3000	8
3001	14
3002	141
3003	32
3004	2
3005	26
3006	140
3007	44
3008	3
3009	2
3010	2
3011	14
3012	137
3013	6
3014	23
3015	115
3016	10
3017	2
3018	97
3019	73
3020	28
3021	81
3022	83
3023	16
3024	17
3025	12
3026	37
3027	83
3028	28
3029	75
3030	3
3031	14
3032	6
3033	10
3034	24
3035	42
3036	65
3037	11
3038	3
3039	37
3040	134
3041	2
3042	24
3043	30
3044	5
3045	5
3046	83
3047	32
3048	5
3049	9
3050	166
3051	38
3052	101
3053	4
3054	36
3055	94
3056	7
3057	7
3058	106
3059	102
3060	84
3061	33
3062	18
3063	33
3064	58
3065	31
3066	86
3067	10
3068	23
3069	39
3070	105
3071	90
3072	9
3073	15
3074	2
3075	39
3076	22
3077	83
3078	7
3079	54
3080	90
3081	12
3082	101
3083	9
3084	73
3085	14
3086	122
3087	11
3088	8
3089	130
3090	25
3091	118
3092	64
3093	3
3094	86
3096	9
3097	36
3098	17
3099	146
3100	29
3101	103
3102	9
3103	25
3104	19
3105	5
3106	67
3107	13
3108	88
3109	8
3110	4
3111	32
3112	167
3113	25
3114	79
3115	13
3116	45
3117	4
3118	34
3119	89
3120	49
3121	25
3122	142
3124	31
3125	15
3126	7
3127	33
3128	76
3129	3
3130	5
3131	3
3132	21
3133	132
3134	214
3135	21
3136	16
3137	26
3138	9
3139	35
3141	48
3142	157
3143	13
3144	68
3145	136
3146	152
3147	3
3148	148
3149	7
3150	12
3151	6
3152	12
3153	11
3154	7
3155	33
3156	76
3157	32
3158	89
3159	29
3160	14
3161	13
3162	161
3163	95
3164	88
3165	6
3166	22
3167	10
3168	3
3169	38
3170	21
3172	32
3173	14
3174	29
3175	89
3176	150
3177	156
3178	35
3179	113
3180	19
3181	37
3182	16
3183	9
3184	119
3185	3
3186	21
3187	55
3188	5
3189	11
3190	38
3191	28
3192	80
3193	25
3194	67
3195	179
3196	14
3197	20
3198	15
3199	12
3200	26
3201	3
3202	3
3203	3
3204	15
3205	60
3206	3
3207	135
3208	43
3209	83
3210	10
3211	4
3212	39
3213	33
3214	41
3215	109
3216	4
3217	13
3218	182
3219	15
3220	4
3221	42
3222	45
3223	21
3224	50
3225	139
3226	12
3227	8
3228	22
3229	31
3230	12
3232	35
3233	156
3234	11
3235	65
3236	36
3238	24
3239	5
3240	29
3241	7
3242	43
3243	7
3244	13
3245	4
3246	7
3247	27
3248	6
3249	12
3250	68
3251	18
3252	18
3253	16
3254	18
3255	2
3256	49
3257	22
3258	13
3259	9
3260	21
3261	66
3262	10
3263	64
3265	3
3266	24
3267	2
3268	31
3269	150
3270	46
3271	91
3273	90
3274	3
3275	167
3276	21
3277	12
3279	15
3280	47
3281	18
3282	107
3283	45
3284	12
3285	5
3286	3
3287	89
3288	54
3289	153
3290	6
3291	14
3292	2
3293	189
3294	25
3295	139
3296	17
3297	2
3298	6
3300	8
3301	13
3302	13
3303	98
3304	5
3305	9
3306	53
3307	2
3308	5
3309	94
3310	4
3311	4
3312	24
3313	153
3314	23
3315	38
3316	21
3317	2
3318	6
3319	16
3320	19
3321	127
3322	15
3323	83
3324	2
3325	9
3326	24
3327	87
3328	11
3329	12
3330	28
3331	10
3332	24
3333	8
3334	29
3335	21
3336	26
3337	48
3338	66
3339	23
3340	13
3341	10
3342	2
3343	2
3344	42
3345	47
3346	89
3347	16
3348	39
3349	29
3350	4
3351	144
3352	122
3353	15
3354	16
3355	16
3356	9
3357	31
3358	74
3359	133
3360	123
3361	69
3362	8
3363	146
3364	13
3365	9
3366	113
3367	24
3368	38
3369	76
3370	5
3371	45
3372	9
3373	51
3374	100
3375	13
3376	25
3377	20
3378	16
3379	18
3380	10
3381	21
3382	13
3383	18
3384	151
3385	90
3386	8
3387	42
3388	82
3389	12
3390	32
3391	127
3392	102
3393	7
3394	22
3395	24
3396	15
3398	20
3399	8
3400	10
3401	30
3402	15
3403	12
3404	8
3405	16
3406	12
3407	3
3408	24
3409	9
3410	6
3411	12
3412	9
3413	7
3414	4
3415	2
3416	8
3417	12
3418	8
3419	25
3420	15
3421	125
3422	7
3423	16
3424	8
3425	8
3426	35
3427	111
3428	13
3429	41
3430	67
3431	35
3432	95
3433	176
3434	30
3435	20
3437	134
3438	29
3439	15
3440	40
3441	13
3442	4
3443	3
3444	36
3445	7
3446	26
3447	63
3448	94
3449	17
3450	31
3451	14
3452	29
3453	22
3454	30
3455	3
3456	10
3457	31
3459	146
3460	16
3461	3
3462	13
3463	18
3464	138
3465	181
3466	15
3467	9
3468	10
3469	27
3470	12
3471	88
3472	21
3473	10
3474	31
3475	7
3476	24
3477	19
3478	29
3479	5
3480	90
3481	4
3482	5
3483	25
3484	6
3485	19
3486	5
3487	8
3488	48
3489	34
3491	21
3492	30
3493	20
3494	36
3495	6
3496	7
3497	12
3498	50
3499	29
3500	18
3501	16
3502	11
3504	4
3505	2
3506	13
3507	2
3508	49
3509	7
3510	4
3511	12
3512	29
3513	9
3514	3
3515	12
3516	14
3518	13
3519	5
3520	154
3521	41
3522	92
3523	66
3524	2
3525	7
3526	18
3527	52
3528	108
3529	13
3530	6
3531	6
3532	98
3533	4
3534	8
3535	23
3536	24
3537	4
3538	17
3539	4
3540	93
3541	18
3542	51
3543	7
3544	95
3545	15
3546	112
3547	65
3548	2
3549	17
3550	24
3551	66
3552	9
3553	29
3554	10
3556	3
3557	22
3558	129
3559	3
3560	18
3561	89
3562	9
3563	12
3564	12
3565	20
3566	141
3567	20
3569	8
3570	197
3571	15
3573	125
3574	88
3576	37
3577	99
3578	5
3579	9
3580	247
3581	31
3582	2
3583	34
3584	7
3585	19
3586	6
3587	7
3588	10
3589	42
3590	76
3592	90
3593	64
3594	46
3595	57
3596	9
3597	144
3598	11
3599	2
3600	69
3602	11
3603	12
3604	6
3605	13
3606	38
3607	62
3608	41
3609	96
3610	2
3611	31
3612	149
3613	18
3614	10
3615	26
3616	4
3617	32
3618	55
3619	76
3620	23
3621	3
3622	31
3623	83
3624	2
3625	17
3626	9
3627	54
3628	24
3629	20
3630	2
3631	7
3632	35
3633	101
3634	12
3635	8
3636	3
3637	98
3638	99
3639	79
3640	17
3641	9
3642	6
3643	21
3644	3
3645	13
3646	14
3647	71
3648	49
3649	107
3650	82
3651	2
3652	67
3653	70
3654	11
3655	4
3656	49
3657	118
3658	150
3659	14
3660	11
3661	2
3662	10
3663	159
3664	9
3665	68
3666	146
3667	10
3668	6
3669	11
3670	3
3671	9
3672	171
3673	76
3674	76
3675	25
3676	18
3677	42
3678	13
3679	80
3680	17
3681	2
3682	18
3683	4
3684	73
3685	2
3686	5
3687	23
3688	32
3689	97
3690	22
3691	23
3692	214
3693	9
3694	41
3695	6
3696	9
3697	12
3699	3
3700	23
3701	38
3702	61
3703	11
3704	73
3705	15
3706	15
3707	27
3708	16
3709	61
3710	146
3711	2
3712	17
3713	39
3714	15
3715	204
3716	63
3717	14
3718	8
3719	13
3720	32
3721	96
3722	3
3723	6
3724	2
3725	3
3726	41
3727	5
3729	116
3730	6
3731	32
3732	7
3733	9
3734	48
3735	106
3736	32
3737	109
3738	13
3739	24
3740	2
3741	5
3742	10
3743	4
3744	42
3745	42
3746	30
3747	6
3748	17
3749	137
3750	26
3751	3
3752	34
3753	19
3754	16
3755	9
3756	27
3757	16
3760	8
3761	4
3762	136
3763	55
3764	4
3765	18
3766	19
3767	126
3768	129
3769	20
3770	26
3771	111
3772	12
3773	20
3774	210
3775	42
3776	139
3777	9
3778	29
3779	147
3780	23
3781	57
3782	95
3784	18
3785	37
3786	38
3787	12
3788	38
3789	89
3790	67
3791	28
3792	17
3793	136
3794	8
3795	17
3796	11
3797	53
3798	37
3799	99
3800	17
3801	25
3802	22
3803	16
3804	45
3805	86
3806	10
3807	2
3808	33
3809	36
3810	31
3811	20
3812	26
3813	25
3814	70
3815	56
3816	89
3817	22
3818	5
3819	8
3820	17
3821	9
3822	5
3823	79
3824	17
3825	16
3826	5
3828	12
3829	35
3830	91
3831	33
3832	5
3833	117
3834	3
3835	19
3836	33
3837	21
3838	4
3839	30
3840	84
3841	34
3842	98
3843	18
3844	7
3845	30
3846	34
3847	89
3848	136
3849	13
3850	4
3852	48
3853	2
3854	24
3855	8
3856	19
3857	118
3858	2
3859	11
3860	12
3861	35
3862	16
3863	6
3864	74
3865	10
3866	18
3867	156
3870	12
3871	25
3872	24
3873	6
3874	18
3875	29
3877	27
3878	36
3879	63
3880	19
3881	20
3882	12
3883	2
3884	99
3885	134
3886	23
3887	127
3888	27
3889	70
3890	17
3891	8
3892	12
3893	74
3894	203
3895	25
3896	5
3897	33
3898	11
3899	7
3900	39
3901	95
3902	49
3903	96
3904	46
3905	79
3906	7
3907	12
3908	2
3909	27
3910	196
3911	33
3912	25
3913	29
3914	2
3915	132
3916	143
3917	75
3919	33
3920	36
3921	43
3922	83
3923	22
3924	2
3925	106
3926	9
3927	4
3928	4
3929	23
3930	27
3931	153
3932	56
3933	30
3934	23
3935	5
3936	32
3937	16
3938	74
3939	93
3940	9
3941	12
3942	21
3943	28
3944	142
3945	51
3946	50
3947	162
3948	4
3949	10
3950	10
3951	8
3952	78
3953	31
3954	17
3955	2
3956	36
3957	37
3958	97
3959	9
3960	3
3961	54
3962	77
3963	18
3965	14
3966	4
3967	68
3968	11
3969	12
3970	25
3971	14
3972	25
3973	8
3974	67
3975	7
3976	170
3977	28
3978	6
3979	30
3980	43
3981	11
3982	4
3983	7
3984	41
3985	13
3986	28
3987	4
3988	40
3989	107
3990	13
3991	94
3992	2
3993	25
3994	92
3995	19
3996	7
3997	33
3999	2
4000	27
4001	212
4002	38
4003	2
4004	26
4005	14
4007	145
4008	3
4009	2
4010	6
4011	42
4012	35
4013	13
4014	6
4015	37
4016	14
4017	91
4018	3
4019	24
4020	17
4021	123
4022	127
4023	7
4024	2
4025	19
4026	4
4027	3
4028	7
4029	16
4030	29
4031	23
4032	12
4033	36
4034	88
4035	4
4037	104
4038	4
4039	13
4040	101
4041	29
4042	140
4043	22
4044	43
4045	12
4046	11
4047	12
4048	19
4049	35
4050	38
4051	2
4052	11
4053	5
4054	166
4055	11
4056	149
4057	88
4058	12
4059	15
4060	78
4061	155
4062	9
4063	34
4064	22
4065	122
4066	3
4067	18
4068	82
4069	29
4070	7
4071	28
4073	17
4074	108
4075	2
4076	187
4077	8
4078	75
4079	5
4080	28
4081	99
4082	15
4083	17
4084	23
4085	13
4086	15
4088	16
4089	144
4090	12
4092	20
4093	4
4094	3
4095	136
4096	11
4097	29
4098	62
4099	12
4100	9
4101	2
4102	8
4103	28
4104	100
4105	2
4106	16
4107	2
4108	3
4109	6
4110	12
4111	131
4112	63
4113	27
4114	11
4115	9
4116	164
4117	2
4118	152
4119	17
4121	2
4122	47
4123	48
4124	31
4125	67
4126	2
4127	8
4128	81
4129	19
4130	26
4131	16
4132	176
4133	30
4134	68
4135	144
4136	79
4137	29
4138	4
4139	74
4140	3
4141	8
4142	14
4143	23
4144	31
4145	11
4146	28
4147	9
4148	48
4149	11
4150	67
4151	17
4152	8
4153	8
4154	104
4155	104
4156	19
4157	4
4158	9
4159	66
4160	5
4162	2
4163	8
4164	136
4165	36
4166	91
4167	39
4168	79
4169	127
4170	36
4171	82
4172	11
4173	5
4174	19
4175	119
4176	104
4177	211
4179	20
4180	17
4181	23
4182	104
4183	33
4184	113
4185	48
4186	44
4187	79
4188	210
4189	30
4190	89
4191	135
4192	17
4193	179
4194	58
4195	30
4196	19
4198	2
4200	3
4201	2
4202	17
4204	10
4205	96
4206	83
4207	7
4208	5
4209	8
4210	6
4211	136
4212	20
4213	21
4214	14
4215	15
4216	16
4217	23
4218	7
4219	12
4220	88
4221	2
4222	84
4223	3
4224	43
4225	83
4226	23
4227	12
4228	172
4229	11
4230	50
4231	15
4232	2
4233	4
4234	54
4235	146
4236	15
4237	37
4238	7
4239	158
4240	170
4241	19
4242	12
4243	40
4244	80
4245	2
4246	26
4247	2
4248	90
4249	4
4250	5
4251	4
4252	32
4253	3
4254	13
4255	9
4256	146
4257	17
4258	27
4259	11
4260	74
4261	33
4262	34
4263	35
4264	18
4265	27
4266	96
4267	24
4268	32
4269	33
4270	30
4271	64
4272	2
4273	28
4274	179
4275	13
4276	148
4277	94
4278	37
4279	9
4280	8
4281	40
4282	2
4283	23
4284	51
4285	84
4286	7
4287	63
4288	15
4289	25
4290	18
4291	27
4292	9
4293	93
4294	65
4295	84
4296	40
4297	31
4298	9
4299	7
4300	15
4301	28
4302	6
4303	170
4304	4
4305	4
4306	27
4307	23
4308	4
4309	18
4310	35
4311	38
4312	17
4313	100
4314	14
4315	24
4316	80
4317	52
4318	2
4319	10
4320	4
4321	8
4322	3
4323	34
4324	15
4325	37
4326	7
4327	11
4328	44
4329	2
4330	19
4331	31
4332	39
4333	24
4334	58
4335	6
4336	18
4337	46
4339	3
4340	7
4341	7
4342	24
4343	25
4344	34
4345	11
4346	32
4347	47
4348	95
4349	9
4350	17
4351	188
4352	126
4353	19
4354	9
4355	8
4356	23
4357	29
4358	8
4359	131
4360	9
4361	29
4362	30
4363	3
4364	16
4365	7
4366	28
4367	107
4368	19
4369	162
4370	11
4371	2
4372	133
4373	16
4374	12
4376	39
4377	45
4378	167
4379	31
4380	28
4381	26
4382	116
4383	3
4384	12
4385	53
4386	8
4387	14
4388	22
4389	28
4390	68
4391	7
4392	12
4393	232
4394	49
4395	3
4396	17
4397	21
4398	3
4399	126
4400	25
4401	23
4402	8
4403	99
4404	8
4405	35
4406	6
4407	89
4408	8
4409	104
4410	6
4411	64
4412	22
4413	23
4414	5
4416	117
4417	2
4418	5
4419	2
4420	14
4421	6
4422	42
4423	7
4424	38
4425	76
4426	30
4427	91
4428	17
4429	17
4430	21
4431	80
4432	42
4433	6
4434	12
4435	118
4436	10
4437	70
4438	48
4439	17
4440	6
4441	38
4442	64
4443	7
4445	21
4446	17
4447	73
4448	27
4449	18
4450	30
4451	14
4452	16
4453	77
4454	93
4455	4
4456	24
4457	5
4458	7
4459	36
4460	76
4461	112
4462	17
4463	36
4464	11
4465	85
4466	67
4467	8
4468	18
4469	49
4470	9
4471	19
4472	2
4473	2
4474	46
4475	36
4476	3
4477	3
4478	6
4479	126
4480	105
4481	26
4482	175
4483	12
4484	25
4485	15
4486	20
4487	2
4488	16
4489	5
4490	10
4491	2
4492	13
4493	88
4495	30
4496	166
4497	19
4498	11
4499	10
4500	16
4501	9
4502	139
4503	15
4504	6
4505	45
4506	29
4507	65
4508	158
4509	18
4510	17
4511	8
4512	138
4513	19
4514	30
4515	80
4516	5
4517	18
4518	5
4519	52
4520	25
4521	11
4522	3
4523	30
4524	103
4525	10
4526	12
4527	6
4528	19
4529	16
4530	16
4531	93
4532	3
4533	4
4534	3
4535	168
4536	2
4537	4
4538	10
4539	22
4540	39
4542	8
4543	12
4544	228
4545	8
4546	15
4547	26
4548	31
4550	6
4551	10
4552	94
4553	20
4554	38
4555	2
4556	2
4557	4
4558	5
4559	87
4560	5
4561	34
4562	126
4563	4
4565	38
4566	91
4567	22
4568	115
4569	20
4570	2
4571	14
4572	3
4573	36
4574	74
4575	7
4576	20
4577	15
4578	22
4579	6
4580	4
4581	114
4582	32
4583	102
4584	33
4585	10
4586	14
4587	3
4588	68
4589	9
4590	130
4591	3
4592	22
4593	78
4594	164
4595	11
4597	11
4598	11
4599	13
4601	25
4602	116
4603	134
4604	42
4605	2
4606	2
4607	50
4608	118
4609	101
4610	12
4611	10
4612	20
4613	10
4614	28
4615	97
4616	32
4617	7
4618	18
4619	15
4621	13
4622	22
4624	5
4625	7
4626	50
4627	32
4629	50
4630	3
4631	10
4632	21
4633	22
4634	117
4635	48
4636	12
4637	153
4638	4
4639	11
4640	14
4641	2
4642	47
4644	35
4645	34
4646	12
4647	8
4649	97
4650	9
4651	5
4652	118
4654	4
4655	7
4656	45
4657	16
4658	54
4659	67
4660	28
4661	19
4662	7
4663	13
4664	9
4665	12
4666	9
4667	19
4668	5
4669	8
4670	13
4671	14
4672	28
4673	33
4675	42
4676	79
4678	26
4679	15
4680	12
4681	13
4682	16
4684	3
4685	19
4686	12
4687	105
4688	35
4689	76
4691	88
4692	6
4693	119
4694	23
4695	10
4696	27
4697	91
4698	9
4699	11
4700	7
4701	4
4702	17
4703	33
4704	102
4705	16
4706	38
4707	28
4708	180
4709	29
4710	3
4711	43
4712	19
4713	113
4714	27
4715	22
4716	7
4717	3
4718	61
4719	19
4720	83
4721	22
4722	11
4723	4
4724	137
4725	29
4726	2
4727	8
4728	36
4729	24
4730	17
4731	41
4732	111
4733	5
4734	22
4735	32
4736	2
4737	23
4738	19
4739	9
4740	128
4741	2
4742	93
4743	65
4744	11
4745	37
4747	14
4748	98
4749	2
4750	64
4751	36
4752	47
4753	129
4754	2
4756	136
4757	9
4758	32
4760	169
4761	158
4762	49
4763	199
4764	218
4765	31
4766	39
4767	36
4768	13
4769	83
4770	16
4771	129
4772	6
4773	137
4774	28
4775	25
4776	13
4779	6
4780	44
4781	18
4782	9
4783	20
4784	15
4785	101
4786	28
4787	6
4788	115
4789	38
4790	51
4791	13
4792	27
4793	13
4794	417
4795	15
4796	12
4797	32
4798	20
4799	2
4800	4
4801	193
4802	17
4803	2
4804	17
4805	11
4806	15
4807	3
4808	118
4809	5
4810	21
4811	129
4812	11
4813	56
4815	144
4816	16
4817	24
4818	157
4819	4
4820	8
4821	12
4822	2
4823	5
4824	23
4825	6
4826	30
4827	93
4828	19
4830	33
4831	47
4832	35
4833	142
4834	14
4835	155
4836	35
4837	26
4838	4
4839	4
4840	34
4841	21
4842	140
4843	147
4844	73
4845	58
4846	11
4847	6
4848	65
4849	35
4850	10
4851	16
4852	12
4853	14
4854	22
4855	37
4856	84
4857	5
4858	38
4859	94
4860	23
4861	43
4862	105
4863	106
4864	7
4865	141
4866	7
4867	20
4868	202
4869	32
4870	29
4871	37
4872	15
4873	8
4874	12
4875	3
4877	133
4878	41
4879	17
4880	52
4881	3
4882	19
4883	7
4884	2
4885	59
4886	5
4887	18
4888	88
4889	7
4890	23
4891	37
4892	105
4893	124
4894	18
4895	147
4896	20
4897	12
4898	3
4899	7
4901	29
4902	151
4903	8
4904	56
4905	17
4906	48
4907	2
4908	7
4909	49
4910	129
4911	27
4913	6
4914	40
4915	20
4916	6
4917	8
4918	3
4919	25
4920	4
4921	7
4922	128
4923	14
4924	7
4926	12
4927	21
4928	39
4929	88
4930	21
4931	133
4932	91
4933	9
4934	3
4935	14
4936	7
4937	82
4938	18
4939	10
4940	208
4941	106
4942	134
4943	21
4944	3
4945	28
4946	70
4947	29
4948	69
4949	43
4950	114
4951	31
4952	33
4953	17
4954	26
4956	20
4957	32
4958	46
4959	91
4960	2
4961	30
4962	8
4963	12
4964	174
4965	13
4966	3
4967	7
4968	84
4969	112
4970	144
4971	36
4972	99
4973	11
4974	29
4975	7
4976	32
4977	109
4978	24
4979	31
4980	22
4981	31
4982	126
4983	103
4984	63
4985	13
4986	105
4987	120
4988	16
4989	76
4990	72
4991	2
4993	75
4994	11
4995	25
4996	79
4997	8
4998	12
4999	11
5000	25
5001	32
5002	6
5003	3
5004	14
5005	164
5006	12
5007	12
5009	15
5010	15
5011	24
5012	24
5013	121
5014	9
5015	5
5016	4
5017	20
5018	2
5019	61
5020	6
5021	7
5022	7
5023	14
5024	4
5025	161
5026	70
5027	9
5028	120
5029	16
5030	95
5031	15
5032	12
5033	33
5034	39
5035	104
5036	3
5037	10
5038	115
5039	17
5040	6
5041	66
5042	3
5043	17
5044	20
5045	24
5046	4
5047	92
5048	22
5049	27
5050	16
5051	26
5052	30
5053	3
5054	20
5055	10
5056	13
5057	8
5058	30
5059	2
5060	123
5061	32
5062	14
5063	12
5064	161
5065	7
5066	16
5067	66
5068	3
5069	37
5070	9
5071	223
5072	8
5073	160
5074	29
5075	6
5076	4
5077	5
5078	24
5079	4
5080	2
5081	21
5082	64
5083	143
5084	181
5085	26
5086	4
5087	7
5088	3
5089	11
5090	88
5091	23
5092	19
5093	10
5094	57
5095	50
5096	5
5097	21
5098	4
5099	11
5100	8
5101	4
5102	41
5103	11
5104	26
5105	2
5106	4
5107	24
5108	15
5109	59
5110	10
5111	33
5112	30
5113	67
5114	141
5115	70
5116	136
5117	4
5118	4
5119	3
5120	15
5121	8
5122	14
5123	36
5124	3
5125	3
5126	7
5127	106
5128	3
5129	25
5130	3
5131	10
5132	19
5133	52
5134	65
5135	14
5136	33
5137	83
5138	15
5139	59
5140	2
5141	3
5142	11
5143	127
5145	9
5146	2
5147	224
5148	33
5149	2
5150	21
5151	33
5152	6
5153	105
5154	25
5155	59
5156	30
5157	146
5158	22
5159	23
5160	15
5161	30
5162	11
5163	25
5164	5
5165	146
5166	32
5167	29
5168	146
5169	13
5170	2
5171	12
5172	5
5173	6
5174	108
5175	2
5176	20
5178	27
5179	24
5180	31
5181	18
5182	174
5183	2
5184	84
5185	4
5186	4
5187	11
5188	6
5189	30
5190	33
5191	75
5192	90
5193	3
5194	32
5195	20
5196	3
5197	8
5198	90
5199	33
5200	36
5201	35
5202	19
5203	8
5204	16
5205	9
5206	147
5207	16
5208	3
5209	2
5210	25
5211	80
5212	8
5213	24
5214	17
5215	24
5216	24
5217	23
5218	8
5219	11
5220	49
5221	94
5222	20
5223	9
5224	10
5225	4
5226	58
5227	11
5228	42
5229	110
5230	2
5231	25
5232	41
5233	101
5234	93
5235	5
5236	130
5237	12
5238	26
5239	83
5240	14
5241	64
5242	7
5243	23
5244	24
5246	9
5247	10
5248	22
5249	26
5250	106
5251	3
5252	93
5253	82
5254	37
5255	83
5256	56
5257	11
5258	80
5259	21
5260	16
5262	166
5263	34
5264	6
5265	24
5266	17
5267	29
5268	110
5269	28
5270	4
5271	16
5272	22
5273	42
5274	14
5275	27
5276	152
5277	18
5279	8
5280	12
5281	9
5282	22
5283	34
5284	91
5285	10
5286	11
5287	29
5288	25
5289	33
5290	11
5291	20
5292	19
5293	2
5294	134
5295	91
5296	163
5297	16
5298	80
5299	159
5300	46
5301	5
5302	17
5303	7
5304	15
5305	104
5306	27
5307	5
5309	12
5311	18
5312	6
5313	224
5314	32
5315	142
5316	17
5317	6
5318	5
5319	5
5320	135
5321	13
5322	3
5323	131
5324	25
5325	108
5326	29
5327	6
5328	17
5329	118
5330	18
5331	17
5332	125
5333	9
5334	15
5335	9
5336	143
5337	5
5338	9
5339	16
5340	40
5341	23
5342	10
5343	10
5344	13
5345	24
5346	4
5347	18
5348	3
5349	63
5350	3
5351	28
5352	21
5353	67
5354	25
5356	34
5357	91
5358	5
5359	41
5360	10
5361	12
5362	9
5363	68
5364	36
5365	12
5366	8
5367	4
5368	2
5369	113
5371	8
5372	9
5373	20
5374	4
5375	11
5376	84
5377	16
5378	12
5379	147
5380	17
5381	3
5382	2
5383	8
5384	90
5385	108
5386	5
5387	96
5388	10
5389	3
5390	22
5391	8
5392	14
5393	18
5394	44
5395	83
5396	28
5397	3
5398	36
5399	93
5400	57
5402	3
5403	32
5404	12
5405	15
5406	3
5407	7
5408	12
5409	36
5410	84
5411	2
5412	10
5413	5
5415	164
5416	152
5417	2
5418	47
5419	79
5420	35
5421	10
5422	12
5423	34
5424	75
5425	14
5426	157
5427	32
5428	34
5429	3
5430	5
5431	87
5432	5
5433	2
5434	12
5435	35
5436	18
5437	25
5438	21
5439	2
5440	106
5441	2
5442	4
5443	25
5444	11
5445	12
5446	127
5447	6
5448	31
5449	93
5450	51
5451	100
5452	37
5453	88
5454	22
5455	3
5456	126
5457	19
5459	12
5460	4
5461	145
5462	10
5463	63
5464	184
5465	138
5466	8
5467	39
5468	124
5469	12
5470	130
5471	16
5472	22
5473	12
5475	246
5476	47
5477	97
5478	52
5479	116
5480	27
5481	93
5482	22
5483	41
5484	78
5485	6
5486	18
5487	7
5488	12
5489	2
5490	192
5491	26
5492	2
5493	4
5494	36
5495	17
5496	8
5497	9
5498	24
5499	9
5500	15
5501	14
5502	25
5503	72
5504	27
5505	34
5506	34
5507	70
5509	24
5510	4
5511	14
5512	2
5513	224
5514	116
5515	10
5516	10
5517	62
5518	26
5519	6
5520	12
5521	7
5522	22
5523	63
5525	124
5526	100
5527	13
5529	12
5530	5
5531	28
5532	130
5533	19
5534	110
5535	15
5536	26
5537	63
5538	40
5539	7
5541	31
5542	21
5543	39
5544	32
5545	3
5546	7
5547	91
5548	70
5549	30
5550	56
5551	20
5552	2
5553	34
5554	83
5555	11
5556	2
5557	169
5558	7
5559	24
5560	2
5561	5
5562	5
5563	85
5564	6
5565	129
5566	2
5567	7
5568	16
5569	30
5570	88
5571	22
5572	45
5573	27
5574	15
5575	114
5576	210
5577	80
5578	138
5579	50
5580	68
5581	2
5582	13
5583	3
5584	18
5585	25
5586	13
5587	8
5588	10
5589	8
5590	120
5591	109
5592	84
5593	76
5594	20
5595	84
5596	52
5597	162
5598	2
5599	52
5600	43
5601	109
5602	38
5603	32
5604	7
5605	292
5606	23
5607	3
5608	6
5609	11
5610	31
5611	19
5612	11
5613	9
5614	87
5615	3
5616	13
5618	5
5619	31
5620	21
5621	5
5622	24
5623	13
5624	34
5626	150
5627	173
5628	26
5629	21
5630	101
5631	21
5634	38
5635	97
5636	6
5637	12
5638	33
5639	2
5640	122
5641	26
5642	12
5644	9
5645	117
5646	3
5647	50
5648	53
5649	79
5650	29
5651	19
5652	30
5653	15
5654	103
5655	18
5656	147
5657	2
5658	15
5659	20
5660	11
5661	34
5662	79
5663	116
5664	143
5665	23
5666	5
5667	125
5668	17
5669	54
5670	15
5671	2
5672	9
5673	20
5674	118
5675	93
5677	27
5679	10
5680	2
5681	5
5682	16
5683	16
5684	53
5685	2
5686	5
5687	2
5688	8
5689	18
5690	13
5691	112
5692	4
5693	30
5694	54
5695	15
5696	2
5697	8
5698	109
5699	15
5700	30
5701	21
5702	119
5703	92
5704	10
5705	93
5706	29
5707	25
5708	47
5709	12
5710	2
5711	20
5712	12
5713	13
5714	122
5715	4
5716	101
5717	32
5718	4
5719	47
5720	12
5721	7
5722	19
5724	104
5725	6
5726	11
5727	10
5728	8
5729	24
5730	6
5731	4
5732	5
5733	5
5734	5
5735	13
5737	17
5738	2
5739	2
5740	43
5741	8
5742	13
5743	12
5744	26
5745	19
5746	83
5747	4
5748	26
5749	9
5750	8
5751	18
5752	77
5753	27
5754	80
5755	34
5756	7
5757	12
5758	23
5759	25
5760	51
5761	100
5762	28
5763	6
5764	6
5765	36
5766	4
5767	10
5768	130
5769	21
5770	11
5772	4
5773	36
5774	23
5775	19
5776	4
5777	6
5778	8
5779	23
5780	9
5781	31
5782	5
5783	115
5784	8
5785	75
5786	34
5787	74
5788	6
5789	10
5790	10
5791	119
5792	2
5793	69
5794	21
5795	15
5796	120
5797	39
5798	91
5799	45
5800	81
5801	94
5802	22
5803	75
5804	74
5805	13
5806	14
5809	8
5810	15
5811	55
5812	3
5813	30
5814	82
5815	10
5816	7
5817	34
5818	91
5819	128
5820	9
5821	10
5822	9
5823	137
5824	13
5825	22
5826	16
5827	138
5828	5
5829	3
5830	10
5832	71
5833	9
5834	65
5835	39
5836	8
5837	18
5838	22
5839	49
5840	3
5841	8
5843	14
5844	16
5845	12
5846	37
5847	112
5848	29
5849	20
5850	18
5851	117
5852	20
5853	4
5854	82
5855	27
5856	3
5858	66
5859	38
5860	5
5861	29
5862	19
5863	8
5864	2
5865	22
5866	100
5867	22
5868	59
5869	24
5870	2
5871	10
5872	7
5873	23
5874	103
5875	17
5876	40
5877	103
5878	33
5879	83
5880	13
5881	22
5882	119
5883	59
5884	13
5885	32
5886	6
5887	74
5888	81
5889	3
5890	32
5891	4
5892	7
5893	12
5894	7
5895	5
5896	21
5897	207
5898	150
5899	31
5900	83
5901	27
5902	33
5903	190
5904	19
5905	105
5906	23
5907	26
5908	15
5910	105
5911	21
5912	3
5913	14
5914	13
5915	97
5916	4
5917	24
5918	142
5919	5
5920	16
5921	10
5922	12
5923	13
5924	4
5925	146
5926	9
5927	150
5928	11
5929	9
5930	173
5931	12
5932	2
5933	106
5934	9
5935	126
5936	419
5937	144
5938	215
5939	13
5940	89
5941	11
5943	4
5944	5
5945	13
5946	7
5947	12
5948	8
5949	20
5950	42
5951	43
5952	23
5953	39
5954	3
5955	17
5956	27
5957	80
5958	122
5959	50
5960	36
5961	18
5962	16
5963	24
5964	40
5965	76
5966	5
5967	12
5968	36
5969	21
5970	19
5971	3
5972	70
5973	2
5974	180
5975	9
5976	40
5977	72
5978	6
5979	33
5980	21
5981	24
5982	90
5983	26
5985	7
5986	12
5987	34
5988	74
5989	2
5990	13
5991	6
5993	22
5994	131
5995	6
5996	11
5997	8
5999	22
6000	4
6001	31
6002	8
6003	6
6004	83
6005	34
6006	110
6007	2
6008	22
6009	21
6010	152
6011	22
6012	2
6013	114
6014	4
6015	14
6016	21
6017	15
6018	26
6019	3
6020	110
6021	26
6023	5
6024	2
6026	85
6027	39
6028	28
6029	20
6030	30
6031	12
6032	10
6033	30
6034	12
6035	8
6036	24
6037	66
6038	6
6039	4
6040	19
6041	20
6042	18
6043	2
6045	7
6046	27
6047	6
6048	4
6049	77
6050	2
6051	25
6052	87
6053	10
6054	6
6055	44
6056	93
6057	16
6058	16
6059	49
6060	19
6061	27
6062	68
6063	40
6064	21
6065	12
6066	67
6067	27
6068	71
6069	6
6070	5
6071	5
6072	90
6073	74
6074	6
6075	5
6076	8
6078	2
6079	5
6080	9
6082	32
6083	24
6084	63
6085	7
6086	90
6088	78
6089	24
6090	4
6091	90
6092	32
6093	16
6094	43
6095	83
6096	10
6097	12
6098	126
6099	10
6100	2
6101	146
6102	6
6103	2
6105	20
6106	5
6107	25
6108	44
6109	2
6110	37
6111	45
6112	37
6113	80
6114	4
6115	13
6116	46
6117	75
6118	12
6119	49
6120	70
6121	3
6122	6
6123	22
6124	34
6125	132
6126	41
6127	138
6128	50
6129	371
6130	83
6131	73
6132	45
6134	29
6135	24
6136	19
6137	13
6138	95
6139	10
6140	36
6141	333
6142	25
6143	92
6144	230
6145	114
6146	12
6147	257
6148	8
6149	3
6150	7
6151	9
6152	12
6153	4
6154	8
6155	19
6156	5
6157	29
6158	13
6159	86
6160	37
6161	35
6162	89
6164	9
6165	7
6166	17
6167	5
6168	68
6169	9
6170	2
6171	74
6172	19
6173	46
6174	6
6175	27
6176	75
6177	31
6178	31
6179	5
6180	70
6181	5
6182	16
6183	11
6184	146
6185	16
6186	16
6187	10
6188	11
6189	32
6190	10
6191	14
6192	9
6193	8
6194	16
6195	3
6196	63
6197	23
6198	22
6199	88
6200	2
6201	12
6202	7
6203	12
6204	37
6205	4
6206	2
6207	11
6208	6
6209	14
6210	56
6211	17
6212	3
6213	70
6214	100
6215	12
6216	22
6217	80
6218	18
6219	183
6220	31
6221	7
6222	127
6223	123
6224	24
6225	101
6226	27
6228	25
6229	122
6230	20
6231	37
6232	16
6233	37
6234	88
6235	38
6236	98
6237	151
6238	35
6239	83
6240	12
6241	33
6242	6
6243	16
6244	5
6245	30
6246	6
6247	83
6248	22
6249	18
6250	25
6251	13
6252	134
6253	8
6254	21
6255	7
6256	12
6257	15
6258	4
6259	175
6260	27
6261	21
6262	22
6263	123
6264	2
6265	2
6266	7
6267	12
6268	79
6269	200
6270	84
6271	64
6272	82
6273	90
6274	32
6275	3
6276	28
6277	103
6278	13
6279	15
6280	13
6281	23
6282	14
6283	5
6284	3
6286	38
6287	36
6288	17
6289	196
6290	135
6291	16
6292	4
6293	8
6294	29
6295	80
6296	25
6297	6
6298	12
6300	2
6301	5
6302	8
6303	12
6304	7
6305	2
6306	20
6307	11
6308	6
6309	2
6310	21
6311	148
6312	12
6313	16
6314	7
6315	88
6316	6
6318	29
6319	12
6320	34
6321	113
6322	11
6323	17
6324	73
6325	18
6326	3
6327	30
6328	138
6329	14
6330	19
6331	58
6332	4
6333	4
6334	106
6335	22
6336	48
6337	18
6338	3
6339	83
6341	24
6342	17
6343	44
6344	97
6345	10
6347	8
6348	153
6350	32
6351	25
6353	16
6354	15
6355	36
6356	82
6357	14
6358	6
6359	174
6360	4
6361	67
6362	9
6363	20
6364	28
6365	35
6366	2
6367	14
6368	128
6369	72
6371	91
6372	100
6373	4
6374	47
6375	204
6376	41
6377	95
6378	124
6379	56
6380	81
6381	39
6382	137
6383	3
6384	54
6385	75
6386	237
6387	42
6388	43
6389	23
6390	15
6391	33
6392	124
6393	11
6394	27
6395	25
6396	2
6397	11
6398	5
6399	19
6400	86
6401	40
6402	3
6403	18
6404	38
6405	37
6406	2
6407	128
6408	28
6409	171
6410	40
6411	34
6412	3
6413	92
6414	10
6415	5
6416	24
6417	13
6418	29
6419	29
6420	21
6421	49
6422	36
6423	14
6424	12
6425	71
6426	3
6427	5
6428	8
6429	19
6430	22
6431	3
6432	98
6433	20
6434	43
6436	4
6437	7
6439	14
6440	6
6441	7
6442	22
6443	12
6444	4
6445	15
6446	5
6447	17
6448	35
6449	154
6450	49
6451	93
6452	17
6453	4
6454	24
6455	82
6456	63
6457	179
6458	151
6459	37
6460	101
6461	125
6462	4
6463	26
6464	7
6465	12
6466	15
6467	89
6468	17
6469	11
6470	207
6471	7
6472	31
6473	10
6474	18
6475	18
6476	75
6477	8
6478	18
6479	24
6480	277
6481	113
6482	19
6483	22
6484	76
6486	10
6487	78
6488	55
6489	7
6490	8
6491	6
6492	135
6493	14
6494	186
6495	24
6496	10
6497	21
6498	16
6499	23
6500	62
6501	84
6502	22
6503	10
6505	3
6506	9
6507	5
6508	65
6509	9
6510	10
6511	245
6512	55
6513	139
6514	53
6515	8
6516	110
6517	60
6518	36
6520	157
6521	16
6522	15
6523	15
6524	178
6525	3
6526	3
6527	25
6528	12
6529	124
6530	41
6531	100
6532	3
6534	151
6535	131
6536	12
6538	24
6539	78
6540	153
6541	11
6542	18
6543	23
6544	28
6545	5
6546	13
6547	144
6548	9
6549	2
6550	8
6551	12
6552	65
6553	21
6554	36
6555	9
6556	18
6557	22
6558	29
6560	6
6561	7
6562	7
6563	5
6564	50
6565	14
6566	12
6567	134
6568	21
6569	21
6570	26
6571	16
6572	2
6573	32
6574	98
6575	112
6576	12
6577	14
6578	90
6579	18
6580	8
6581	28
6582	104
6583	17
6584	18
6585	9
6586	148
6587	9
6588	4
6589	7
6590	36
6591	16
6592	20
6593	11
6594	7
6595	37
6597	117
6598	6
6599	12
6600	106
6601	7
6602	177
6603	22
6604	20
6605	213
6606	96
6607	5
6608	34
6609	3
6612	84
6613	67
6614	3
6615	7
6616	6
6617	17
6618	100
6619	10
6621	7
6622	40
6623	8
6624	37
6625	18
6626	17
6627	18
6628	76
6629	9
6630	2
6631	83
6632	6
6633	43
6634	105
6635	75
6636	91
6637	18
6638	166
6639	2
6640	8
6641	5
6642	23
6643	75
6644	7
6645	28
6646	131
6647	4
6648	71
6649	22
6650	7
6651	2
6652	4
6653	12
6654	9
6655	8
6656	145
6657	20
6659	65
6660	12
6661	20
6662	3
6663	10
6664	127
6665	17
6666	24
6667	3
6668	137
6669	122
6670	12
6671	17
6672	64
6673	19
6674	165
6675	58
6676	153
6677	4
6678	132
6679	15
6680	12
6681	23
6682	21
6683	11
6684	7
6685	32
6686	3
6687	21
6688	25
6689	11
6690	20
6691	49
6692	35
6693	3
6694	19
6696	3
6697	2
6698	170
6701	10
6702	103
6703	55
6704	164
6705	2
6706	4
6707	19
6708	37
6709	95
6710	139
6711	45
6712	127
6713	34
6714	2
6715	9
6716	53
6717	13
6718	5
6720	36
6721	16
6722	7
6723	27
6724	21
6726	15
6727	25
6728	17
6729	36
6730	79
6731	2
6732	28
6733	21
6734	12
6735	67
6736	69
6737	2
6738	17
6739	107
6740	74
6741	93
6742	5
6743	7
6744	8
6745	64
6746	29
6747	47
6748	93
6749	59
6750	13
6751	69
6752	209
6753	30
6754	8
6755	4
6756	139
6757	84
6758	65
6759	19
6760	24
6761	104
6762	26
6763	24
6764	14
6765	9
6766	7
6767	102
6769	6
6770	13
6771	18
6772	10
6773	20
6774	6
6775	19
6776	3
6777	147
6778	31
6779	5
6780	19
6781	5
6782	139
6783	18
6785	7
6786	3
6787	38
6788	189
6789	2
6790	8
6791	12
6792	22
6793	77
6794	14
6795	213
6796	19
6797	35
6798	8
6799	9
6800	98
6801	16
6802	28
6803	27
6804	2
6805	147
6806	7
6807	21
6808	32
6809	13
6810	31
6811	84
6812	36
6813	76
6814	31
6815	68
6816	2
6817	7
6818	11
6819	2
6820	19
6821	29
6822	80
6823	28
6824	3
6825	71
6826	5
6828	8
6829	33
6830	40
6831	9
6833	10
6834	20
6835	6
6836	118
6837	9
6838	35
6839	85
6840	6
6841	11
6842	5
6844	25
6845	19
6846	97
6847	11
6848	39
6849	16
6850	17
6851	3
6852	134
6853	12
6854	4
6855	34
6856	64
6857	22
6858	10
6859	124
6860	9
6861	12
6862	9
6863	7
6864	8
6865	18
6866	35
6867	129
6869	16
6870	4
6871	94
6872	13
6873	167
6874	2
6875	19
6876	10
6877	177
6878	8
6879	12
6880	11
6881	3
6882	11
6883	130
6884	23
6885	30
6886	16
6887	42
6888	22
6889	24
6890	9
6891	44
6892	17
6893	2
6894	43
6895	22
6896	13
6897	20
6898	16
6899	129
6900	13
6901	5
6902	6
6903	104
6904	50
6905	7
6906	272
6907	9
6909	11
6910	17
6911	148
6912	110
6913	7
6914	9
6915	6
6916	9
6917	12
6918	11
6919	48
6920	175
6921	3
6922	141
6923	156
6924	13
6925	17
6926	9
6927	184
6928	2
6929	17
6930	4
6931	13
6932	132
6933	22
6934	86
6936	48
6937	5
6938	15
6939	9
6940	17
6941	8
6943	20
6944	91
6945	8
6946	14
6947	73
6948	29
6949	9
6950	3
6951	8
6952	15
6953	119
6954	8
6955	35
6956	65
6957	30
6958	32
6959	39
6960	2
6961	2
6962	40
6963	120
6964	13
6965	3
6966	9
6967	19
6968	13
6969	85
6970	97
6971	15
6972	31
6973	17
6974	12
6975	42
6976	7
6977	41
6978	13
6979	13
6980	24
6981	16
6982	4
6983	16
6984	30
6985	20
6986	2
6987	134
6988	6
6989	5
6990	32
6991	12
6992	4
6994	9
6995	6
6996	43
6997	11
6998	2
6999	10
7000	21
7001	16
7002	8
7003	2
7004	2
7005	20
7007	3
7008	28
7009	103
7010	33
7011	3
7012	11
7013	64
7014	14
7015	20
7016	35
7017	83
7018	295
7020	16
7021	5
7023	16
7024	9
7025	12
7026	86
7027	13
7028	28
7029	6
7030	4
7031	33
7032	4
7033	122
7034	112
7035	90
7036	142
7037	15
7038	23
7039	3
7040	24
7041	61
7042	37
7043	32
7044	36
7045	3
7046	7
7047	29
7048	25
7049	69
7050	26
7051	27
7052	39
7053	112
7054	16
7055	3
7056	27
7057	13
7059	12
7060	3
7061	35
7062	106
7063	8
7064	11
7065	6
7066	13
7067	33
7068	3
7069	32
7070	12
7071	51
7072	22
7073	13
7074	12
7075	3
7076	9
7077	12
7078	17
7079	58
7080	107
7081	124
7082	33
7083	37
7084	21
7085	2
7086	14
7087	7
7088	23
7089	11
7090	17
7091	5
7092	3
7093	7
7094	124
7095	146
7096	145
7097	8
7098	9
7099	64
7100	35
7101	10
7102	70
7103	3
7104	22
7105	18
7106	28
7107	2
7108	48
7109	11
7110	7
7111	25
7112	158
7113	16
7114	36
7115	84
7116	45
7117	6
7118	11
7119	7
7120	7
7121	44
7122	76
7123	59
7124	30
7125	3
7126	21
7127	156
7128	13
7129	22
7130	37
7131	91
7132	106
7133	6
7134	9
7135	12
7136	31
7137	6
7138	2
7139	41
7140	113
7141	25
7142	3
7143	28
7144	8
7145	26
7146	8
7147	12
7148	59
7149	39
7150	125
7151	6
7152	14
7153	31
7154	20
7155	20
7156	68
7157	71
7158	27
7159	19
7160	13
7161	12
7163	16
7164	39
7165	76
7166	9
7167	37
7168	80
7169	8
7170	7
7171	20
7172	31
7173	7
7174	10
7175	4
7176	32
7177	47
7178	9
7179	6
7180	27
7181	70
7182	22
7183	3
7184	123
7185	19
7186	30
7187	117
7188	12
7189	12
7190	15
7191	2
7192	5
7193	85
7194	3
7195	58
7196	137
7197	13
7198	16
7199	13
7200	29
7201	64
7202	68
7203	30
7204	183
7205	36
7206	93
7207	19
7208	68
7209	39
7210	4
7211	147
7212	52
7213	2
7214	17
7215	7
7216	4
7217	135
7218	119
7219	144
7220	37
7221	5
7222	8
7223	21
7224	10
7225	145
7226	23
7227	78
7228	9
7229	17
7230	75
7231	111
7232	65
7233	47
7234	3
7235	72
7236	32
7237	6
7238	280
7239	151
7240	60
7241	4
7242	36
7243	35
7244	9
7245	12
7246	23
7247	2
7248	6
7249	15
7250	30
7251	7
7252	7
7253	8
7254	54
7255	30
7256	83
7257	16
7258	9
7259	45
7260	93
7261	2
7262	33
7263	91
7264	8
7265	5
7266	11
7267	12
7268	36
7269	101
7270	25
7271	8
7272	147
7273	23
7274	20
7275	207
7276	40
7277	5
7278	24
7279	9
7280	83
7281	19
7283	3
7284	10
7285	72
7286	5
7287	10
7288	16
7289	4
7290	128
7291	44
7292	21
7293	41
7294	38
7295	55
7296	9
7297	136
7298	22
7299	4
7300	46
7301	106
7302	11
7303	2
7304	269
7305	7
7306	182
7307	91
7308	41
7309	15
7310	8
7311	10
7312	214
7313	119
7314	155
7315	70
7316	77
7317	18
7318	32
7319	39
7320	10
7321	146
7322	8
7323	69
7324	79
7325	19
7326	4
7327	12
7328	14
7329	17
7330	7
7331	5
7332	11
7333	93
7334	2
7335	19
7336	67
7337	12
7338	83
7339	23
7340	14
7341	7
7342	14
7343	12
7344	4
7345	119
7346	68
7347	9
7348	2
7349	14
7350	15
7351	105
7352	111
7353	2
7354	13
7355	3
7356	47
7357	20
7358	64
7359	102
7360	147
7361	200
7362	5
7363	87
7364	27
7365	82
7366	12
7367	44
7368	105
7369	73
7370	14
7371	28
7372	28
7373	2
7374	88
7375	6
7376	12
7377	10
7378	11
7379	29
7380	2
7381	22
7382	4
7383	121
7384	5
7385	37
7386	15
7387	5
7388	13
7389	15
7390	20
7391	16
7392	8
7394	10
7395	13
7396	22
7397	82
7398	45
7399	6
7400	58
7401	26
7402	108
7403	35
7405	17
7406	5
7407	139
7408	21
7409	161
7410	26
7411	6
7412	128
7413	27
7414	21
7415	6
7416	168
7417	156
7418	21
7419	19
7420	2
7421	19
7422	173
7423	46
7424	21
7425	15
7426	28
7427	98
7428	16
7429	15
7430	10
7431	2
7432	7
7433	6
7434	2
7435	9
7436	10
7437	47
7438	84
7439	14
7440	14
7441	37
7442	96
7443	48
7444	14
7445	14
7446	5
7447	30
7448	34
7449	52
7450	2
7451	30
7452	102
7453	16
7454	69
7455	90
7456	28
7457	13
7458	16
7459	92
7460	6
7461	56
7462	18
7464	22
7465	135
7466	81
7467	28
7468	30
7469	14
7470	80
7471	158
7472	180
7473	3
7474	23
7475	42
7476	4
7477	23
7478	70
7479	136
7481	4
7482	13
7483	12
7484	5
7485	7
7486	98
7487	59
7488	21
7489	15
7490	53
7491	85
7492	21
7493	23
7494	64
7495	28
7496	98
7497	11
7498	6
7499	2
7500	64
7501	156
7502	21
7503	5
7504	14
7505	2
7506	28
7507	29
7508	29
7509	12
7510	38
7511	9
7512	26
7513	81
7514	14
7515	3
7516	2
7517	101
7518	15
7519	7
7520	22
7521	24
7522	84
7523	172
7524	27
7525	40
7526	12
7527	10
7528	99
7529	13
7530	89
7531	15
7532	8
7533	7
7534	68
7535	17
7536	12
7537	51
7538	40
7539	85
7540	9
7541	27
7542	5
7544	7
7545	8
7546	42
7547	5
7548	75
7549	2
7550	19
7551	148
7552	15
7553	13
7554	3
7555	26
7556	22
7557	3
7558	34
7559	10
7560	16
7561	6
7562	156
7563	3
7564	25
7565	38
7566	32
7567	38
7568	83
7569	2
7570	32
7571	6
7573	35
7574	28
7575	19
7576	7
7577	11
7578	5
7579	6
7581	28
7582	64
7583	41
7584	5
7585	8
7586	21
7587	35
7588	6
7589	6
7590	9
7591	41
7592	59
7593	18
7594	36
7595	6
7596	25
7597	29
7599	43
7600	96
7601	20
7602	12
7603	11
7604	68
7605	25
7606	27
7607	34
7608	31
7609	94
7610	14
7611	13
7612	3
7613	64
7614	159
7615	3
7616	150
7617	4
7618	9
7619	29
7620	81
7621	16
7622	8
7623	36
7624	161
7625	208
7626	10
7627	5
7628	36
7629	18
7630	184
7631	26
7632	40
7633	148
7634	14
7635	2
7637	18
7638	32
7639	161
7640	3
7641	16
7642	2
7643	5
7644	7
7645	239
7646	130
7647	32
7648	22
7649	13
7651	63
7652	2
7653	16
7654	13
7655	83
7656	12
7657	12
7658	83
7659	103
7660	3
7661	7
7662	23
7663	43
7664	74
7666	5
7667	17
7668	25
7671	2
7672	36
7673	80
7674	56
7675	8
7676	12
7677	132
7678	13
7679	19
7680	34
7681	26
7682	39
7683	3
7684	180
7685	25
7686	9
7687	112
7688	2
7689	17
7690	98
7691	11
7692	12
7693	26
7694	24
7695	12
7696	25
7697	91
7698	28
7699	111
7700	80
7701	48
7702	111
7703	17
7704	112
7705	12
7706	7
7707	26
7708	13
7709	22
7710	2
7711	30
7712	2
7713	14
7714	6
7715	26
7717	12
7718	9
7719	16
7720	17
7721	79
7722	59
7723	8
7724	94
7725	48
7726	99
7727	21
7728	42
7729	4
7730	94
7731	41
7732	78
7734	17
7735	59
7736	13
7737	8
7738	25
7739	32
7740	91
7741	16
7742	4
7743	26
7744	24
7745	2
7746	26
7747	35
7748	33
7749	40
7750	75
7751	13
7752	7
7753	60
7754	19
7755	2
7756	164
7757	145
7758	39
7759	123
7761	2
7762	17
7763	165
7764	33
7765	2
7766	7
7768	149
7769	26
7770	150
7771	7
7772	120
7773	83
7774	99
7775	13
7776	68
7777	2
7778	7
7780	15
7781	16
7782	8
7783	7
7784	164
7785	40
7786	148
7787	20
7788	124
7789	9
7790	5
7791	13
7792	3
7793	123
7794	37
7795	102
7796	3
7798	18
7799	13
7801	81
7802	17
7803	18
7804	63
7805	23
7806	15
7807	20
7808	25
7809	21
7810	13
7811	7
7812	15
7813	3
7814	6
7815	17
7816	15
7818	4
7819	142
7821	2
7822	18
7823	110
7824	31
7825	12
7826	112
7827	23
7828	3
7829	6
7830	21
7831	4
7832	5
7833	130
7834	5
7835	12
7836	25
7837	11
7838	5
7840	39
7841	17
7842	17
7843	19
7844	20
7845	4
7846	16
7847	21
7848	3
7850	15
7851	3
7852	46
7853	18
7854	105
7855	72
7856	34
7857	80
7858	13
7859	79
7861	55
7862	48
7863	3
7864	35
7865	38
7866	73
7867	33
7869	18
7870	96
7871	29
7872	25
7873	73
7874	66
7875	10
7876	15
7877	14
7878	4
7879	20
7880	25
7881	14
7882	128
7883	146
7884	35
7885	25
7886	20
7887	21
7888	22
7889	67
7890	36
7891	13
7892	22
7893	39
7894	99
7895	157
7896	10
7897	26
7898	16
7899	7
7900	11
7901	16
7903	7
7904	5
7905	132
7906	3
7907	3
7908	53
7909	20
7910	25
7911	188
7912	152
7913	5
7914	38
7915	18
7916	17
7917	85
7918	30
7919	6
7920	19
7921	121
7922	39
7923	6
7924	24
7925	32
7926	18
7927	21
7928	150
7929	6
7930	2
7931	24
7932	8
7933	12
7934	10
7935	12
7936	38
7937	82
7938	32
7939	22
7940	34
7941	126
7942	15
7943	25
7944	25
7945	2
7946	8
7947	12
7948	14
7949	54
7950	93
7951	19
7952	65
7954	5
7955	16
7956	76
7957	31
7958	64
7960	5
7961	6
7962	2
7963	29
7964	7
7965	18
7966	186
7967	4
7968	31
7969	78
7970	29
7971	94
7972	15
7973	25
7974	115
7975	11
7976	17
7977	25
7978	201
7979	12
7980	18
7981	13
7982	25
7983	74
7984	25
7985	6
7986	6
7987	31
7988	25
7989	2
7990	73
7991	44
7992	80
7993	34
7994	9
7995	5
7996	2
7997	22
7998	166
7999	6
8000	12
8001	28
8002	17
8003	4
8004	21
8005	134
8006	22
8007	23
8008	88
8009	78
8010	62
8011	75
8012	3
8013	4
8014	15
8015	24
8016	8
8017	11
8019	7
8020	4
8021	25
8022	42
8023	100
8024	71
8025	9
8026	11
8027	48
8028	86
8029	2
8031	9
8032	194
8033	14
8034	12
8035	3
8036	10
8037	31
8038	19
8039	10
8040	7
8041	166
8042	47
8044	4
8045	3
8046	14
8047	3
8048	151
8049	17
8050	80
8051	289
8052	52
8053	38
8054	21
8055	18
8056	6
8057	8
8058	22
8059	15
8060	19
8061	22
8063	13
8064	13
8065	143
8066	3
8067	2
8068	106
8069	96
8070	18
8071	6
8072	169
8073	4
8074	2
8075	61
8076	96
8077	19
8078	9
8079	104
8080	42
8081	89
8082	7
8083	14
8084	38
8085	6
8086	77
8087	20
8088	8
8089	83
8091	15
8092	2
8093	18
8094	64
8095	13
8096	4
8097	59
8098	27
8099	38
8100	24
8101	81
8102	88
8103	57
8104	28
8105	102
8106	4
8107	10
8108	3
8109	9
8110	119
8111	6
8112	29
8113	89
8114	126
8115	82
8116	7
8117	13
8118	8
8119	16
8120	21
8121	8
8122	80
8123	117
8124	23
8125	15
8126	12
8127	29
8128	116
8129	99
8130	8
8131	2
8132	48
8133	8
8134	11
8135	26
8136	6
8137	42
8138	2
8139	91
8140	23
8141	16
8142	158
8143	16
8144	76
8145	102
8146	110
8147	2
8149	55
8150	120
8151	153
8152	17
8153	3
8154	4
8155	18
8156	24
8157	41
8158	95
8159	7
8160	19
8161	154
8162	22
8163	5
8164	12
8166	20
8167	4
8168	10
8169	13
8170	70
8171	176
8172	9
8173	26
8174	4
8175	37
8176	115
8177	6
8178	109
8179	13
8181	43
8182	83
8183	57
8184	2
8185	199
8186	80
8187	24
8188	63
8189	9
8191	2
8192	22
8193	50
8194	86
8195	11
8196	137
8197	30
8198	108
8199	20
8200	29
8201	91
8202	3
8203	36
8204	10
8205	117
8206	15
8207	14
8209	13
8210	125
8211	31
8212	12
8213	17
8215	17
8216	143
8217	7
8218	30
8219	10
8220	13
8222	3
8223	5
8224	14
8225	84
8226	145
8227	13
8228	33
8229	5
8230	83
8231	34
8232	42
8233	97
8234	16
8235	65
8236	3
8237	3
8238	19
8239	19
8240	27
8241	3
8242	17
8243	9
8244	7
8245	177
8246	14
8247	23
8248	29
8249	19
8250	122
8251	14
8252	11
8253	52
8254	40
8255	100
8256	13
8257	25
8258	3
8259	8
8260	7
8261	33
8262	27
8263	12
8264	23
8265	106
8266	22
8267	18
8268	17
8269	3
8270	13
8271	93
8273	21
8274	15
8275	7
8276	5
8277	21
8278	12
8279	3
8280	65
8281	10
8282	12
8283	30
8284	3
8285	36
8286	98
8287	14
8288	43
8289	14
8290	27
8291	2
8292	21
8293	9
8294	162
8295	16
8296	90
8297	4
8298	74
8299	17
8300	26
8301	26
8302	17
8303	15
8304	2
8305	30
8306	26
8307	14
8308	18
8309	86
8310	120
8312	20
8313	22
8314	53
8315	11
8316	26
8317	5
8318	14
8319	5
8320	29
8321	8
8323	41
8324	15
8325	39
8326	80
8327	37
8328	9
8330	6
8331	8
8332	6
8333	85
8334	20
8335	8
8336	12
8337	9
8338	26
8339	12
8340	10
8341	12
8342	16
8343	16
8344	33
8345	21
8346	9
8347	13
8349	7
8350	12
8351	7
8352	101
8353	27
8354	10
8355	48
8357	7
8358	10
8359	21
8360	125
8361	2
8362	7
8363	12
8364	69
8365	22
8366	62
8368	4
8369	8
8370	21
8371	69
8372	82
8373	14
8374	16
8375	30
8376	173
8377	157
8378	22
8379	68
8380	26
8382	5
8383	25
8384	13
8385	128
8386	29
8387	59
8388	16
8389	2
8390	8
8391	13
8392	69
8393	36
8394	32
8395	112
8396	42
8397	3
8398	101
8399	56
8400	84
8401	10
8402	13
8403	5
8404	19
8405	5
8406	3
8408	13
8409	5
8410	120
8411	31
8412	13
8413	38
8414	27
8415	49
8416	68
8418	14
8419	22
8420	25
8421	18
8422	10
8424	39
8425	106
8426	126
8427	6
8428	12
8429	30
8430	152
8431	34
8432	3
8433	26
8434	18
8435	19
8436	11
8437	3
8438	8
8439	22
8440	68
8441	29
8442	9
8443	8
8444	27
8445	148
8446	17
8447	11
8448	41
8449	86
8450	10
8451	91
8452	189
8453	27
8454	13
8455	36
8456	84
8457	6
8458	71
8459	28
8460	22
8461	36
8462	87
8463	26
8464	10
8465	12
8466	16
8467	25
8468	19
8469	25
8470	46
8471	93
8472	3
8473	26
8474	46
8475	101
8476	4
8477	30
8478	33
8479	3
8480	12
8481	29
8482	68
8483	11
8484	4
8485	64
8486	108
8487	15
8488	144
8489	16
8490	3
8491	5
8492	163
8493	14
8494	94
8495	44
8496	75
8497	15
8498	22
8499	11
8500	3
8501	17
8502	65
8503	39
8504	86
8505	2
8506	13
8507	10
8508	153
8509	99
8510	3
8511	132
8512	3
8513	74
8514	21
8515	22
8516	8
8517	12
8518	72
8519	149
8520	4
8521	162
8522	5
8524	20
8525	3
8527	18
8528	12
8529	23
8530	15
8531	49
8532	7
8533	11
8534	44
8535	64
8536	37
8537	84
8538	21
8539	138
8540	30
8541	58
8542	42
8543	82
8544	18
8545	5
8546	106
8547	33
8548	29
8549	68
8550	2
8551	32
8552	102
8554	17
8555	14
8556	18
8557	25
8558	22
8559	18
8560	20
8561	57
8562	2
8563	2
8564	2
8565	9
8566	2
8567	25
8568	25
8569	27
8570	15
8571	16
8572	4
8573	126
8574	59
8575	378
8576	7
8577	20
8578	2
8579	16
8580	11
8581	16
8582	22
8583	5
8584	126
8585	125
8586	90
8587	217
8588	18
8589	30
8590	65
8591	153
8592	19
8593	42
8594	10
8595	34
8596	11
8597	2
8598	10
8600	18
8601	9
8602	20
8603	25
8604	25
8605	19
8608	7
8609	25
8610	76
8611	34
8612	106
8613	29
8614	70
8615	68
8616	60
8617	2
8618	2
8619	40
8620	2
8621	148
8622	8
8623	20
8624	17
8625	6
8626	12
8627	11
8629	10
8630	24
8631	20
8632	25
8633	34
8634	98
8635	27
8636	4
8637	6
8638	3
8639	25
8640	3
8641	8
8642	38
8643	35
8644	82
8645	10
8646	12
8647	12
8648	12
8649	26
8650	29
8651	14
8652	78
8653	2
8654	52
8655	102
8656	4
8657	15
8658	7
8659	2
8660	35
8661	110
8662	84
8663	24
8664	31
8665	76
8666	8
8667	31
8668	125
8669	21
8670	116
8671	3
8672	66
8673	26
8674	10
8675	109
8676	9
8677	42
8679	130
8680	28
8681	40
8682	86
8683	31
8684	3
8685	135
8686	36
8687	43
8688	95
8689	28
8690	91
8691	14
8692	3
8693	26
8694	8
8695	16
8696	13
8697	10
8698	17
8699	8
8700	33
8701	4
8702	8
8703	31
8704	66
8705	7
8707	5
8708	6
8709	16
8710	27
8711	5
8712	20
8713	213
8714	19
8715	167
8716	60
8717	5
8718	21
8719	57
8720	33
8721	7
8722	85
8723	59
8724	24
8725	2
8726	39
8727	6
8728	23
8729	17
8730	177
8731	168
8732	3
8733	18
8734	21
8735	3
8736	4
8737	151
8738	36
8739	13
8740	5
8741	27
8742	41
8743	91
8744	59
8745	16
8746	42
8747	20
8748	94
8750	31
8751	25
8752	32
8753	8
8754	8
8755	6
8756	4
8757	44
8758	92
8759	19
8760	49
8761	102
8762	19
8764	11
8765	9
8766	95
8767	13
8768	14
8769	12
8770	38
8771	76
8772	118
8773	3
8774	26
8775	39
8776	9
8777	39
8778	98
8779	150
8780	37
8781	32
8782	14
8784	22
8785	17
8786	35
8787	23
8788	135
8789	284
8790	44
8791	30
8792	10
8793	7
8794	38
8795	129
8796	4
8797	21
8798	3
8799	5
8800	202
8801	4
8802	15
8803	2
8804	80
8805	4
8806	176
8807	146
8808	2
8809	28
8810	3
8811	20
8812	147
8813	9
8814	11
8815	16
8816	46
8817	98
8818	15
8819	2
8820	184
8821	15
8822	94
8823	129
8824	42
8825	154
8826	9
8827	2
8828	148
8829	73
8830	75
8831	29
8833	13
8835	42
8836	26
8837	29
8838	30
8839	13
8840	3
8841	11
8842	152
8843	2
8844	16
8845	71
8846	31
8847	79
8849	15
8850	99
8851	30
8852	27
8853	16
8854	43
8855	5
8856	37
8857	22
8858	11
8859	29
8860	33
8861	115
8862	8
8863	3
8864	65
8865	91
8866	3
8867	31
8868	63
8869	85
8870	20
8871	31
8872	63
8873	15
8874	14
8875	5
8876	10
8877	18
8878	107
8879	149
8880	33
8881	25
8882	114
8883	23
8884	31
8885	87
8886	2
8887	25
8888	20
8889	8
8890	36
8891	111
8892	2
8893	33
8894	2
8895	23
8896	24
8897	122
8898	14
8899	85
8900	12
8901	13
8902	12
8903	173
8904	169
8905	22
8906	8
8907	8
8908	110
8909	30
8910	11
8911	20
8912	16
8913	9
8914	4
8915	28
8916	32
8917	4
8918	3
8919	68
8920	36
8921	114
8922	15
8923	6
8924	19
8925	7
8926	10
8927	6
8928	3
8930	59
8931	60
8932	21
8933	109
8934	25
8937	74
8938	39
8939	9
8940	19
8941	34
8942	6
8943	23
8944	9
8945	13
8946	145
8947	11
8948	110
8949	24
8951	8
8952	16
8953	12
8954	24
8955	18
8956	15
8957	8
8958	4
8959	2
8960	3
8962	27
8963	40
8964	17
8965	149
8966	66
8967	2
8968	210
8969	15
8970	49
8971	18
8972	2
8973	4
8974	26
8975	25
8976	51
8977	91
8978	135
8979	10
8980	11
8981	62
8982	45
8983	57
8984	2
8985	7
8986	5
8987	143
8988	5
8989	165
8990	120
8991	32
8992	3
8993	7
8994	193
8995	22
8996	86
8997	13
8998	14
8999	65
9000	22
9001	7
9002	185
9003	16
9004	82
9005	35
9006	101
9007	11
9008	20
9009	18
9010	7
9011	7
9013	22
9014	34
9015	58
9016	63
9017	88
9018	14
9019	28
9020	24
9021	27
9023	2
9024	12
9025	8
9026	20
9027	9
9028	8
9029	19
9030	18
9032	27
9033	107
9034	22
9035	11
9036	79
9037	23
9038	6
9039	20
9040	73
9041	9
9042	33
9043	128
9044	14
9045	68
9046	19
9047	56
9048	110
9049	5
9050	6
9051	10
9052	8
9053	76
9054	6
9055	68
9057	22
9058	55
9059	123
9061	63
9063	6
9064	53
9066	16
9068	100
9069	16
9070	12
9071	74
9072	18
9073	142
9074	4
9075	30
9076	43
9077	31
9078	6
9079	35
9080	94
9081	48
9082	164
9083	195
9084	15
9085	13
9086	33
9087	29
9088	3
9089	11
9090	156
9091	64
9092	32
9093	25
9094	25
9095	3
9097	4
9098	9
9099	12
9100	22
9101	25
9102	82
9103	2
9104	7
9105	124
9106	28
9107	18
9108	11
9109	33
9110	2
9111	9
9112	12
9113	153
9114	32
9115	105
9116	21
9117	23
9118	10
9119	12
9120	5
9121	11
9122	145
9123	25
9124	27
9125	7
9126	3
9127	7
9128	2
9129	15
9130	22
9131	2
9132	128
9133	36
9135	8
9136	8
9137	170
9138	2
9139	107
9140	59
9141	11
9142	9
9143	4
9144	115
9145	23
9146	17
9147	95
9148	16
9149	26
9150	3
9151	17
9152	2
9154	6
9155	85
9156	11
9158	215
9159	2
9160	38
9161	4
9162	7
9163	13
9165	14
9166	7
9167	4
9168	17
9169	58
9170	30
9171	3
9172	7
9173	16
9174	9
9175	45
9176	94
9177	23
9178	73
9179	8
9180	25
9181	117
9182	19
9183	65
9184	39
9185	95
9186	4
9187	21
9188	21
9189	7
9190	53
9191	143
9192	11
9193	25
9194	116
9195	146
9196	26
9197	55
9198	32
9199	86
9200	12
9201	96
9202	6
9203	70
9204	23
9205	28
9206	26
9207	5
9208	6
9209	13
9210	13
9211	145
9212	2
9213	2
9214	15
9215	142
9216	92
9217	30
9218	79
9219	8
9220	49
9221	136
9222	83
9223	28
9224	23
9225	114
9226	22
9227	57
9228	12
9229	34
9230	45
9231	132
9232	39
9233	16
9234	2
9235	4
9236	45
9237	63
9238	17
9240	132
9241	15
9242	52
9243	101
9244	14
9245	65
9246	5
9247	3
9249	10
9250	101
9251	45
9252	4
9253	9
9254	2
9255	14
9256	4
9257	33
9258	23
9259	27
9260	2
9261	17
9262	7
9263	39
9264	16
9265	4
9266	5
9268	4
9269	2
9270	12
9271	30
9272	7
9274	19
9275	50
9276	86
9278	110
9279	3
9280	13
9281	4
9282	11
9284	4
9285	88
9286	5
9287	3
9288	129
9289	55
9290	21
9291	42
9292	24
9293	104
9294	102
9295	122
9296	14
9297	18
9298	2
9299	50
9300	107
9301	20
9302	123
9304	21
9305	101
9306	30
9307	72
9308	139
9309	126
9310	34
9311	76
9312	4
9313	12
9314	7
9315	107
9316	32
9317	4
9318	2
9319	16
9320	12
9321	10
9322	179
9323	2
9324	17
9325	12
9326	141
9327	17
9328	13
9331	135
9332	63
9333	107
9334	22
9335	86
9336	8
9337	4
9338	32
9339	76
9340	3
9341	145
9342	4
9343	2
9344	13
9345	19
9346	18
9347	4
9348	5
9349	17
9350	9
9351	40
9352	18
9353	60
9354	10
9355	8
9356	3
9357	6
9358	190
9359	2
9360	6
9361	238
9362	11
9363	4
9364	33
9365	170
9366	26
9367	184
9368	3
9369	6
9370	6
9371	64
9372	41
9373	33
9374	16
9375	131
9376	10
9377	9
9378	11
9379	121
9380	35
9381	47
9382	122
9383	67
9384	25
9385	111
9386	22
9387	30
9388	102
9389	12
9390	123
9391	112
9393	7
9395	4
9396	17
9397	4
9398	3
9399	7
9400	11
9401	16
9402	30
9403	7
9404	10
9406	8
9407	2
9408	32
9409	6
9410	74
9411	7
9412	45
9413	23
9414	9
9415	135
9416	19
9417	12
9418	43
9419	36
9420	16
9421	96
9422	49
9423	15
9424	34
9425	65
9426	42
9427	5
9428	130
9429	61
9430	76
9431	28
9432	65
9433	27
9434	103
9435	16
9436	2
9437	154
9438	90
9439	38
9440	26
9441	26
9442	11
9443	80
9444	128
9445	4
9446	67
9447	25
9448	26
9449	29
9450	12
9451	3
9452	6
9453	4
9454	146
9455	77
9456	50
9457	52
9458	7
9459	30
9460	2
9461	159
9462	3
9463	7
9464	10
9465	3
9466	5
9467	12
9468	17
9469	29
9470	23
9471	89
9472	11
9473	6
9474	43
9475	113
9476	110
9477	4
9478	7
9479	31
9480	19
9481	4
9482	99
9483	5
9484	145
9486	14
9487	20
9488	15
9489	11
9490	12
9491	27
9493	4
9495	104
9496	58
9497	11
9498	2
9499	28
9500	8
9501	5
9502	26
9503	158
9504	28
9505	21
9506	14
9507	5
9508	103
9509	34
9510	79
9511	18
9512	97
9513	5
9515	93
9516	74
9517	2
9518	38
9519	24
9520	3
9521	53
9522	127
9523	15
9524	15
9525	5
9526	15
9527	6
9528	5
9529	16
9530	13
9531	19
9532	133
9533	65
9534	2
9535	80
9536	9
9537	20
9538	11
9539	12
9540	141
9541	92
9542	11
9544	30
9545	23
9546	63
9547	41
9548	85
9549	100
9550	8
9551	36
9552	5
9553	26
9554	32
9555	10
9556	16
9557	7
9558	13
9559	45
9560	21
9561	16
9562	18
9563	16
9564	7
9565	12
9566	56
9567	3
9568	11
9569	18
9570	45
9572	25
9573	28
9574	11
9575	25
9576	47
9577	5
9578	3
9579	54
9580	8
9581	11
9582	31
9583	49
9584	6
9585	2
9586	22
9587	7
9588	7
9589	126
9590	6
9591	22
9592	6
9593	163
9594	69
9595	24
9596	14
9597	14
9598	20
9599	152
9600	11
9601	7
9602	12
9603	88
9604	143
9605	32
9606	26
9607	2
9608	60
9609	11
9610	14
9611	66
9612	65
9613	60
9614	25
9615	162
9616	155
9617	14
9618	14
9619	3
9620	136
9621	2
9622	71
9623	5
9624	80
9626	13
9627	4
9628	35
9629	98
9630	68
9631	33
9632	9
9633	3
9634	98
9635	249
9636	26
9637	86
9638	31
9639	50
9640	84
9641	152
9642	13
9643	75
9644	140
9645	20
9646	19
9647	9
9648	33
9649	80
9650	114
9651	72
9652	67
9653	97
9654	4
9655	4
9656	32
9657	12
9659	41
9660	14
9661	11
9662	22
9663	103
9664	18
9665	8
9666	4
9668	10
9669	12
9670	153
9671	5
9672	30
9673	2
9674	25
9675	15
9676	180
9677	67
9678	3
9679	73
9680	19
9681	8
9682	2
9683	4
9684	2
9685	17
9686	10
9687	9
9688	14
9689	23
9690	42
9692	28
9693	89
9694	28
9695	6
9696	12
9697	108
9698	35
9699	141
9701	98
9702	8
9703	12
9704	8
9705	7
9706	23
9707	63
9708	23
9709	14
9710	10
9711	11
9712	11
9713	15
9714	8
9715	25
9716	2
9717	33
9718	4
9719	33
9720	22
9722	21
9723	24
9724	29
9725	154
9726	22
9727	23
9728	9
9729	6
9730	24
9731	15
9732	7
9733	136
9734	34
9735	9
9736	7
9737	48
9738	100
9739	6
9740	88
9741	4
9742	19
9743	17
9744	5
9745	19
9746	3
9747	3
9748	12
9749	15
9750	65
9751	142
9753	16
9754	3
9755	20
9756	23
9757	17
9758	135
9759	14
9760	6
9761	28
9762	14
9763	39
9764	94
9765	14
9766	3
9767	77
9768	15
9769	7
9770	101
9771	15
9772	126
9773	26
9774	42
9775	33
9776	78
9777	14
9779	19
9780	5
9781	21
9782	36
9783	95
9784	13
9785	7
9786	2
9787	5
9788	133
9789	5
9791	81
9792	13
9793	5
9794	21
9795	18
9796	2
9797	18
9798	32
9799	17
9800	6
9801	17
9802	13
9803	2
9804	11
9805	3
9806	4
9807	25
9808	18
9809	8
9810	24
9811	121
9812	5
9813	3
9814	9
9815	3
9817	17
9818	23
9819	7
9820	11
9821	20
9822	29
9823	3
9824	16
9825	12
9826	7
9827	3
9828	35
9829	100
9830	14
9831	12
9832	12
9833	25
9834	22
9835	13
9836	9
9837	6
9838	20
9839	65
9840	3
9841	5
9842	32
9843	5
9844	12
9845	41
9846	98
9847	12
9848	22
9849	128
9850	42
9851	25
9852	97
9853	88
9854	2
9855	6
9856	15
9857	8
9858	22
9859	23
9860	32
9861	9
9862	15
9863	7
9864	7
9865	13
9866	119
9867	29
9868	151
9869	3
9870	23
9871	24
9872	21
9873	21
9874	84
9875	26
9876	2
9877	16
9878	11
9879	12
9880	4
9881	14
9882	4
9883	22
9884	15
9885	3
9886	35
9887	189
9888	17
9889	40
9890	86
9891	23
9892	8
9893	30
9894	38
9895	27
9896	38
9897	68
9898	2
9899	161
9901	21
9902	167
9903	15
9904	8
9905	14
9906	25
9907	23
9908	6
9909	75
9910	43
9911	119
9912	12
9913	154
9915	3
9916	153
9917	2
9918	25
9919	3
9920	30
9921	31
9922	8
9923	36
9924	27
9925	8
9926	89
9927	43
9928	3
9929	20
9930	9
9931	7
9932	12
9933	3
9934	2
9935	151
9936	71
9938	30
9939	22
9940	44
9941	95
9942	177
9943	109
9945	21
9946	18
9947	90
9948	7
9949	6
9950	20
9951	2
9952	26
9953	2
9954	81
9955	141
9956	2
9957	4
9958	36
9959	23
9960	22
9961	157
9962	189
9963	3
9964	32
9965	76
9966	13
9967	12
9968	21
9969	5
9970	33
9971	129
9972	85
9973	10
9974	3
9975	127
9976	7
9977	11
9978	16
9979	20
9980	24
9981	14
9982	3
9983	4
9984	2
9985	17
9986	30
9987	76
9988	147
9989	12
9990	8
9991	69
9992	15
9993	3
9994	2
9995	19
9996	113
9997	12
9998	4
9999	72
10000	124
10001	10
10002	28
10004	13
10005	6
10006	21
10007	74
10008	39
10009	175
10010	25
10012	18
10013	23
10014	19
10015	91
10016	3
10017	5
10018	4
10019	29
10020	18
10021	2
10022	4
10023	11
10024	78
10025	2
10026	23
10027	11
10028	31
10029	33
10030	68
10031	15
10033	9
10034	134
10035	122
10036	15
10037	15
10038	7
10039	70
10040	2
10041	38
10042	83
10043	5
10044	25
10045	6
10046	17
10047	4
10048	37
10049	18
10050	68
10051	155
10052	10
10053	24
10054	66
10057	2
10058	19
10059	29
10060	86
10061	7
10062	26
10063	2
10064	144
10065	23
10066	30
10067	129
10068	8
10069	145
10070	38
10071	19
10072	34
10073	79
10074	3
10075	25
10076	33
10077	100
10078	17
10079	161
10080	38
10081	24
10082	19
10083	34
10084	124
10085	37
10086	6
10087	74
10088	5
10090	129
10091	17
10092	90
10094	12
10095	113
10096	17
10097	12
10098	18
10099	10
10100	13
10101	8
10102	8
10103	19
10104	98
10105	93
10106	7
10107	9
10108	12
10109	4
10110	71
10111	63
10112	11
10113	26
10114	10
10115	3
10116	16
10117	26
10118	27
10119	200
10120	15
10121	161
10122	72
10123	49
10124	5
10125	21
10126	22
10127	12
10128	18
10129	25
10130	30
10131	109
10132	12
10133	25
10134	152
10135	42
10136	82
10137	16
10138	3
10139	11
10140	37
10141	2
10142	3
10143	4
10144	28
10145	5
10146	20
10147	30
10148	37
10149	96
10150	3
10151	20
10152	12
10153	15
10154	100
10155	5
10156	32
10157	76
10158	36
10159	83
10160	10
10161	42
10162	6
10163	97
10164	59
10165	15
10166	37
10167	9
10168	61
10169	27
10170	7
10171	3
10172	8
10173	40
10174	104
10175	23
10176	28
10177	17
10178	47
10180	41
10181	63
10182	78
10184	3
10185	11
10186	130
10187	2
10188	32
10189	5
10190	3
10191	22
10192	157
10193	21
10194	3
10195	102
10196	29
10197	128
10198	36
10199	82
10200	15
10201	64
10202	167
10203	134
10204	3
10205	5
10206	83
10208	127
10209	10
10210	6
10211	12
10212	7
10213	3
10214	7
10215	2
10216	6
10217	6
10218	34
10219	33
10220	80
10221	157
10222	5
10223	23
10225	6
10226	69
10227	2
10228	12
10229	2
10230	62
10231	11
10232	9
10233	15
10234	9
10235	2
10236	33
10237	15
10238	16
10239	12
10240	38
10241	74
10242	6
10243	9
10244	26
10245	83
10246	9
10247	7
10248	70
10249	158
10250	51
10251	10
10252	2
10253	7
10254	58
10255	34
10256	12
10257	36
10258	3
10259	15
10260	148
10261	90
10262	8
10263	17
10264	77
10265	24
10266	25
10267	26
10268	23
10269	13
10270	2
10271	203
10272	2
10273	19
10274	5
10275	19
10276	29
10277	13
10278	5
10279	6
10280	91
10281	46
10282	79
10283	22
10284	5
10285	7
10286	38
10287	26
10288	110
10289	13
10290	4
10291	30
10292	117
10293	27
10294	9
10295	36
10296	21
10297	8
10298	14
10299	5
10300	143
10301	116
10302	25
10303	11
10304	173
10305	3
10306	9
10307	15
10308	2
10309	42
10310	44
10311	100
10312	44
10313	86
10314	22
10315	6
10316	151
10317	2
10318	5
10319	69
10320	4
10321	8
10322	68
10323	26
10324	15
10325	14
10326	24
10327	4
10328	8
10329	44
10330	89
10331	29
10332	76
10333	125
10334	28
10335	5
10336	76
10337	15
10339	24
10340	24
10341	2
10342	21
10343	110
10344	3
10345	89
10346	8
10347	22
10348	139
10349	5
10350	7
10351	12
10352	3
10354	9
10355	136
10356	19
10357	68
10358	10
10359	7
10360	3
10361	4
10362	3
10363	67
10364	6
10365	5
10366	34
10367	93
10368	3
10369	17
10370	12
10371	3
10372	25
10373	16
10374	76
10375	8
10376	2
10377	43
10378	139
10379	96
10380	17
10381	8
10382	7
10383	125
10384	29
10385	23
10386	14
10387	51
10388	6
10389	23
10390	9
10391	77
10392	3
10393	17
10394	128
10395	68
10396	27
10397	143
10398	24
10399	4
10400	13
10401	72
10402	120
10403	4
10404	6
10405	7
10406	15
10407	2
10408	5
10409	49
10410	83
10411	33
10412	9
10413	25
10414	80
10415	11
10416	67
10417	11
10418	119
10419	25
10420	19
10421	103
10422	13
10423	89
10424	6
10425	11
10426	210
10427	36
10428	12
10430	70
10431	17
10432	18
10433	88
10434	96
10435	22
10436	137
10437	25
10438	22
10439	5
10440	12
10441	22
10442	2
10443	9
10444	126
10445	102
10446	201
10447	36
10448	76
10449	9
10450	59
10451	97
10452	15
10453	65
10454	12
10455	12
10456	11
10457	35
10458	10
10459	59
10460	14
10461	25
10462	65
10464	24
10465	5
10466	60
10467	3
10468	7
10469	169
10470	9
10471	12
10472	33
10473	76
10474	2
10475	5
10476	24
10477	12
10478	12
10479	12
10480	18
10481	86
10482	5
10483	63
10484	2
10485	28
10486	17
10487	2
10488	4
10489	16
10490	83
10491	24
10492	5
10493	5
10494	7
10496	4
10497	22
10498	11
10499	179
10500	10
10501	4
10502	4
10503	4
10504	13
10505	19
10506	20
10507	12
10508	149
10510	9
10511	11
10512	13
10513	14
10514	32
10515	3
10516	18
10517	128
10518	22
10520	124
10521	14
10522	12
10523	16
10524	133
10525	72
10526	9
10528	143
10529	95
10530	12
10531	21
10532	113
10533	133
10534	75
10535	29
10536	11
10537	39
10538	67
10539	39
10540	105
10541	26
10542	89
10543	149
10545	8
10546	28
10547	3
10548	11
10549	55
10550	23
10551	63
10553	9
10554	37
10555	11
10556	159
10557	57
10558	68
10559	23
10561	2
10562	2
10563	31
10564	2
10565	16
10567	13
10568	32
10569	80
10570	29
10571	20
10572	2
10573	10
10574	2
10575	39
10576	36
10577	27
10578	12
10579	65
10580	94
10582	195
10583	23
10584	62
10585	3
10586	109
10587	61
10588	55
10589	123
10590	16
10591	17
10592	9
10593	81
10594	120
10595	11
10596	22
10597	28
10598	18
10599	42
10600	10
10601	223
10602	3
10603	24
10604	29
10605	175
10606	163
10607	168
10608	6
10609	27
10610	29
10611	8
10612	2
10613	4
10614	86
10615	183
10616	12
10617	29
10618	5
10619	28
10620	145
10621	29
10622	11
10623	15
10624	8
10625	24
10626	19
10627	48
10628	23
10629	26
10630	21
10631	22
10632	124
10633	16
10634	147
10635	50
10636	9
10637	20
10638	47
10639	119
10640	48
10641	2
10642	34
10643	170
10644	4
10646	21
10647	11
10648	29
10649	8
10650	67
10651	79
10652	16
10653	16
10654	105
10655	6
10656	3
10657	10
10658	24
10659	12
10660	47
10661	53
10662	26
10663	39
10664	157
10665	22
10666	26
10667	10
10668	54
10669	18
10670	84
10671	120
10672	102
10673	50
10674	44
10675	4
10676	150
10677	334
10678	8
10679	110
10680	96
10681	14
10682	4
10683	80
10685	19
10686	5
10687	21
10688	9
10689	12
10690	7
10691	4
10692	34
10693	4
10694	14
10695	98
10696	118
10698	4
10699	12
10700	16
10701	3
10702	6
10703	28
10704	6
10705	20
10706	30
10707	15
10708	26
10709	12
10710	23
10711	120
10712	10
10713	40
10714	113
10715	16
10716	7
10717	23
10718	19
10719	32
10720	12
10721	13
10722	2
10723	38
10724	10
10725	174
10726	3
10727	9
10728	12
10729	171
10730	2
10732	17
10733	15
10734	13
10735	6
10736	29
10737	10
10739	29
10740	91
10741	24
10742	3
10743	95
10744	8
10745	7
10746	6
10747	12
10748	13
10749	5
10750	3
10751	28
10752	156
10753	98
10754	64
10755	101
10756	25
10757	12
10758	3
10759	123
10760	36
10761	29
10762	213
10763	41
10764	34
10765	2
10768	29
10769	2
10770	33
10771	2
10772	2
10773	180
10774	155
10775	17
10776	20
10777	9
10778	12
10779	17
10780	10
10781	33
10782	2
10783	25
10784	181
10785	22
10787	2
10788	73
10789	100
10790	76
10791	41
10792	12
10793	105
10794	10
10795	119
10796	7
10797	12
10798	43
10799	95
10800	67
10801	74
10802	62
10803	26
10804	22
10805	4
10806	2
10807	25
10808	5
10809	12
10810	2
10811	5
10812	3
10813	181
10814	7
10815	56
10817	2
10818	136
10820	7
10821	2
10822	2
10823	110
10824	51
10825	36
10826	24
10827	4
10828	2
10829	41
10830	93
10831	94
10832	6
10833	141
10835	7
10836	14
10837	20
10838	47
10839	7
10840	19
10841	33
10842	108
10843	22
10844	2
10845	26
10846	55
10847	105
10848	33
10849	4
10850	76
10851	150
10852	2
10853	40
10854	7
10855	15
10856	190
10857	128
10858	21
10859	155
10860	21
10861	4
10862	11
10863	112
10864	34
10865	127
10866	22
10867	162
10868	29
10869	74
10870	22
10872	7
10873	44
10874	26
10875	18
10876	12
10877	8
10878	99
10879	6
10880	15
10881	15
10882	21
10883	11
10884	41
10885	96
10886	73
10887	38
10888	22
10889	26
10890	97
10891	18
10892	19
10893	31
10894	36
10895	2
10896	39
10898	135
10899	32
10900	24
10901	33
10902	3
10903	3
10905	44
10906	15
10907	12
10908	46
10909	4
10910	12
10911	37
10912	30
10913	77
10914	24
10915	102
10916	32
10917	21
10918	26
10919	5
10920	20
10921	72
10922	9
10923	10
10924	22
10925	41
10926	87
10927	22
10928	84
10929	5
10930	14
10931	25
10932	9
10933	22
10934	5
10935	15
10936	4
10937	66
10938	8
10939	12
10940	32
10941	15
10943	10
10944	19
10945	157
10946	7
10947	103
10948	52
10949	57
10950	23
10951	22
10952	4
10953	34
10954	3
10955	11
10956	23
10957	3
10958	178
10959	6
10960	25
10962	158
10963	20
10964	89
10965	5
10966	24
10967	12
10968	2
10969	100
10970	21
10971	5
10972	28
10973	15
10974	38
10975	101
10976	3
10977	17
10978	19
10979	12
10980	12
10981	13
10982	135
10983	16
10984	9
10985	138
10986	4
10987	10
10988	134
10989	39
10990	259
10991	34
10992	32
10993	2
10994	116
10995	59
10996	205
10997	90
10998	38
10999	90
11000	7
11001	9
11003	38
11004	105
11005	3
11006	9
11007	40
11008	13
11009	15
11010	2
11012	132
11013	4
11014	29
11015	65
11016	162
11017	9
11018	19
11019	25
11020	3
11021	15
11022	33
11023	17
11024	32
11025	86
11026	31
11027	202
11028	10
11029	10
11030	64
11031	119
11032	152
11033	6
11034	42
11035	96
11036	177
11037	56
11038	10
11040	41
11041	16
11042	6
11043	34
11044	33
11045	83
11046	20
11047	12
11048	36
11049	18
11050	193
11051	89
11052	33
11053	87
11054	108
11056	67
11057	85
11059	3
11060	7
11061	124
11063	5
11064	3
11065	2
11067	161
11068	57
11069	5
11070	169
11071	173
11072	19
11073	16
11074	76
11075	7
11076	16
11077	9
11078	8
11080	6
11081	39
11082	114
11083	163
11085	6
11086	25
11087	56
11088	144
11090	155
11092	200
11093	3
11094	4
11095	15
11096	12
11097	41
11098	11
11099	32
11100	12
11101	9
11103	12
11104	15
11105	37
11106	34
11107	15
11108	24
11109	8
11111	2
11112	42
11113	3
11114	9
11116	22
11117	91
11118	104
11119	19
11120	25
11121	2
11122	19
11123	31
11124	7
11125	123
11126	106
11127	20
11128	22
11129	162
11130	35
11132	16
11133	22
11134	9
11136	35
11137	21
11138	38
11139	141
11140	7
11142	34
11143	55
11144	32
11145	3
11146	114
11147	99
11148	9
11149	12
11150	117
11151	42
11152	3
11153	6
11154	4
11155	12
11156	12
11158	31
11159	3
11160	50
11161	19
11162	73
11163	91
11164	12
11165	21
11166	128
11167	19
11168	40
11169	24
11170	23
11171	17
11172	19
11173	63
11174	37
11175	8
11176	2
11177	21
11178	55
11179	191
11180	2
11181	139
11182	38
11183	16
11184	126
11186	4
11187	119
11188	31
11189	119
11190	13
11191	9
11192	77
11193	2
11194	30
11195	56
11196	2
11197	38
11198	3
11199	8
11200	2
11201	2
11202	17
11203	7
11204	12
11205	43
11206	95
11207	26
11208	18
11209	47
11210	122
11211	79
11212	134
11213	118
11214	146
11215	3
11216	11
11217	21
11219	26
11220	20
11221	115
11222	19
11224	11
11225	3
11226	20
11227	39
11228	10
11229	186
11230	31
11231	54
11232	40
11233	27
11234	22
11235	17
11236	20
11237	45
11239	22
11240	116
11241	244
11242	22
11243	134
11244	11
11245	17
11246	124
11247	4
11249	17
11250	31
11251	13
11252	19
11253	9
11254	12
11255	23
11256	2
11257	23
11258	67
11259	13
11260	10
11261	24
11262	94
11263	25
11264	16
11265	8
11266	5
11267	16
11268	27
11269	7
11270	7
11271	258
11272	97
11273	2
11274	8
11275	8
11276	5
11278	4
11279	40
11280	71
11281	16
11282	29
11283	28
11284	181
11285	25
11286	25
11287	13
11288	45
11289	12
11290	2
11291	94
11292	70
11293	17
11294	9
11295	10
11296	2
11297	24
11298	7
11299	3
11300	8
11301	12
11302	35
11303	20
11304	46
11305	25
11306	8
11307	38
11308	96
11309	50
11310	18
11311	127
11312	129
11313	126
11314	5
11315	11
11316	102
11317	19
11318	12
11319	44
11320	119
11321	88
11322	47
11323	100
11324	131
11325	5
11326	24
11327	2
11328	25
11329	192
11330	18
11332	83
11333	13
11334	95
11335	28
11336	157
11337	110
11338	33
11339	13
11340	24
11341	64
11342	60
11343	38
11344	199
11345	9
11346	2
11347	186
11348	23
11349	138
11350	13
11351	50
11352	93
11353	30
11354	28
11355	11
11356	19
11357	135
11358	13
11359	13
11360	7
11361	8
11362	3
11363	30
11364	16
11365	8
11366	33
11367	65
11368	70
11369	5
11370	18
11371	103
11373	107
11374	7
11375	41
11376	6
11377	143
11378	37
11379	76
11380	140
11381	38
11382	100
11383	14
11384	5
11385	65
11386	26
11388	22
11389	16
11390	92
11391	14
11392	43
11393	101
11394	39
11395	18
11396	44
11397	4
11398	107
11400	154
11401	5
11402	5
11403	4
11404	23
11405	48
11406	72
11407	87
11408	275
11409	23
11410	68
11411	6
11412	23
11413	21
11414	8
11415	18
11416	2
11417	45
11418	5
11419	67
11420	8
11421	10
11422	17
11423	46
11424	18
11425	12
11426	22
11427	8
11428	8
11429	12
11431	20
11432	66
11433	25
11434	15
11435	135
11436	11
11437	22
11438	157
11439	17
11440	8
11441	21
11442	32
11443	3
11444	12
11445	19
11446	100
11447	13
11448	2
11449	17
11450	97
11451	22
11452	32
11453	24
11454	88
11455	5
11456	10
11457	119
11458	9
11459	16
11460	115
11461	106
11462	39
11463	18
11465	126
11466	4
11468	2
11469	29
11470	11
11471	14
11472	52
11473	4
11474	9
11475	41
11476	217
11477	122
11478	5
11479	12
11480	28
11481	17
11482	120
11483	32
11484	26
11486	37
11487	116
11488	28
11489	58
11490	91
11491	26
11494	114
11495	6
11496	33
11497	39
11498	44
11499	23
11500	6
11501	152
11502	21
11503	2
11504	20
11505	104
11506	73
11507	28
11508	29
11509	29
11510	84
11511	4
11512	10
11513	118
11514	37
11515	24
11516	12
11517	14
11518	30
11519	12
11520	51
11521	62
11522	53
11523	31
11524	3
11525	12
11526	2
11527	18
11528	12
11529	15
11530	2
11532	16
11533	4
11534	28
11535	92
11536	88
11537	23
11538	2
11539	16
11540	108
11541	5
11542	2
11544	46
11545	2
11546	2
11547	148
11548	27
11549	3
11550	146
11551	6
11552	50
11553	51
11554	132
11555	24
11556	2
11557	23
11558	45
11559	19
11560	5
11561	10
11562	3
11563	7
11564	8
11565	18
11566	17
11567	150
11568	46
11569	6
11570	131
11571	25
11572	67
11573	25
11574	15
11575	142
11576	180
11577	43
11578	38
11579	9
11580	155
11581	137
11582	4
11583	28
11584	14
11585	27
11586	3
11587	90
11588	2
11589	29
11590	82
11591	9
11592	16
11594	2
11595	24
11596	12
11597	16
11598	23
11599	17
11601	199
11602	29
11603	22
11604	23
11605	27
11606	57
11607	127
11608	201
11609	18
11610	121
11611	6
11612	44
11614	125
11615	5
11616	11
11617	26
11618	47
11619	15
11620	7
11621	224
11622	76
11623	76
11624	67
11625	210
11626	3
11627	34
11628	106
11629	141
11631	12
11632	97
11633	134
11634	50
11635	118
11636	8
11637	59
11638	15
11639	17
11640	31
11641	8
11642	35
11643	212
11644	26
11645	72
11646	13
11647	42
11648	64
11649	129
11650	23
11651	25
11652	17
11653	2
11654	16
11655	204
11656	14
11657	38
11658	21
11659	37
11660	127
11661	3
11662	13
11663	30
11664	124
11665	28
11666	183
11667	41
11668	33
11669	15
11670	12
11671	260
11672	67
11673	29
11674	19
11675	18
11676	22
11677	44
11678	205
11679	106
11680	102
11681	14
11682	19
11683	20
11684	14
11685	115
11686	15
11687	17
11688	9
11689	40
11690	16
11691	116
11692	146
11693	20
11694	5
11695	9
11696	4
11697	46
11698	113
11699	43
11700	3
11702	2
11703	10
11704	5
11705	13
11706	38
11707	7
11708	11
11709	17
11710	28
11711	11
11712	9
11713	5
11714	43
11715	36
11716	24
11717	2
11718	4
11719	22
11720	2
11721	53
11722	4
11723	19
11724	12
11725	147
11726	37
11727	95
11728	122
11729	8
11730	21
11731	67
11732	25
11733	30
11734	3
11735	4
11736	28
11737	12
11738	13
11739	22
11740	15
11741	138
11742	3
11743	13
11744	14
11745	12
11746	31
11747	3
11748	4
11749	2
11750	12
11751	113
11752	46
11753	46
11754	79
11756	14
11757	11
11758	25
11759	3
11760	2
11761	53
11762	101
11763	18
11764	3
11765	38
11766	59
11767	105
11768	36
11770	73
11771	121
11772	22
11773	129
11774	28
11775	4
11776	14
11777	25
11778	93
11779	6
11780	8
11781	192
11782	25
11783	347
11784	9
11785	90
11786	23
11787	113
11788	14
11789	142
11790	6
11791	184
11792	13
11793	8
11794	208
11795	19
11796	3
11797	12
11798	5
11799	34
11800	4
11801	202
11802	22
11803	12
11804	104
11806	143
11807	9
11808	140
11809	6
11810	90
11811	26
11812	7
11813	31
11814	7
11815	29
11816	163
11817	128
11818	4
11819	12
11820	22
11821	40
11822	14
11823	5
11824	74
11825	59
11826	84
11827	10
11828	37
11829	41
11830	13
11831	46
11832	254
11833	30
11834	185
11835	7
11836	68
11837	149
11838	28
11839	42
11840	65
11841	12
11842	2
11843	23
11844	2
11845	27
11846	143
11847	5
11848	23
11849	32
11850	21
11851	39
11852	3
11853	7
11854	19
11855	41
11856	54
11857	25
11858	13
11859	323
11860	5
11861	42
11862	21
11863	139
11864	4
11865	13
11866	12
11867	9
11868	88
11869	2
11871	10
11872	202
11873	18
11875	81
11876	100
11877	2
11878	27
11879	64
11880	13
11881	74
11882	11
11884	34
11885	9
11886	38
11887	100
11888	36
11889	83
11890	27
11891	36
11892	30
11893	28
11894	147
11895	40
11896	125
11897	80
11899	150
11900	65
11901	3
11902	88
11903	12
11904	8
11905	5
11906	25
11907	21
11908	11
11909	12
11910	57
11911	51
11912	226
11913	4
11914	9
11915	16
11916	38
11917	7
11918	136
11919	12
11920	11
11921	79
11922	6
11923	21
11924	6
11925	158
11926	19
11927	2
11929	18
11930	104
11932	50
11933	2
11934	38
11935	19
11936	2
11937	2
11938	2
11939	83
11940	21
11941	80
11943	46
11944	4
11945	22
11946	89
11947	11
11948	5
11949	22
11950	27
11951	13
11952	47
11953	165
11954	4
11955	8
11956	15
11957	12
11958	31
11959	7
11960	36
11961	50
11962	60
11963	4
11964	19
11965	25
11966	11
11967	13
11969	31
11970	8
11971	40
11972	141
11973	9
11974	3
11975	25
11976	8
11977	77
11978	151
11979	8
11980	19
11981	167
11982	24
11984	8
11985	19
11986	9
11987	4
11988	147
11989	10
11990	4
11991	54
11992	6
11993	10
11994	3
11995	13
11996	137
11997	20
11998	5
11999	51
12000	106
12001	32
12002	2
12003	37
12004	94
12005	2
12006	32
12007	7
12008	206
12009	2
12010	23
12011	3
12012	130
12013	4
12014	92
12015	6
12016	34
12017	4
12018	17
12019	76
12020	3
12021	12
12022	2
12024	24
12025	6
12026	15
12027	9
12028	19
12029	114
12030	106
12031	86
12032	4
12033	39
12034	118
12035	111
12036	4
12037	58
12038	19
12039	4
12040	9
12041	120
12042	22
12043	18
12044	48
12045	33
12046	17
12047	100
12048	108
12049	7
12050	2
12051	7
12052	49
12053	31
12054	174
12055	12
12056	78
12057	12
12058	3
12059	151
12060	43
12061	5
12062	186
12063	151
12064	17
12065	8
12066	27
12068	33
12069	8
12070	13
12071	8
12072	5
12073	186
12074	54
12075	84
12076	42
12077	21
12078	18
12079	210
12080	26
12081	29
12082	2
12083	77
12084	97
12085	21
12086	10
12087	35
12088	139
12089	242
12090	139
12091	179
12093	21
12094	79
12095	9
12096	137
12097	23
12098	3
12099	54
12100	19
12101	25
12102	44
12103	18
12104	23
12105	21
12106	12
12107	33
12108	13
12109	13
12110	21
12111	105
12112	12
12113	16
12114	11
12115	111
12116	211
12117	17
12118	4
12119	21
12120	121
12121	94
12122	24
12123	23
12124	10
12125	52
12126	51
12127	214
12128	118
12129	12
12130	256
12131	36
12132	17
12133	6
12134	129
12135	24
12136	34
12137	3
12138	5
12139	9
12140	50
12141	31
12142	13
12143	18
12145	2
12146	135
12147	70
12148	5
12149	27
12150	199
12151	12
12152	50
12153	88
12154	4
12155	18
12156	2
12157	23
12158	3
12159	9
12160	31
12161	8
12162	3
12163	10
12164	46
12165	28
12166	50
12167	60
12168	43
12169	29
12170	12
12171	14
12172	25
12173	41
12174	31
12175	284
12176	5
12177	6
12178	14
12180	74
12181	12
12182	15
12183	15
12184	78
12185	7
12186	21
12187	4
12188	9
12189	35
12190	93
12191	3
12192	23
12193	32
12194	13
12195	26
12196	3
12197	51
12198	4
12199	40
12200	100
12201	15
12202	4
12203	19
12204	25
12205	31
12206	40
12207	6
12208	19
12209	10
12210	16
12211	24
12212	11
12213	109
12214	16
12215	6
12216	5
12217	153
12218	172
12219	28
12221	93
12222	6
12223	11
12224	19
12225	127
12226	98
12227	26
12228	69
12229	21
12230	90
12231	84
12232	7
12233	6
12234	9
12235	24
12236	20
12237	19
12238	126
12239	3
12240	7
12241	23
12242	3
12243	144
12246	5
12247	37
12248	35
12249	150
12250	11
12251	20
12252	47
12253	8
12254	185
12255	140
12256	195
12257	33
12258	100
12259	21
12260	22
12261	169
12262	239
12263	98
12264	154
12265	199
12266	7
12267	30
12268	15
12269	146
12270	159
12271	3
12272	148
12273	159
12274	2
12275	30
12276	220
12278	123
12279	217
12280	7
12281	193
12282	13
12283	12
12284	10
12285	73
12286	51
12287	17
12288	27
12289	145
12290	218
12291	50
12292	20
12293	8
12295	164
12296	14
12297	3
12299	15
12300	90
12302	22
12303	35
12304	13
12305	38
12306	94
12307	160
12308	59
12309	15
12310	4
12311	5
12312	5
12313	12
12314	2
12315	11
12316	10
12317	5
12318	37
12319	100
12320	134
12321	2
12322	2
12323	44
12324	94
12325	29
12326	14
12327	13
12328	153
12329	26
12330	25
12331	74
12332	13
12333	2
12334	103
12335	8
12336	17
12337	36
12338	8
12339	95
12340	32
12341	9
12342	54
12343	92
12344	9
12345	12
12346	37
12347	3
12348	3
12349	14
12350	68
12351	220
12352	5
12353	114
12354	38
12355	8
12356	163
12357	25
12358	102
12359	9
12360	15
12361	5
12362	16
12363	7
12364	73
12365	18
12366	17
12367	10
12368	3
12369	19
12370	17
12371	3
12372	19
12373	141
12374	9
12375	6
12376	3
12377	47
12378	32
12379	39
12380	123
12381	6
12382	154
12383	3
12384	93
12385	37
12386	42
12387	83
12388	2
12389	130
12390	5
12391	6
12392	4
12393	6
12394	20
12395	41
12396	10
12397	52
12398	19
12399	23
12400	132
12402	6
12403	100
12404	21
12405	36
12406	75
12407	14
12408	96
12410	48
12411	11
12412	28
12413	31
12414	35
12416	23
12417	11
12418	16
12419	111
12420	4
12421	21
12422	6
12424	2
12425	2
12426	2
12427	78
12428	4
12429	26
12430	3
12431	5
12432	9
12433	5
12434	13
12435	16
12436	21
12437	165
12438	20
12439	116
12440	19
12441	3
12442	24
12443	20
12444	3
12445	5
12446	13
12448	12
12449	20
12450	13
12452	8
12453	5
12454	31
12455	5
12456	16
12457	111
12458	13
12459	6
12460	2
12461	17
12462	76
12464	4
12465	2
12466	4
12467	5
12468	13
12470	3
12471	5
12472	5
12473	10
12474	96
12475	19
12476	2
