0	40
1	22
2	25
3	23
4	22
5	23
6	23
7	26
8	23
9	35
10	42
11	23
12	52
13	53
14	27
15	47
16	45
17	22
18	24
19	23
20	23
21	45
22	25
23	24
24	23
25	24
26	32
27	22
28	25
29	24
30	22
31	25
32	41
33	26
34	22
35	27
36	24
37	27
38	24
39	44
40	35
41	25
42	24
43	27
44	23
45	24
46	27
47	38
48	23
49	23
50	28
51	28
52	31
53	42
54	24
55	24
56	23
57	25
58	22
59	22
60	26
61	62
62	25
63	24
64	23
65	23
66	22
67	23
68	23
69	25
70	26
71	23
72	23
73	23
74	23
75	22
76	46
77	29
78	37
79	25
80	24
81	42
82	27
83	28
84	22
85	52
86	23
87	25
88	10
89	27
90	33
91	26
92	24
93	17
94	45
95	24
96	23
97	24
98	24
99	48
100	35
101	26
102	30
103	25
104	30
105	24
106	36
107	22
108	28
109	35
110	24
111	23
112	26
113	43
114	35
115	27
116	24
117	24
118	27
119	22
120	23
121	27
122	23
123	27
124	25
125	22
126	37
127	36
128	22
129	36
130	23
131	49
132	26
133	31
134	40
135	28
136	23
137	24
138	42
139	35
140	27
141	32
142	24
143	35
144	25
145	22
146	24
147	35
148	59
149	26
150	23
151	27
152	28
153	33
154	25
155	28
156	25
157	49
158	24
159	23
160	49
161	28
162	44
163	26
164	44
165	43
166	25
167	22
168	37
169	24
170	23
171	25
172	24
173	27
174	27
175	27
176	37
177	28
178	24
179	49
180	22
181	23
182	51
183	24
184	23
185	35
186	25
187	24
188	22
189	25
190	34
191	24
192	27
193	24
194	33
195	23
196	25
197	24
198	26
199	54
200	24
201	24
202	22
203	32
204	35
205	23
206	28
207	23
208	23
209	26
210	22
211	23
212	26
213	43
214	36
215	25
216	25
217	28
218	33
219	30
220	29
221	28
222	26
223	29
224	28
225	37
226	29
227	41
228	23
229	23
230	28
231	45
232	26
233	25
234	44
235	36
236	24
237	23
238	23
239	22
240	26
241	26
242	25
243	26
244	26
245	25
246	24
247	23
248	25
249	23
250	34
251	26
252	24
253	27
254	22
255	23
256	25
257	27
258	24
259	30
260	45
261	26
262	31
263	24
264	24
265	24
266	35
267	34
268	27
269	23
270	26
271	29
272	40
273	22
274	46
275	23
276	23
277	25
278	22
279	26
280	25
281	22
282	23
283	26
284	28
285	37
286	24
287	28
288	38
289	27
290	24
291	31
292	33
293	22
294	24
295	23
296	24
297	25
298	25
299	52
300	36
301	25
302	22
303	25
304	33
305	22
306	28
307	25
308	24
309	39
310	67
311	29
312	32
313	23
314	23
315	24
316	56
317	25
318	30
319	48
320	23
321	25
322	54
323	32
324	23
325	32
326	65
327	25
328	24
329	27
330	22
331	23
332	28
333	29
334	38
335	26
336	24
337	43
338	23
339	47
340	23
341	42
342	23
343	23
344	25
345	22
346	24
347	29
348	23
349	50
350	25
351	28
352	34
353	25
354	23
355	24
356	23
357	8
358	40
359	37
360	22
361	25
362	29
363	37
364	23
365	22
366	48
367	26
368	38
369	24
370	22
371	43
372	48
373	23
374	33
375	23
376	6
377	34
378	22
379	27
380	22
381	25
382	23
383	42
384	25
385	24
386	23
387	26
388	25
389	23
390	23
391	26
392	71
393	26
394	23
395	22
396	24
397	24
398	53
399	29
400	28
401	23
402	24
403	23
404	29
405	38
406	36
407	23
408	23
409	24
410	34
411	26
412	33
413	31
414	40
415	37
416	44
417	23
418	25
419	75
420	42
421	28
422	46
423	25
424	29
425	46
426	26
427	35
428	44
429	38
430	45
431	52
432	27
433	25
434	27
435	46
436	52
437	26
438	24
439	22
440	23
441	36
442	24
443	28
444	36
445	25
446	24
447	22
448	23
449	25
450	23
451	23
452	24
453	35
454	26
455	27
456	22
457	25
458	36
459	23
460	23
461	35
462	23
463	23
464	22
465	37
466	25
467	36
468	26
469	23
470	24
471	38
472	34
473	23
474	40
475	25
476	14
477	25
478	25
479	27
480	22
481	27
482	54
483	27
484	23
485	29
486	42
487	23
488	22
489	24
490	27
491	34
492	22
493	52
494	23
495	35
496	23
497	44
498	24
499	45
500	48
501	25
502	22
503	25
504	24
505	26
506	37
507	34
508	26
509	27
510	40
511	24
512	22
513	46
514	24
515	27
516	39
517	27
518	24
519	23
520	23
521	33
522	24
523	25
524	42
525	26
526	23
527	44
528	33
529	22
530	22
531	24
532	34
533	22
534	39
535	34
536	25
537	23
538	4
539	54
540	49
541	25
542	30
543	41
544	44
545	36
546	22
547	23
548	23
549	23
550	26
551	31
552	39
553	41
554	23
555	27
556	28
557	23
558	23
559	23
560	23
561	26
562	27
563	32
564	36
565	38
566	26
567	23
568	25
569	31
570	30
571	38
572	27
573	24
574	23
575	23
576	38
577	24
578	28
579	45
580	31
581	38
582	26
583	37
584	27
585	23
586	34
587	25
588	23
589	23
590	48
591	22
592	38
593	23
594	23
595	23
596	33
597	23
598	23
599	52
600	44
601	23
602	42
603	23
604	23
605	23
606	22
607	24
608	22
609	23
610	29
611	41
612	23
613	26
614	27
615	39
616	24
617	24
618	56
619	39
620	24
621	26
622	33
623	24
624	24
625	34
626	28
627	37
628	34
629	35
630	22
631	23
632	37
633	25
634	24
635	22
636	25
637	36
638	25
639	24
640	24
641	37
642	22
643	30
644	37
645	28
646	37
647	40
648	24
649	41
650	27
651	23
652	36
653	26
654	35
655	27
656	36
657	22
658	23
659	22
660	29
661	39
662	24
663	25
664	23
665	22
666	35
667	24
668	28
669	22
670	22
671	24
672	23
673	46
674	34
675	46
676	25
677	29
678	22
679	25
680	43
681	36
682	51
683	29
684	22
685	27
686	26
687	25
688	24
689	27
690	27
691	23
692	23
693	40
694	56
695	34
696	25
697	23
698	29
699	40
700	36
701	23
702	46
703	27
704	23
705	26
706	25
707	25
708	44
709	22
710	22
711	28
712	51
713	23
714	22
715	24
716	22
717	35
718	22
719	26
720	23
721	25
722	35
723	23
724	31
725	42
726	23
727	22
728	22
729	23
730	23
731	22
732	23
733	22
734	35
735	25
736	25
737	25
738	34
739	22
740	28
741	39
742	37
743	24
744	26
745	28
746	23
747	23
748	22
749	25
750	23
751	22
752	34
753	54
754	22
755	38
756	43
757	27
758	23
759	43
760	27
761	34
762	29
763	25
764	23
765	26
766	28
767	34
768	29
769	23
770	27
771	24
772	25
773	52
774	33
775	23
776	26
777	24
778	44
779	20
780	23
781	23
782	24
783	44
784	23
785	26
786	26
787	34
788	22
789	23
790	28
791	52
792	23
793	22
794	22
795	52
796	27
797	25
798	25
799	45
800	25
801	25
802	38
803	23
804	25
805	26
806	28
807	32
808	44
809	26
810	26
811	34
812	23
813	29
814	38
815	25
816	24
817	26
818	20
819	23
820	39
821	23
822	25
823	33
824	60
825	28
826	41
827	38
828	45
829	31
830	23
831	52
832	24
833	23
834	24
835	26
836	31
837	25
838	27
839	27
840	34
841	27
842	35
843	27
844	25
845	23
846	46
847	42
848	24
849	42
850	34
851	25
852	24
853	23
854	23
855	34
856	48
857	22
858	23
859	22
860	28
861	23
862	25
863	27
864	28
865	25
866	24
867	48
868	25
869	39
870	26
871	46
872	39
873	23
874	25
875	24
876	25
877	25
878	24
879	44
880	24
881	13
882	28
883	35
884	50
885	27
886	26
887	25
888	22
889	26
890	34
891	22
892	26
893	25
894	25
895	23
896	35
897	44
898	22
899	24
900	26
901	23
902	53
903	37
904	47
905	42
906	23
907	24
908	34
909	24
910	5
911	40
912	23
913	22
914	23
915	23
916	23
917	6
918	24
919	24
920	23
921	23
922	27
923	39
924	26
925	27
926	24
927	34
928	22
929	33
930	27
931	27
932	23
933	44
934	26
935	35
936	54
937	42
938	28
939	34
940	23
941	24
942	38
943	25
944	39
945	24
946	22
947	25
948	42
949	27
950	23
951	23
952	22
953	25
954	25
955	48
956	25
957	22
958	39
959	26
960	25
961	27
962	34
963	3
964	26
965	27
966	26
967	28
968	39
969	23
970	23
971	23
972	24
973	23
974	26
975	23
976	24
977	22
978	25
979	42
980	25
981	38
982	22
983	25
984	26
985	27
986	24
987	23
988	25
989	44
990	25
991	30
992	40
993	25
994	23
995	25
996	56
997	22
998	24
999	23
1000	48
1001	24
1002	35
1003	58
1004	39
1005	23
1006	43
1007	29
1008	40
1009	53
1010	23
1011	24
1012	22
1013	30
1014	36
1015	28
1016	23
1017	30
1018	23
1019	24
1020	27
1021	23
1022	27
1023	27
1024	23
1025	23
1026	23
1027	34
1028	26
1029	43
1030	28
1031	24
1032	22
1033	24
1034	41
1035	28
1036	26
1037	26
1038	23
1039	32
1040	22
1041	31
1042	27
1043	31
1044	42
1045	47
1046	22
1047	25
1048	55
1049	26
1050	22
1051	25
1052	48
1053	28
1054	28
1055	24
1056	24
1057	25
1058	46
1059	23
1060	23
1061	23
1062	27
1063	23
1064	23
1065	30
1066	42
1067	23
1068	28
1069	42
1070	22
1071	24
1072	50
1073	28
1074	25
1075	26
1076	23
1077	28
1078	22
1079	33
1080	4
1081	24
1082	24
1083	23
1084	26
1085	23
1086	27
1087	22
1088	36
1089	23
1090	26
1091	23
1092	26
1093	27
1094	26
1095	23
1096	26
1097	30
1098	38
1099	24
1100	23
1101	28
1102	37
1103	28
1104	39
1105	25
1106	25
1107	24
1108	31
1109	22
1110	23
1111	24
1112	23
1113	26
1114	29
1115	36
1116	23
1117	24
1118	23
1119	46
1120	29
1121	23
1122	23
1123	23
1124	23
1125	23
1126	23
1127	32
1128	25
1129	22
1130	24
1131	25
1132	48
1133	23
1134	26
1135	23
1136	30
1137	42
1138	27
1139	46
1140	28
1141	35
1142	35
1143	23
1144	23
1145	38
1146	34
1147	24
1148	44
1149	22
1150	25
1151	25
1152	38
1153	36
1154	23
1155	28
1156	40
1157	23
1158	23
1159	26
1160	31
1161	28
1162	22
1163	25
1164	42
1165	22
1166	22
1167	22
1168	48
1169	25
1170	34
1171	28
1172	22
1173	26
1174	23
1175	23
1176	23
1177	35
1178	29
1179	41
1180	27
1181	44
1182	46
1183	23
1184	24
1185	28
1186	44
1187	22
1188	26
1189	25
1190	22
1191	24
1192	28
1193	36
1194	22
1195	34
1196	25
1197	53
1198	32
1199	25
1200	28
1201	34
1202	24
1203	34
1204	28
1205	48
1206	24
1207	24
1208	25
1209	39
1210	24
1211	23
1212	22
1213	26
1214	35
1215	36
1216	26
1217	26
1218	24
1219	37
1220	24
1221	48
1222	25
1223	37
1224	28
1225	27
1226	36
1227	53
1228	24
1229	27
1230	28
1231	23
1232	23
1233	23
1234	23
1235	26
1236	53
1237	26
1238	26
1239	48
1240	29
1241	32
1242	23
1243	24
1244	37
1245	24
1246	22
1247	23
1248	22
1249	22
1250	25
1251	23
1252	35
1253	22
1254	23
1255	34
1256	27
1257	36
1258	24
1259	27
1260	22
1261	24
1262	22
1263	24
1264	22
1265	23
1266	22
1267	24
1268	26
1269	24
1270	6
1271	26
1272	46
1273	23
1274	38
1275	23
1276	44
1277	26
1278	25
1279	23
1280	55
1281	24
1282	22
1283	24
1284	24
1285	50
1286	27
1287	26
1288	25
1289	30
1290	25
1291	27
1292	23
1293	26
1294	24
1295	23
1296	23
1297	24
1298	24
1299	24
1300	23
1301	43
1302	25
1303	34
1304	22
1305	26
1306	23
1307	25
1308	40
1309	55
1310	25
1311	25
1312	34
1313	30
1314	39
1315	31
1316	24
1317	23
1318	26
1319	33
1320	48
1321	23
1322	23
1323	23
1324	34
1325	36
1326	29
1327	41
1328	22
1329	28
1330	40
1331	27
1332	25
1333	28
1334	39
1335	27
1336	52
1337	37
1338	25
1339	48
1340	50
1341	31
1342	38
1343	25
1344	32
1345	44
1346	25
1347	27
1348	27
1349	47
1350	34
1351	39
1352	25
1353	22
1354	23
1355	24
1356	26
1357	46
1358	25
1359	35
1360	29
1361	26
1362	22
1363	28
1364	24
1365	45
1366	23
1367	25
1368	51
1369	35
1370	25
1371	40
1372	23
1373	23
1374	27
1375	23
1376	29
1377	30
1378	34
1379	41
1380	26
1381	23
1382	49
1383	27
1384	29
1385	23
1386	28
1387	45
1388	28
1389	24
1390	32
1391	25
1392	27
1393	36
1394	23
1395	50
1396	26
1397	46
1398	28
1399	39
1400	25
1401	22
1402	27
1403	36
1404	24
1405	25
1406	50
1407	35
1408	27
1409	25
1410	44
1411	22
1412	24
1413	28
1414	39
1415	25
1416	25
1417	26
1418	22
1419	25
1420	24
1421	24
1422	39
1423	23
1424	23
1425	23
1426	25
1427	26
1428	23
1429	27
1430	39
1431	30
1432	38
1433	48
1434	25
1435	33
1436	38
1437	25
1438	23
1439	24
1440	34
1441	40
1442	25
1443	29
1444	23
1445	22
1446	23
1447	49
1448	26
1449	28
1450	69
1451	23
1452	35
1453	35
1454	23
1455	54
1456	36
1457	37
1458	37
1459	25
1460	23
1461	23
1462	26
1463	46
1464	28
1465	29
1466	24
1467	23
1468	22
1469	31
1470	43
1471	22
1472	22
1473	35
1474	57
1475	22
1476	23
1477	25
1478	50
1479	32
1480	23
1481	25
1482	23
1483	23
1484	23
1485	29
1486	23
1487	23
1488	36
1489	41
1490	38
1491	22
1492	24
1493	22
1494	63
1495	45
1496	24
1497	22
1498	26
1499	58
1500	22
1501	22
1502	28
1503	43
1504	24
1505	47
1506	55
1507	55
1508	40
1509	29
1510	29
1511	51
1512	23
1513	25
1514	24
1515	35
1516	22
1517	23
1518	39
1519	41
1520	25
1521	35
1522	29
1523	28
1524	40
1525	35
1526	39
1527	23
1528	23
1529	23
1530	24
1531	22
1532	36
1533	25
1534	39
1535	22
1536	46
1537	26
1538	23
1539	25
1540	33
1541	23
1542	26
1543	24
1544	22
1545	22
1546	37
1547	29
1548	22
1549	23
1550	26
1551	27
1552	24
1553	23
1554	24
1555	44
1556	25
1557	23
1558	26
1559	25
1560	47
1561	22
1562	33
1563	22
1564	24
1565	38
1566	22
1567	42
1568	23
1569	23
1570	24
1571	17
1572	22
1573	43
1574	56
1575	25
1576	12
1577	22
1578	25
1579	25
1580	23
1581	25
1582	24
1583	25
1584	25
1585	24
1586	23
1587	23
1588	22
1589	23
1590	50
1591	25
1592	28
1593	40
1594	28
1595	36
1596	25
1597	23
1598	39
1599	25
1600	25
1601	25
1602	47
1603	30
1604	23
1605	22
1606	22
1607	23
1608	23
1609	22
1610	34
1611	26
1612	24
1613	25
1614	25
1615	46
1616	23
1617	24
1618	26
1619	25
1620	25
1621	25
1622	22
1623	26
1624	25
1625	27
1626	39
1627	41
1628	42
1629	44
1630	40
1631	22
1632	50
1633	22
1634	23
1635	24
1636	28
1637	22
1638	23
1639	36
1640	23
1641	24
1642	22
1643	26
1644	41
1645	22
1646	29
1647	22
1648	22
1649	35
1650	47
1651	25
1652	27
1653	31
1654	23
1655	62
1656	43
1657	35
1658	25
1659	28
1660	24
1661	37
1662	28
1663	16
1664	33
1665	44
1666	24
1667	22
1668	30
1669	23
1670	23
1671	26
1672	27
1673	29
1674	32
1675	25
1676	43
1677	25
1678	24
1679	32
1680	39
1681	22
1682	26
1683	29
1684	26
1685	23
1686	25
1687	35
1688	28
1689	27
1690	37
1691	22
1692	24
1693	32
1694	53
1695	25
1696	23
1697	22
1698	25
1699	22
1700	57
1701	27
1702	35
1703	25
1704	26
1705	23
1706	26
1707	30
1708	26
1709	28
1710	29
1711	44
1712	55
1713	33
1714	22
1715	34
1716	44
1717	62
1718	48
1719	28
1720	25
1721	26
1722	32
1723	24
1724	27
1725	48
1726	24
1727	23
1728	33
1729	22
1730	23
1731	39
1732	44
1733	23
1734	40
1735	41
1736	23
1737	23
1738	23
1739	30
1740	37
1741	60
1742	40
1743	44
1744	26
1745	5
1746	29
1747	47
1748	26
1749	29
1750	27
1751	25
1752	28
1753	25
1754	28
1755	37
1756	23
1757	23
1758	23
1759	23
1760	24
1761	34
1762	23
1763	26
1764	26
1765	24
1766	25
1767	42
1768	23
1769	22
1770	25
1771	36
1772	22
1773	26
1774	23
1775	25
1776	23
1777	52
1778	39
1779	27
1780	24
1781	25
1782	24
1783	23
1784	34
1785	26
1786	43
1787	29
1788	22
1789	30
1790	48
1791	49
1792	27
1793	23
1794	22
1795	31
1796	42
1797	22
1798	58
1799	24
1800	30
1801	23
1802	23
1803	24
1804	26
1805	37
1806	28
1807	26
1808	27
1809	25
1810	37
1811	36
1812	63
1813	27
1814	38
1815	25
1816	32
1817	38
1818	22
1819	27
1820	28
1821	35
1822	33
1823	23
1824	23
1825	24
1826	53
1827	24
1828	22
1829	39
1830	27
1831	22
1832	30
1833	41
1834	28
1835	44
1836	24
1837	23
1838	26
1839	25
1840	25
1841	22
1842	32
1843	22
1844	42
1845	52
1846	27
1847	34
1848	25
1849	25
1850	24
1851	23
1852	25
1853	47
1854	23
1855	49
1856	29
1857	37
1858	23
1859	23
1860	22
1861	22
1862	26
1863	23
1864	22
1865	46
1866	29
1867	26
1868	22
1869	22
1870	22
1871	25
1872	23
1873	26
1874	32
1875	32
1876	25
1877	24
1878	24
1879	41
1880	23
1881	29
1882	25
1883	24
1884	22
1885	22
1886	26
1887	29
1888	58
1889	28
1890	23
1891	38
1892	22
1893	22
1894	24
1895	28
1896	43
1897	47
1898	22
1899	38
1900	44
1901	26
1902	22
1903	25
1904	25
1905	24
1906	27
1907	25
1908	23
1909	22
1910	52
1911	24
1912	24
1913	57
1914	45
1915	25
1916	27
1917	23
1918	27
1919	28
1920	23
1921	28
1922	25
1923	25
1924	40
1925	23
1926	28
1927	36
1928	37
1929	24
1930	6
1931	22
1932	29
1933	50
1934	25
1935	37
1936	25
1937	23
1938	28
1939	62
1940	59
1941	39
1942	37
1943	26
1944	23
1945	36
1946	22
1947	61
1948	23
1949	23
1950	22
1951	25
1952	37
1953	24
1954	24
1955	27
1956	23
1957	26
1958	29
1959	22
1960	51
1961	23
1962	23
1963	26
1964	24
1965	25
1966	23
1967	22
1968	26
1969	29
1970	48
1971	49
1972	28
1973	23
1974	22
1975	29
1976	26
1977	24
1978	23
1979	29
1980	31
1981	28
1982	46
1983	23
1984	29
1985	27
1986	27
1987	27
1988	22
1989	22
1990	36
1991	26
1992	23
1993	23
1994	26
1995	23
1996	44
1997	24
1998	23
1999	24
2000	23
2001	24
2002	22
2003	23
2004	23
2005	23
2006	29
2007	41
2008	26
2009	24
2010	27
2011	23
2012	50
2013	37
2014	38
2015	22
2016	26
2017	22
2018	23
2019	29
2020	27
2021	36
2022	22
2023	28
2024	22
2025	55
2026	23
2027	24
2028	36
2029	24
2030	38
2031	24
2032	38
2033	37
2034	28
2035	24
2036	25
2037	26
2038	15
2039	25
2040	31
2041	44
2042	23
2043	39
2044	24
2045	22
2046	43
2047	29
2048	36
2049	69
2050	30
2051	40
2052	29
2053	47
2054	23
2055	23
2056	26
2057	29
2058	37
2059	23
2060	27
2061	24
2062	26
2063	40
2064	23
2065	22
2066	37
2067	22
2068	35
2069	22
2070	23
2071	26
2072	42
2073	22
2074	34
2075	26
2076	24
2077	23
2078	27
2079	27
2080	22
2081	28
2082	37
2083	24
2084	29
2085	58
2086	50
2087	27
2088	27
2089	36
2090	22
2091	25
2092	32
2093	22
2094	29
2095	24
2096	39
2097	22
2098	42
2099	50
2100	24
2101	26
2102	22
2103	23
2104	25
2105	25
2106	42
2107	26
2108	22
2109	44
2110	23
2111	28
2112	23
2113	25
2114	22
2115	52
2116	36
2117	25
2118	22
2119	25
2120	23
2121	25
2122	23
2123	24
2124	23
2125	28
2126	23
2127	23
2128	26
2129	46
2130	27
2131	37
2132	24
2133	23
2134	48
2135	26
2136	42
2137	22
2138	22
2139	23
2140	44
2141	55
2142	26
2143	25
2144	22
2145	24
2146	31
2147	39
2148	22
2149	25
2150	24
2151	23
2152	25
2153	37
2154	40
2155	55
2156	25
2157	24
2158	28
2159	37
2160	31
2161	37
2162	28
2163	38
2164	45
2165	33
2166	25
2167	23
2168	23
2169	23
2170	26
2171	24
2172	23
2173	28
2174	42
2175	25
2176	27
2177	28
2178	24
2179	23
2180	25
2181	22
2182	23
2183	59
2184	36
2185	54
2186	26
2187	24
2188	22
2189	23
2190	30
2191	46
2192	24
2193	24
2194	36
2195	25
2196	23
2197	29
2198	24
2199	36
2200	27
2201	26
2202	22
2203	23
2204	42
2205	22
2206	23
2207	25
2208	27
2209	34
2210	25
2211	23
2212	23
2213	48
2214	27
2215	37
2216	25
2217	22
2218	24
2219	25
2220	40
2221	22
2222	23
2223	43
2224	25
2225	22
2226	33
2227	41
2228	31
2229	24
2230	24
2231	45
2232	26
2233	25
2234	24
2235	27
2236	27
2237	65
2238	23
2239	22
2240	24
2241	51
2242	50
2243	27
2244	22
2245	23
2246	23
2247	25
2248	30
2249	50
2250	43
2251	26
2252	38
2253	50
2254	32
2255	27
2256	31
2257	22
2258	25
2259	22
2260	37
2261	28
2262	29
2263	23
2264	23
2265	29
2266	24
2267	24
2268	23
2269	29
2270	35
2271	26
2272	33
2273	43
2274	22
2275	23
2276	25
2277	22
2278	25
2279	24
2280	37
2281	26
2282	23
2283	23
2284	23
2285	47
2286	23
2287	25
2288	23
2289	38
2290	23
2291	23
2292	22
2293	23
2294	42
2295	28
2296	25
2297	22
2298	25
2299	23
2300	23
2301	23
2302	38
2303	23
2304	24
2305	44
2306	23
2307	24
2308	22
2309	24
2310	33
2311	25
2312	25
2313	35
2314	23
2315	47
2316	28
2317	34
2318	23
2319	30
2320	41
2321	24
2322	27
2323	9
2324	25
2325	23
2326	23
2327	23
2328	23
2329	51
2330	25
2331	24
2332	24
2333	23
2334	36
2335	24
2336	22
2337	27
2338	37
2339	28
2340	25
2341	23
2342	40
2343	23
2344	22
2345	35
2346	54
2347	46
2348	51
2349	24
2350	23
2351	34
2352	23
2353	24
2354	27
2355	40
2356	35
2357	34
2358	36
2359	24
2360	23
2361	25
2362	49
2363	25
2364	23
2365	23
2366	23
2367	36
2368	23
2369	22
2370	26
2371	24
2372	26
2373	60
2374	22
2375	30
2376	42
2377	22
2378	25
2379	26
2380	27
2381	23
2382	23
2383	28
2384	37
2385	38
2386	36
2387	22
2388	29
2389	24
2390	23
2391	25
2392	25
2393	36
2394	25
2395	24
2396	24
2397	45
2398	27
2399	39
2400	26
2401	24
2402	42
2403	27
2404	26
2405	36
2406	22
2407	23
2408	22
2409	24
2410	23
2411	23
2412	39
2413	55
2414	27
2415	55
2416	29
2417	25
2418	22
2419	44
2420	25
2421	24
2422	26
2423	23
2424	25
2425	50
2426	26
2427	27
2428	23
2429	26
2430	25
2431	50
2432	23
2433	42
2434	30
2435	26
2436	41
2437	28
2438	38
2439	23
2440	41
2441	43
2442	23
2443	22
2444	51
2445	45
2446	23
2447	23
2448	28
2449	22
2450	24
2451	39
2452	43
2453	33
2454	25
2455	44
2456	25
2457	26
2458	38
2459	23
2460	30
2461	24
2462	49
2463	29
2464	29
2465	23
2466	38
2467	46
2468	38
2469	26
2470	28
2471	32
2472	34
2473	62
2474	32
2475	37
2476	24
2477	23
2478	26
2479	27
2480	50
2481	23
2482	23
2483	25
2484	40
2485	22
2486	25
2487	37
2488	47
2489	25
2490	25
2491	25
2492	35
2493	23
2494	23
2495	22
2496	41
2497	23
2498	32
2499	24
2500	26
2501	42
2502	24
2503	37
2504	23
2505	24
2506	26
2507	30
2508	23
2509	22
2510	17
2511	24
2512	26
2513	24
2514	27
2515	22
2516	23
2517	23
2518	24
2519	26
2520	26
2521	40
2522	25
2523	25
2524	41
2525	25
2526	23
2527	26
2528	42
2529	27
2530	49
2531	24
2532	28
2533	43
2534	43
2535	25
2536	33
2537	23
2538	23
2539	27
2540	30
2541	36
2542	25
2543	23
2544	24
2545	27
2546	29
2547	37
2548	29
2549	40
2550	26
2551	28
2552	25
2553	24
2554	23
2555	24
2556	24
2557	23
2558	25
2559	22
2560	23
2561	23
2562	23
2563	25
2564	36
2565	24
2566	26
2567	42
2568	28
2569	39
2570	34
2571	36
2572	28
2573	40
2574	24
2575	27
2576	23
2577	23
2578	26
2579	46
2580	25
2581	23
2582	28
2583	36
2584	24
2585	24
2586	26
2587	25
2588	40
2589	70
2590	22
2591	24
2592	26
2593	25
2594	23
2595	23
2596	22
2597	23
2598	24
2599	34
2600	24
2601	27
2602	29
2603	27
2604	22
2605	23
2606	25
2607	25
2608	25
2609	22
2610	24
2611	23
2612	26
2613	25
2614	22
2615	24
2616	49
2617	28
2618	27
2619	49
2620	29
2621	22
2622	24
2623	46
2624	23
2625	26
2626	42
2627	23
2628	22
2629	38
2630	35
2631	25
2632	37
2633	36
2634	25
2635	25
2636	22
2637	29
2638	38
2639	27
2640	35
2641	24
2642	23
2643	23
2644	26
2645	27
2646	34
2647	24
2648	27
2649	46
2650	25
2651	28
2652	22
2653	22
2654	37
2655	28
2656	22
2657	23
2658	53
2659	28
2660	41
2661	22
2662	26
2663	37
2664	23
2665	23
2666	42
2667	39
2668	37
2669	25
2670	25
2671	26
2672	33
2673	27
2674	38
2675	23
2676	25
2677	29
2678	42
2679	33
2680	23
2681	24
2682	22
2683	26
2684	25
2685	38
2686	22
2687	32
2688	37
2689	24
2690	38
2691	23
2692	35
2693	24
2694	43
2695	24
2696	23
2697	44
2698	26
2699	42
2700	34
2701	38
2702	22
2703	23
2704	28
2705	24
2706	48
2707	27
2708	42
2709	23
2710	26
2711	25
2712	34
2713	24
2714	39
2715	22
2716	22
2717	24
2718	48
2719	26
2720	15
2721	24
2722	25
2723	22
2724	28
2725	39
2726	11
2727	25
2728	47
2729	27
2730	25
2731	23
2732	28
2733	36
2734	22
2735	22
2736	25
2737	46
2738	61
2739	24
2740	22
2741	27
2742	22
2743	25
2744	28
2745	52
2746	16
2747	35
2748	46
2749	48
2750	49
2751	23
2752	23
2753	22
2754	23
2755	23
2756	23
2757	28
2758	36
2759	28
2760	39
2761	25
2762	24
2763	24
2764	51
2765	36
2766	38
2767	23
2768	26
2769	23
2770	22
2771	22
2772	22
2773	28
2774	24
2775	27
2776	37
2777	43
2778	46
2779	22
2780	28
2781	43
2782	25
2783	26
2784	25
2785	23
2786	44
2787	26
2788	32
2789	22
2790	23
2791	28
2792	25
2793	33
2794	25
2795	32
2796	54
2797	24
2798	25
2799	24
2800	24
2801	27
2802	24
2803	30
2804	47
2805	30
2806	38
2807	24
2808	28
2809	28
2810	29
2811	42
2812	22
2813	24
2814	56
2815	24
2816	22
2817	28
2818	29
2819	25
2820	31
2821	45
2822	23
2823	23
2824	25
2825	23
2826	23
2827	28
2828	49
2829	23
2830	29
2831	22
2832	24
2833	22
2834	27
2835	23
2836	29
2837	22
2838	24
2839	22
2840	23
2841	27
2842	22
2843	23
2844	34
2845	25
2846	25
2847	25
2848	25
2849	29
2850	26
2851	24
2852	23
2853	25
2854	34
2855	2
2856	34
2857	25
2858	26
2859	51
2860	30
2861	40
2862	39
2863	51
2864	24
2865	23
2866	25
2867	30
2868	25
2869	42
2870	30
2871	23
2872	22
2873	38
2874	31
2875	50
2876	23
2877	24
2878	52
2879	27
2880	45
2881	25
2882	22
2883	23
2884	22
2885	24
2886	24
2887	40
2888	22
2889	22
2890	32
2891	22
2892	39
2893	22
2894	22
2895	26
2896	48
2897	26
2898	28
2899	25
2900	23
2901	25
2902	25
2903	46
2904	24
2905	38
2906	23
2907	37
2908	23
2909	23
2910	27
2911	23
2912	23
2913	22
2914	27
2915	25
2916	26
2917	28
2918	35
2919	26
2920	23
2921	24
2922	25
2923	31
2924	38
2925	24
2926	7
2927	27
2928	22
2929	48
2930	42
2931	25
2932	25
2933	24
2934	23
2935	28
2936	35
2937	46
2938	44
2939	34
2940	23
2941	46
2942	24
2943	23
2944	43
2945	26
2946	29
2947	36
2948	29
2949	23
2950	31
2951	41
2952	23
2953	26
2954	25
2955	24
2956	25
2957	24
2958	11
2959	22
2960	24
2961	23
2962	51
2963	35
2964	23
2965	30
2966	38
2967	24
2968	26
2969	46
2970	37
2971	23
2972	25
2973	25
2974	25
2975	24
2976	23
2977	24
2978	27
2979	25
2980	24
2981	23
2982	25
2983	24
2984	26
2985	23
2986	22
2987	23
2988	22
2989	23
2990	22
2991	22
2992	23
2993	23
2994	23
2995	26
2996	25
2997	46
2998	22
2999	25
3000	22
3001	23
3002	28
3003	40
3004	24
3005	27
3006	35
3007	28
3008	40
3009	54
3010	27
3011	26
3012	44
3013	27
3014	24
3015	29
3016	24
3017	22
3018	22
3019	22
3020	22
3021	24
3022	34
3023	39
3024	25
3025	24
3026	24
3027	27
3028	25
3029	27
3030	22
3031	24
3032	28
3033	49
3034	25
3035	23
3036	24
3037	49
3038	55
3039	24
3040	23
3041	23
3042	26
3043	24
3044	38
3045	23
3046	24
3047	27
3048	22
3049	26
3050	25
3051	27
3052	23
3053	39
3054	22
3055	22
3056	26
3057	23
3058	25
3059	22
3060	29
3061	25
3062	26
3063	27
3064	25
3065	29
3066	22
3067	22
3068	24
3069	28
3070	27
3071	25
3072	25
3073	23
3074	22
3075	22
3076	23
3077	22
3078	29
3079	24
3080	27
3081	23
3082	23
3083	24
3084	23
3085	23
3086	48
3087	29
3088	39
3089	34
3090	23
3091	25
3092	31
3093	40
3094	24
3095	23
3096	22
3097	40
3098	22
3099	23
3100	26
3101	24
3102	22
3103	24
3104	22
3105	38
3106	25
3107	31
3108	23
3109	40
3110	24
3111	41
3112	34
3113	25
3114	25
3115	34
3116	23
3117	27
3118	23
3119	26
3120	46
3121	24
3122	38
3123	23
3124	23
3125	24
3126	26
3127	48
3128	25
3129	22
3130	56
3131	24
3132	22
3133	45
3134	38
3135	29
3136	41
3137	22
3138	22
3139	55
3140	25
3141	28
3142	23
3143	22
3144	23
3145	23
3146	24
3147	30
3148	36
3149	35
3150	34
3151	28
3152	33
3153	23
3154	50
3155	23
3156	22
3157	35
3158	23
3159	23
3160	22
3161	24
3162	27
3163	34
3164	29
3165	38
3166	23
3167	48
3168	25
3169	23
3170	26
3171	28
3172	30
3173	36
3174	26
3175	27
3176	38
3177	25
3178	23
3179	32
3180	25
3181	25
3182	23
3183	28
3184	39
3185	23
3186	23
3187	41
3188	41
3189	34
3190	25
3191	23
3192	23
3193	24
3194	24
3195	24
3196	35
3197	31
3198	42
3199	36
3200	34
3201	12
3202	24
3203	31
3204	44
3205	48
3206	24
3207	23
3208	22
3209	24
3210	53
3211	23
3212	34
3213	50
3214	24
3215	22
3216	23
3217	23
3218	54
3219	37
3220	35
3221	23
3222	25
3223	28
3224	24
3225	34
3226	23
3227	25
3228	35
3229	22
3230	25
3231	26
3232	41
3233	25
3234	26
3235	61
3236	23
3237	30
3238	23
3239	23
3240	26
3241	6
3242	16
3243	24
3244	35
3245	22
3246	25
3247	26
3248	25
3249	33
3250	47
3251	24
3252	29
3253	25
3254	58
3255	34
3256	24
3257	23
3258	24
3259	25
3260	39
3261	23
3262	29
3263	22
3264	44
3265	23
3266	28
3267	23
3268	22
3269	28
3270	40
3271	27
3272	41
3273	23
3274	26
3275	23
3276	24
3277	30
3278	29
3279	27
3280	23
3281	25
3282	44
3283	25
3284	25
3285	4
3286	24
3287	23
3288	26
3289	22
3290	23
3291	22
3292	48
3293	32
3294	25
3295	25
3296	45
3297	37
3298	25
3299	27
3300	42
3301	24
3302	25
3303	61
3304	22
3305	28
3306	48
3307	23
3308	26
3309	47
3310	22
3311	26
3312	32
3313	40
3314	25
3315	25
3316	28
3317	24
3318	29
3319	39
3320	34
3321	27
3322	25
3323	48
3324	23
3325	25
3326	24
3327	32
3328	29
3329	41
3330	25
3331	25
3332	26
3333	25
3334	30
3335	39
3336	24
3337	27
3338	29
3339	25
3340	25
3341	25
3342	26
3343	35
3344	31
3345	38
3346	26
3347	22
3348	23
3349	25
3350	23
3351	22
3352	36
3353	25
3354	25
3355	22
3356	23
3357	28
3358	40
3359	28
3360	23
3361	42
3362	25
3363	28
3364	26
3365	22
3366	27
3367	37
3368	28
3369	39
3370	24
3371	23
3372	27
3373	28
3374	39
3375	48
3376	24
3377	22
3378	28
3379	26
3380	23
3381	25
3382	42
3383	22
3384	23
3385	24
3386	27
3387	23
3388	23
3389	36
3390	23
3391	25
3392	50
3393	23
3394	26
3395	26
3396	22
3397	25
3398	26
3399	27
3400	28
3401	34
3402	25
3403	26
3404	24
3405	36
3406	32
3407	23
3408	46
3409	26
3410	35
3411	25
3412	23
3413	23
3414	35
3415	57
3416	26
3417	22
3418	28
3419	23
3420	23
3421	29
3422	40
3423	31
3424	40
3425	30
3426	37
3427	23
3428	23
3429	25
3430	53
3431	26
3432	24
3433	27
3434	22
3435	45
3436	41
3437	35
3438	22
3439	26
3440	30
3441	38
3442	26
3443	38
3444	23
3445	22
3446	22
3447	26
3448	27
3449	51
3450	33
3451	27
3452	25
3453	22
3454	28
3455	25
3456	35
3457	34
3458	23
3459	24
3460	24
3461	27
3462	48
3463	28
3464	30
3465	50
3466	24
3467	23
3468	23
3469	36
3470	27
3471	22
3472	28
3473	25
3474	40
3475	23
3476	32
3477	36
3478	25
3479	24
3480	34
3481	23
3482	23
3483	26
3484	24
3485	26
3486	23
3487	33
3488	23
3489	52
3490	27
3491	6
3492	27
3493	29
3494	24
3495	22
3496	23
3497	27
3498	24
3499	27
3500	22
3501	29
3502	41
3503	24
3504	36
3505	26
3506	37
3507	25
3508	22
3509	28
3510	25
3511	60
3512	27
3513	23
3514	24
3515	47
3516	23
3517	23
3518	28
3519	23
3520	23
3521	28
3522	24
3523	40
3524	26
3525	25
3526	45
3527	45
3528	4
3529	22
3530	22
3531	23
3532	23
3533	27
3534	26
3535	24
3536	28
3537	39
3538	22
3539	42
3540	22
3541	22
3542	41
3543	27
3544	49
3545	26
3546	28
3547	24
3548	23
3549	24
3550	25
3551	29
3552	25
3553	24
3554	22
3555	49
3556	24
3557	48
3558	39
3559	24
3560	22
3561	24
3562	37
3563	49
3564	23
3565	22
3566	26
3567	45
3568	25
3569	34
3570	27
3571	22
3572	27
3573	24
3574	41
3575	22
3576	58
3577	23
3578	36
3579	22
3580	27
3581	41
3582	25
3583	25
3584	26
3585	24
3586	25
3587	24
3588	47
3589	24
3590	25
3591	22
3592	22
3593	47
3594	24
3595	27
3596	34
3597	24
3598	23
3599	23
3600	26
3601	40
3602	25
3603	22
3604	23
3605	45
3606	33
3607	26
3608	7
3609	23
3610	54
3611	51
3612	24
3613	22
3614	10
3615	31
3616	27
3617	35
3618	23
3619	37
3620	25
3621	23
3622	25
3623	53
3624	27
3625	35
3626	45
3627	36
3628	26
3629	22
3630	35
3631	23
3632	24
3633	26
3634	25
3635	23
3636	26
3637	23
3638	22
3639	34
3640	25
3641	23
3642	23
3643	41
3644	41
3645	25
3646	22
3647	23
3648	30
3649	23
3650	23
3651	47
3652	28
3653	40
3654	28
3655	37
3656	44
3657	28
3658	38
3659	24
3660	22
3661	25
3662	44
3663	42
3664	62
3665	25
3666	25
3667	26
3668	40
3669	28
3670	42
3671	31
3672	27
3673	35
3674	54
3675	27
3676	39
3677	45
3678	25
3679	45
3680	27
3681	24
3682	24
3683	22
3684	25
3685	24
3686	39
3687	38
3688	22
3689	22
3690	23
3691	23
3692	47
3693	23
3694	26
3695	24
3696	25
3697	24
3698	26
3699	23
3700	23
3701	39
3702	36
3703	22
3704	30
3705	38
3706	26
3707	23
3708	52
3709	24
3710	30
3711	25
3712	22
3713	30
3714	48
3715	23
3716	29
3717	23
3718	51
3719	55
3720	25
3721	23
3722	29
3723	37
3724	26
3725	39
3726	22
3727	27
3728	23
3729	23
3730	50
3731	25
3732	27
3733	22
3734	24
3735	36
3736	28
3737	28
3738	28
3739	25
3740	27
3741	41
3742	26
3743	27
3744	25
3745	27
3746	34
3747	27
3748	56
3749	24
3750	48
3751	39
3752	29
3753	23
3754	3
3755	28
3756	26
3757	31
3758	38
3759	23
3760	33
3761	24
3762	25
3763	25
3764	27
3765	23
3766	36
3767	34
3768	38
3769	27
3770	27
3771	23
3772	23
3773	23
3774	27
3775	22
3776	54
3777	22
3778	26
3779	25
3780	24
3781	27
3782	26
3783	25
3784	38
3785	24
3786	26
3787	37
3788	32
3789	23
3790	22
3791	23
3792	28
3793	24
3794	27
3795	23
3796	24
3797	27
3798	25
3799	27
3800	26
3801	25
3802	33
3803	22
3804	25
3805	29
3806	23
3807	23
3808	25
3809	26
3810	22
3811	23
3812	28
3813	31
3814	40
3815	23
3816	25
3817	55
3818	45
3819	25
3820	23
3821	23
3822	26
3823	27
3824	22
3825	46
3826	23
3827	27
3828	26
3829	23
3830	23
3831	27
3832	43
3833	25
3834	53
3835	23
3836	48
3837	24
3838	23
3839	29
3840	30
3841	53
3842	27
3843	27
3844	24
3845	44
3846	23
3847	29
3848	23
3849	24
3850	23
3851	27
3852	34
3853	23
3854	23
3855	66
3856	30
3857	25
3858	26
3859	45
3860	26
3861	26
3862	23
3863	41
3864	23
3865	29
3866	23
3867	35
3868	23
3869	37
3870	23
3871	34
3872	26
3873	23
3874	23
3875	43
3876	22
3877	24
3878	23
3879	27
3880	22
3881	29
3882	36
3883	27
3884	40
3885	25
3886	25
3887	26
3888	36
3889	25
3890	22
3891	23
3892	41
3893	22
3894	35
3895	31
3896	23
3897	23
3898	29
3899	34
3900	23
3901	24
3902	25
3903	35
3904	27
3905	25
3906	27
3907	24
3908	24
3909	37
3910	39
3911	22
3912	26
3913	22
3914	23
3915	28
3916	36
3917	44
3918	15
3919	28
3920	24
3921	38
3922	34
3923	23
3924	25
3925	28
3926	23
3927	24
3928	29
3929	29
3930	23
3931	41
3932	37
3933	27
3934	52
3935	24
3936	27
3937	23
3938	26
3939	22
3940	25
3941	22
3942	24
3943	24
3944	22
3945	38
3946	27
3947	53
3948	25
3949	24
3950	23
3951	25
3952	23
3953	49
3954	25
3955	23
3956	29
3957	27
3958	34
3959	52
3960	25
3961	25
3962	23
3963	47
3964	25
3965	27
3966	37
3967	23
3968	25
3969	12
3970	10
3971	26
3972	24
3973	27
3974	40
3975	23
3976	23
3977	23
3978	24
3979	25
3980	24
3981	40
3982	22
3983	53
3984	22
3985	24
3986	22
3987	29
3988	23
3989	23
3990	66
3991	23
3992	25
3993	27
3994	27
3995	23
3996	24
3997	34
3998	25
3999	28
4000	22
4001	39
4002	23
4003	27
4004	44
4005	26
4006	39
4007	26
4008	31
4009	25
4010	22
4011	28
4012	36
4013	22
4014	25
4015	25
4016	26
4017	22
4018	42
4019	27
4020	41
4021	28
4022	23
4023	24
4024	22
4025	35
4026	23
4027	44
4028	22
4029	26
4030	36
4031	53
4032	24
4033	22
4034	23
4035	24
4036	26
4037	43
4038	47
4039	29
4040	22
4041	31
4042	45
4043	37
4044	23
4045	24
4046	26
4047	24
4048	27
4049	40
4050	27
4051	22
4052	25
4053	22
4054	24
4055	26
4056	22
4057	28
4058	27
4059	29
4060	22
4061	24
4062	26
4063	22
4064	25
4065	45
4066	31
4067	24
4068	51
4069	22
4070	24
4071	24
4072	30
4073	27
4074	22
4075	26
4076	24
4077	23
4078	39
4079	22
4080	23
4081	43
4082	22
4083	23
4084	31
4085	25
4086	32
4087	34
4088	27
4089	25
4090	22
4091	24
4092	23
4093	24
4094	23
4095	25
4096	22
4097	22
4098	24
4099	24
4100	27
4101	28
4102	30
4103	37
4104	27
4105	24
4106	22
4107	24
4108	25
4109	22
4110	25
4111	24
4112	42
4113	28
4114	36
4115	39
4116	22
4117	21
4118	26
4119	24
4120	27
4121	35
4122	23
4123	24
4124	23
4125	22
4126	25
4127	27
4128	41
4129	25
4130	25
4131	27
4132	53
4133	25
4134	30
4135	24
4136	39
4137	27
4138	24
4139	23
4140	33
4141	25
4142	38
4143	26
4144	24
4145	22
4146	22
4147	49
4148	27
4149	23
4150	27
4151	26
4152	24
4153	28
4154	42
4155	22
4156	26
4157	24
4158	26
4159	25
4160	23
4161	43
4162	37
4163	34
4164	24
4165	29
4166	24
4167	39
4168	34
4169	27
4170	30
4171	45
4172	48
4173	23
4174	28
4175	52
4176	49
4177	31
4178	55
4179	62
4180	23
4181	29
4182	27
4183	24
4184	38
4185	25
4186	45
4187	22
4188	44
4189	25
4190	25
4191	23
4192	22
4193	26
4194	25
4195	23
4196	25
4197	24
4198	35
4199	27
4200	22
4201	44
4202	29
4203	30
4204	23
4205	27
4206	24
4207	84
4208	24
4209	23
4210	25
4211	25
4212	22
4213	22
4214	55
4215	25
4216	25
4217	22
4218	24
4219	44
4220	22
4221	25
4222	47
4223	23
4224	30
4225	49
4226	24
4227	26
4228	52
4229	22
4230	23
4231	23
4232	22
4233	25
4234	23
4235	27
4236	40
4237	25
4238	24
4239	26
4240	26
4241	43
4242	24
4243	50
4244	26
4245	27
4246	22
4247	22
4248	28
4249	25
4250	47
4251	50
4252	27
4253	33
4254	23
4255	22
4256	35
4257	26
4258	23
4259	24
4260	23
4261	24
4262	26
4263	29
4264	38
4265	22
4266	29
4267	40
4268	26
4269	29
4270	42
4271	41
4272	23
4273	48
4274	22
4275	26
4276	60
4277	26
4278	27
4279	29
4280	25
4281	23
4282	23
4283	47
4284	28
4285	25
4286	32
4287	22
4288	10
4289	5
4290	33
4291	23
4292	24
4293	38
4294	22
4295	26
4296	28
4297	42
4298	44
4299	25
4300	49
4301	25
4302	23
4303	23
4304	27
4305	50
4306	22
4307	33
4308	24
4309	27
4310	23
4311	31
4312	47
4313	27
4314	23
4315	29
4316	23
4317	22
4318	23
4319	25
4320	22
4321	23
4322	22
4323	46
4324	24
4325	23
4326	24
4327	26
4328	29
4329	39
4330	25
4331	46
4332	39
4333	23
4334	24
4335	23
4336	37
4337	25
4338	24
4339	54
4340	42
4341	45
4342	25
4343	22
4344	27
4345	35
4346	27
4347	35
4348	30
4349	43
4350	27
4351	28
4352	25
4353	24
4354	25
4355	27
4356	30
4357	40
4358	27
4359	23
4360	23
4361	54
4362	24
4363	23
4364	34
4365	43
4366	49
4367	28
4368	39
4369	24
4370	25
4371	23
4372	28
4373	41
4374	26
4375	27
4376	26
4377	27
4378	46
4379	40
4380	34
4381	24
4382	42
4383	42
4384	25
4385	36
4386	33
4387	35
4388	24
4389	26
4390	37
4391	23
4392	23
4393	24
4394	26
4395	27
4396	23
4397	24
4398	53
4399	24
4400	22
4401	25
4402	24
4403	26
4404	26
4405	45
4406	23
4407	22
4408	26
4409	33
4410	23
4411	23
4412	23
4413	24
4414	50
4415	35
4416	23
4417	42
4418	25
4419	39
4420	24
4421	23
4422	27
4423	29
4424	42
4425	24
4426	42
4427	25
4428	22
4429	34
4430	25
4431	26
4432	25
4433	38
4434	23
4435	26
4436	25
4437	23
4438	27
4439	25
4440	23
4441	24
4442	23
4443	27
4444	22
4445	43
4446	28
4447	24
4448	24
4449	47
4450	23
4451	25
4452	29
4453	26
4454	22
4455	61
4456	23
4457	52
4458	27
4459	22
4460	22
4461	24
4462	20
4463	25
4464	34
4465	47
4466	53
4467	25
4468	22
4469	22
4470	22
4471	37
4472	24
4473	25
4474	23
4475	33
4476	31
4477	22
4478	25
4479	22
4480	6
4481	23
4482	22
4483	26
4484	22
4485	26
4486	22
4487	26
4488	24
4489	33
4490	23
4491	26
4492	27
4493	34
4494	43
4495	32
4496	44
4497	22
4498	25
4499	23
4500	24
4501	28
4502	23
4503	42
4504	22
4505	26
4506	22
4507	24
4508	25
4509	31
4510	34
4511	24
4512	27
4513	17
4514	24
4515	30
4516	23
4517	43
4518	23
4519	61
4520	28
4521	25
4522	28
4523	22
4524	42
4525	26
4526	31
4527	27
4528	48
4529	22
4530	26
4531	25
4532	27
4533	24
4534	26
4535	22
4536	50
4537	27
4538	27
4539	47
4540	23
4541	22
4542	24
4543	22
4544	22
4545	43
4546	22
4547	27
4548	26
4549	28
4550	25
4551	52
4552	38
4553	22
4554	22
4555	13
4556	27
4557	28
4558	36
4559	18
4560	27
4561	25
4562	23
4563	35
4564	28
4565	29
4566	28
4567	25
4568	23
4569	24
4570	23
4571	46
4572	25
4573	26
4574	37
4575	22
4576	25
4577	25
4578	23
4579	26
4580	25
4581	23
4582	24
4583	22
4584	31
4585	38
4586	25
4587	23
4588	23
4589	22
4590	33
4591	24
4592	30
4593	41
4594	27
4595	29
4596	39
4597	37
4598	46
4599	24
4600	26
4601	38
4602	24
4603	34
4604	26
4605	26
4606	23
4607	23
4608	26
4609	26
4610	42
4611	40
4612	34
4613	29
4614	38
4615	30
4616	24
4617	36
4618	26
4619	25
4620	51
4621	26
4622	22
4623	18
4624	23
4625	27
4626	43
4627	27
4628	22
4629	24
4630	26
4631	27
4632	24
4633	27
4634	46
4635	25
4636	23
4637	24
4638	23
4639	24
4640	28
4641	40
4642	23
4643	24
4644	27
4645	26
4646	28
4647	23
4648	24
4649	25
4650	45
4651	40
4652	50
4653	24
4654	32
4655	48
4656	30
4657	22
4658	25
4659	23
4660	25
4661	35
4662	26
4663	24
4664	25
4665	23
4666	60
4667	28
4668	46
4669	24
4670	23
4671	22
4672	22
4673	46
4674	24
4675	43
4676	26
4677	42
4678	27
4679	23
4680	25
4681	42
4682	25
4683	25
4684	45
4685	23
4686	24
4687	23
4688	47
4689	23
4690	23
4691	25
4692	28
4693	26
4694	24
4695	24
4696	24
4697	26
4698	25
4699	34
4700	22
4701	27
4702	25
4703	34
4704	26
4705	28
4706	40
4707	23
4708	29
4709	23
4710	23
4711	23
4712	34
4713	25
4714	24
4715	23
4716	22
4717	43
4718	23
4719	23
4720	25
4721	23
4722	37
4723	24
4724	24
4725	50
4726	25
4727	23
4728	39
4729	42
4730	22
4731	36
4732	23
4733	25
4734	22
4735	23
4736	24
4737	25
4738	30
4739	38
4740	27
4741	28
4742	40
4743	32
4744	24
4745	23
4746	23
4747	23
4748	23
4749	28
4750	37
4751	24
4752	47
4753	51
4754	28
4755	37
4756	25
4757	22
4758	24
4759	28
4760	36
4761	24
4762	48
4763	27
4764	28
4765	22
4766	38
4767	23
4768	24
4769	28
4770	25
4771	25
4772	26
4773	42
4774	22
4775	25
4776	23
4777	23
4778	46
4779	23
4780	27
4781	40
4782	31
4783	41
4784	29
4785	39
4786	25
4787	45
4788	25
4789	23
4790	48
4791	22
4792	33
4793	57
4794	48
4795	22
4796	9
4797	45
4798	24
4799	45
4800	25
4801	24
4802	23
4803	68
4804	30
4805	41
4806	31
4807	44
4808	26
4809	36
4810	26
4811	29
4812	37
4813	22
4814	25
4815	23
4816	23
4817	22
4818	55
4819	25
4820	22
4821	28
4822	25
4823	23
4824	22
4825	26
4826	23
4827	25
4828	24
4829	26
4830	35
4831	27
4832	28
4833	27
4834	33
4835	23
4836	22
4837	24
4838	64
4839	43
4840	24
4841	23
4842	33
4843	27
4844	22
4845	23
4846	22
4847	26
4848	34
4849	46
4850	41
4851	24
4852	24
4853	22
4854	27
4855	44
4856	25
4857	42
4858	24
4859	26
4860	34
4861	27
4862	22
4863	22
4864	26
4865	8
4866	28
4867	22
4868	38
4869	35
4870	26
4871	33
4872	25
4873	27
4874	34
4875	24
4876	54
4877	23
4878	26
4879	22
4880	22
4881	22
4882	37
4883	23
4884	41
4885	23
4886	25
4887	27
4888	37
4889	25
4890	29
4891	26
4892	24
4893	42
4894	61
4895	34
4896	48
4897	29
4898	35
4899	24
4900	23
4901	26
4902	24
4903	23
4904	23
4905	23
4906	45
4907	42
4908	38
4909	35
4910	25
4911	35
4912	31
4913	50
4914	22
4915	31
4916	28
4917	43
4918	29
4919	27
4920	23
4921	61
4922	26
4923	22
4924	24
4925	27
4926	25
4927	24
4928	23
4929	39
4930	24
4931	22
4932	26
4933	26
4934	22
4935	25
4936	24
4937	25
4938	50
4939	54
4940	27
4941	26
4942	41
4943	25
4944	22
4945	29
4946	41
4947	22
4948	23
4949	27
4950	44
4951	27
4952	24
4953	23
4954	40
4955	31
4956	29
4957	37
4958	27
4959	25
4960	26
4961	25
4962	41
4963	25
4964	49
4965	24
4966	24
4967	23
4968	28
4969	37
4970	43
4971	35
4972	22
4973	22
4974	44
4975	24
4976	32
4977	24
4978	22
4979	23
4980	26
4981	42
4982	39
4983	23
4984	24
4985	23
4986	25
4987	25
4988	32
4989	22
4990	23
4991	25
4992	24
4993	41
4994	23
4995	30
4996	24
4997	23
4998	41
4999	24
5000	27
5001	23
5002	42
5003	37
5004	22
5005	23
5006	39
5007	24
5008	26
5009	24
5010	24
5011	22
5012	26
5013	24
5014	24
5015	46
5016	39
5017	27
5018	22
5019	30
5020	24
5021	23
5022	25
5023	42
5024	23
5025	24
5026	23
5027	23
5028	26
5029	23
5030	22
5031	22
5032	22
5033	25
5034	22
5035	28
5036	22
5037	24
5038	24
5039	27
5040	36
5041	27
5042	23
5043	23
5044	25
5045	35
5046	27
5047	37
5048	23
5049	23
5050	23
5051	26
5052	26
5053	31
5054	41
5055	27
5056	23
5057	23
5058	29
5059	22
5060	23
5061	47
5062	24
5063	23
5064	22
5065	29
5066	25
5067	24
5068	22
5069	23
5070	23
5071	23
5072	27
5073	23
5074	44
5075	23
5076	36
5077	28
5078	36
5079	22
5080	23
5081	23
5082	34
5083	26
5084	22
5085	45
5086	29
5087	40
5088	25
5089	37
5090	39
5091	26
5092	34
5093	35
5094	24
5095	24
5096	23
5097	24
5098	29
5099	22
5100	27
5101	34
5102	23
5103	23
5104	26
5105	39
5106	46
5107	22
5108	23
5109	23
5110	23
5111	47
5112	24
5113	25
5114	25
5115	47
5116	22
5117	23
5118	22
5119	33
5120	23
5121	28
5122	27
5123	22
5124	25
5125	26
5126	31
5127	23
5128	24
5129	24
5130	23
5131	26
5132	42
5133	27
5134	24
5135	25
5136	43
5137	25
5138	38
5139	26
5140	34
5141	27
5142	22
5143	26
5144	25
5145	23
5146	23
5147	41
5148	26
5149	13
5150	26
5151	23
5152	23
5153	26
5154	41
5155	25
5156	28
5157	41
5158	28
5159	38
5160	24
5161	23
5162	45
5163	13
5164	24
5165	27
5166	22
5167	35
5168	37
5169	27
5170	23
5171	23
5172	23
5173	26
5174	61
5175	50
5176	27
5177	38
5178	27
5179	27
5180	57
5181	25
5182	38
5183	26
5184	26
5185	24
5186	41
5187	26
5188	22
5189	22
5190	24
5191	23
5192	41
5193	26
5194	47
5195	23
5196	9
5197	23
5198	24
5199	24
5200	49
5201	23
5202	50
5203	23
5204	23
5205	53
5206	24
5207	41
5208	23
5209	44
5210	99
5211	48
5212	54
5213	24
5214	39
5215	23
5216	22
5217	22
5218	22
5219	23
5220	22
5221	22
5222	26
5223	25
5224	30
5225	26
5226	28
5227	25
5228	27
5229	37
5230	45
5231	31
5232	28
5233	25
5234	25
5235	24
5236	28
5237	35
5238	23
5239	24
5240	28
5241	26
5242	25
5243	22
5244	35
5245	53
5246	23
5247	24
5248	35
5249	23
5250	28
5251	25
5252	22
5253	35
5254	27
5255	23
5256	24
5257	28
5258	36
5259	24
5260	23
5261	45
5262	23
5263	23
5264	23
5265	25
5266	22
5267	27
5268	23
5269	22
5270	37
5271	25
5272	41
5273	26
5274	25
5275	50
5276	26
5277	39
5278	22
5279	22
5280	23
5281	25
5282	24
5283	27
5284	42
5285	26
5286	22
5287	22
5288	34
5289	28
5290	27
5291	23
5292	26
5293	22
5294	24
5295	25
5296	23
5297	23
5298	26
5299	35
5300	23
5301	24
5302	25
5303	25
5304	27
5305	22
5306	36
5307	27
5308	37
5309	24
5310	23
5311	30
5312	40
5313	24
5314	25
5315	10
5316	25
5317	27
5318	35
5319	30
5320	24
5321	24
5322	34
5323	25
5324	35
5325	23
5326	22
5327	22
5328	39
5329	35
5330	23
5331	22
5332	22
5333	23
5334	28
5335	26
5336	34
5337	23
5338	39
5339	36
5340	25
5341	16
5342	25
5343	23
5344	30
5345	38
5346	23
5347	23
5348	40
5349	24
5350	50
5351	23
5352	25
5353	23
5354	23
5355	29
5356	29
5357	28
5358	29
5359	37
5360	22
5361	24
5362	28
5363	36
5364	24
5365	28
5366	35
5367	22
5368	22
5369	26
5370	26
5371	47
5372	22
5373	48
5374	29
5375	88
5376	38
5377	32
5378	28
5379	27
5380	26
5381	6
5382	24
5383	36
5384	23
5385	29
5386	22
5387	82
5388	25
5389	39
5390	31
5391	44
5392	24
5393	70
5394	22
5395	23
5396	23
5397	23
5398	22
5399	23
5400	25
5401	22
5402	27
5403	24
5404	35
5405	23
5406	27
5407	35
5408	22
5409	23
5410	24
5411	22
5412	34
5413	23
5414	36
5415	24
5416	30
5417	22
5418	26
5419	36
5420	27
5421	27
5422	22
5423	33
5424	23
5425	23
5426	50
5427	25
5428	25
5429	22
5430	24
5431	27
5432	23
5433	23
5434	23
5435	23
5436	24
5437	31
5438	25
5439	24
5440	39
5441	24
5442	23
5443	23
5444	29
5445	22
5446	24
5447	22
5448	23
5449	30
5450	25
5451	35
5452	40
5453	24
5454	26
5455	37
5456	25
5457	57
5458	27
5459	23
5460	33
5461	44
5462	23
5463	42
5464	26
5465	26
5466	45
5467	25
5468	29
5469	25
5470	29
5471	39
5472	29
5473	38
5474	45
5475	28
5476	38
5477	23
5478	27
5479	22
5480	24
5481	22
5482	26
5483	23
5484	36
5485	25
5486	25
5487	26
5488	24
5489	44
5490	23
5491	26
5492	23
5493	23
5494	25
5495	22
5496	49
5497	26
5498	25
5499	26
5500	43
5501	22
5502	23
5503	23
5504	36
5505	57
5506	38
5507	33
5508	37
5509	38
5510	27
5511	27
5512	41
5513	24
5514	25
5515	24
5516	25
5517	24
5518	22
5519	28
5520	29
5521	25
5522	60
5523	32
5524	24
5525	22
5526	23
5527	27
5528	37
5529	26
5530	22
5531	23
5532	23
5533	23
5534	24
5535	23
5536	25
5537	24
5538	23
5539	25
5540	50
5541	24
5542	24
5543	23
5544	37
5545	23
5546	27
5547	23
5548	28
5549	41
5550	19
5551	25
5552	35
5553	25
5554	27
5555	45
5556	24
5557	25
5558	23
5559	22
5560	39
5561	26
5562	29
5563	25
5564	38
5565	26
5566	25
5567	30
5568	40
5569	23
5570	22
5571	50
5572	28
5573	24
5574	24
5575	25
5576	28
5577	38
5578	24
5579	22
5580	54
5581	22
5582	34
5583	23
5584	25
5585	26
5586	27
5587	24
5588	44
5589	33
5590	40
5591	38
5592	22
5593	29
5594	55
5595	29
5596	40
5597	46
5598	32
5599	38
5600	29
5601	48
5602	32
5603	36
5604	66
5605	24
5606	28
5607	26
5608	24
5609	27
5610	43
5611	23
5612	26
5613	26
5614	23
5615	22
5616	25
5617	38
5618	29
5619	22
5620	25
5621	29
5622	29
5623	46
5624	27
5625	55
5626	26
5627	28
5628	39
5629	23
5630	22
5631	26
5632	24
5633	22
5634	27
5635	26
5636	31
5637	29
5638	24
5639	24
5640	35
5641	22
5642	23
5643	24
5644	26
5645	41
5646	25
5647	30
5648	22
5649	23
5650	24
5651	23
5652	23
5653	26
5654	24
5655	22
5656	24
5657	25
5658	22
5659	47
5660	31
5661	38
5662	25
5663	22
5664	26
5665	36
5666	33
5667	54
5668	43
5669	29
5670	41
5671	42
5672	26
5673	23
5674	23
5675	23
5676	39
5677	23
5678	24
5679	58
5680	22
5681	27
5682	24
5683	24
5684	22
5685	25
5686	33
5687	23
5688	25
5689	26
5690	71
5691	41
5692	25
5693	25
5694	36
5695	23
5696	37
5697	32
5698	23
5699	23
5700	22
5701	47
5702	24
5703	38
5704	25
5705	24
5706	24
5707	25
5708	25
5709	33
5710	38
5711	26
5712	23
5713	4
5714	2
5715	34
5716	23
5717	23
5718	67
5719	32
5720	49
5721	32
5722	23
5723	43
5724	13
5725	26
5726	47
5727	25
5728	25
5729	25
5730	54
5731	22
5732	27
5733	24
5734	43
5735	29
5736	41
5737	46
5738	46
5739	24
5740	23
5741	37
5742	48
5743	24
5744	24
5745	26
5746	27
5747	22
5748	22
5749	44
5750	23
5751	23
5752	23
5753	34
5754	26
5755	26
5756	23
5757	23
5758	26
5759	27
5760	23
5761	22
5762	23
5763	22
5764	32
5765	21
5766	24
5767	47
5768	24
5769	23
5770	25
5771	25
5772	25
5773	36
5774	40
5775	24
5776	24
5777	35
5778	25
5779	23
5780	27
5781	42
5782	25
5783	25
5784	23
5785	47
5786	23
5787	22
5788	22
5789	26
5790	23
5791	25
5792	23
5793	23
5794	25
5795	43
5796	22
5797	23
5798	38
5799	23
5800	52
5801	25
5802	26
5803	62
5804	37
5805	22
5806	28
5807	22
5808	38
5809	33
5810	23
5811	23
5812	25
5813	40
5814	3
5815	22
5816	23
5817	29
5818	23
5819	27
5820	25
5821	25
5822	25
5823	36
5824	23
5825	37
5826	22
5827	30
5828	42
5829	36
5830	39
5831	25
5832	53
5833	23
5834	22
5835	26
5836	36
5837	23
5838	26
5839	46
5840	36
5841	23
5842	23
5843	24
5844	23
5845	22
5846	46
5847	25
5848	35
5849	24
5850	25
5851	23
5852	46
5853	24
5854	25
5855	22
5856	44
5857	43
5858	24
5859	25
5860	34
5861	24
5862	48
5863	33
5864	48
5865	47
5866	24
5867	24
5868	26
5869	24
5870	22
5871	27
5872	25
5873	26
5874	23
5875	25
5876	10
5877	28
5878	24
5879	54
5880	24
5881	41
5882	29
5883	53
5884	22
5885	25
5886	29
5887	40
5888	47
5889	29
5890	46
5891	28
5892	23
5893	32
5894	24
5895	23
5896	28
5897	25
5898	23
5899	26
5900	26
5901	24
5902	27
5903	22
5904	28
5905	37
5906	27
5907	22
5908	23
5909	34
5910	35
5911	22
5912	25
5913	42
5914	35
5915	36
5916	23
5917	22
5918	23
5919	34
5920	26
5921	31
5922	40
5923	33
5924	24
5925	35
5926	61
5927	27
5928	23
5929	22
5930	26
5931	34
5932	35
5933	24
5934	23
5935	40
5936	26
5937	26
5938	24
5939	23
5940	23
5941	42
5942	24
5943	23
5944	23
5945	25
5946	23
5947	25
5948	48
5949	26
5950	23
5951	25
5952	22
5953	44
5954	25
5955	22
5956	27
5957	49
5958	23
5959	23
5960	22
5961	32
5962	24
5963	58
5964	25
5965	26
5966	23
5967	22
5968	38
5969	25
5970	27
5971	27
5972	45
5973	23
5974	25
5975	28
5976	24
5977	27
5978	37
5979	28
5980	36
5981	27
5982	35
5983	23
5984	24
5985	22
5986	25
5987	26
5988	34
5989	23
5990	35
5991	22
5992	23
5993	27
5994	27
5995	23
5996	23
5997	24
5998	23
5999	40
6000	22
6001	28
6002	37
6003	23
6004	24
6005	22
6006	25
6007	25
6008	40
6009	24
6010	28
6011	25
6012	24
6013	22
6014	43
6015	23
6016	22
6017	26
6018	34
6019	24
6020	23
6021	45
6022	23
6023	23
6024	23
6025	23
6026	23
6027	24
6028	25
6029	46
6030	24
6031	40
6032	24
6033	50
6034	25
6035	23
6036	52
6037	23
6038	23
6039	24
6040	23
6041	44
6042	24
6043	27
6044	25
6045	28
6046	24
6047	26
6048	23
6049	28
6050	25
6051	28
6052	24
6053	24
6054	26
6055	25
6056	46
6057	24
6058	22
6059	22
6060	41
6061	31
6062	23
6063	73
6064	23
6065	24
6066	25
6067	47
6068	40
6069	22
6070	23
6071	22
6072	23
6073	23
6074	23
6075	29
6076	55
6077	48
6078	52
6079	24
6080	25
6081	23
6082	55
6083	22
6084	24
6085	24
6086	46
6087	26
6088	37
6089	31
6090	22
6091	24
6092	23
6093	25
6094	22
6095	25
6096	38
6097	23
6098	24
6099	35
6100	7
6101	23
6102	23
6103	25
6104	44
6105	23
6106	27
6107	34
6108	28
6109	28
6110	27
6111	23
6112	44
6113	24
6114	22
6115	23
6116	24
6117	23
6118	37
6119	38
6120	24
6121	26
6122	24
6123	23
6124	11
6125	23
6126	23
6127	24
6128	23
6129	24
6130	25
6131	22
6132	25
6133	27
6134	25
6135	47
6136	22
6137	22
6138	28
6139	24
6140	22
6141	23
6142	23
6143	26
6144	24
6145	23
6146	25
6147	25
6148	23
6149	25
6150	27
6151	41
6152	27
6153	23
6154	34
6155	24
6156	25
6157	28
6158	38
6159	65
6160	22
6161	25
6162	22
6163	24
6164	23
6165	23
6166	39
6167	24
6168	27
6169	22
6170	28
6171	22
6172	45
6173	40
6174	39
6175	49
6176	24
6177	26
6178	26
6179	33
6180	29
6181	27
6182	22
6183	29
6184	22
6185	27
6186	25
6187	35
6188	26
6189	25
6190	29
6191	41
6192	23
6193	22
6194	27
6195	24
6196	24
6197	27
6198	41
6199	23
6200	24
6201	23
6202	24
6203	27
6204	26
6205	23
6206	28
6207	26
6208	24
6209	23
6210	23
6211	23
6212	25
6213	33
6214	41
6215	45
6216	25
6217	25
6218	25
6219	24
6220	23
6221	24
6222	23
6223	25
6224	23
6225	44
6226	42
6227	41
6228	23
6229	23
6230	34
6231	26
6232	23
6233	35
6234	25
6235	19
6236	27
6237	22
6238	30
6239	24
6240	23
6241	26
6242	52
6243	25
6244	28
6245	37
6246	30
6247	23
6248	23
6249	23
6250	23
6251	30
6252	36
6253	33
6254	26
6255	22
6256	25
6257	46
6258	24
6259	24
6260	29
6261	40
6262	37
6263	23
6264	23
6265	23
6266	27
6267	23
6268	30
6269	43
6270	26
6271	27
6272	23
6273	27
6274	23
6275	23
6276	33
6277	9
6278	45
6279	23
6280	24
6281	23
6282	24
6283	25
6284	35
6285	36
6286	27
6287	22
6288	23
6289	24
6290	25
6291	29
6292	36
6293	23
6294	29
6295	37
6296	23
6297	23
6298	25
6299	27
6300	23
6301	23
6302	22
6303	22
6304	28
6305	22
6306	23
6307	24
6308	35
6309	25
6310	44
6311	25
6312	27
6313	41
6314	24
6315	23
6316	24
6317	38
6318	9
6319	48
6320	24
6321	24
6322	24
6323	24
6324	31
6325	35
6326	27
6327	57
6328	28
6329	39
6330	23
6331	33
6332	28
6333	22
6334	49
6335	31
6336	24
6337	22
6338	48
6339	41
6340	49
6341	29
6342	22
6343	22
6344	25
6345	24
6346	47
6347	26
6348	36
6349	23
6350	22
6351	25
6352	36
6353	41
6354	32
6355	30
6356	33
6357	28
6358	23
6359	70
6360	51
6361	31
6362	22
6363	29
6364	27
6365	23
6366	24
6367	26
6368	22
6369	23
6370	24
6371	27
6372	23
6373	23
6374	23
6375	27
6376	27
6377	38
6378	25
6379	23
6380	25
6381	36
6382	28
6383	38
6384	22
6385	23
6386	23
6387	23
6388	27
6389	42
6390	25
6391	23
6392	47
6393	22
6394	23
6395	61
6396	23
6397	23
6398	23
6399	23
6400	37
6401	25
6402	23
6403	32
6404	22
6405	22
6406	25
6407	46
6408	29
6409	25
6410	27
6411	28
6412	30
6413	23
6414	48
6415	24
6416	22
6417	30
6418	42
6419	24
6420	22
6421	72
6422	23
6423	52
6424	38
6425	28
6426	24
6427	22
6428	23
6429	59
6430	44
6431	51
6432	34
6433	36
6434	25
6435	25
6436	22
6437	23
6438	47
6439	23
6440	34
6441	36
6442	25
6443	23
6444	24
6445	25
6446	23
6447	23
6448	24
6449	40
6450	25
6451	35
6452	24
6453	38
6454	25
6455	24
6456	23
6457	24
6458	23
6459	22
6460	41
6461	34
6462	23
6463	24
6464	24
6465	41
6466	40
6467	24
6468	28
6469	25
6470	32
6471	41
6472	50
6473	55
6474	22
6475	37
6476	27
6477	34
6478	24
6479	30
6480	42
6481	35
6482	24
6483	27
6484	27
6485	38
6486	22
6487	23
6488	24
6489	24
6490	27
6491	25
6492	22
6493	46
6494	22
6495	29
6496	25
6497	22
6498	24
6499	25
6500	8
6501	24
6502	23
6503	24
6504	24
6505	26
6506	38
6507	30
6508	23
6509	33
6510	26
6511	42
6512	23
6513	25
6514	22
6515	46
6516	26
6517	50
6518	27
6519	22
6520	43
6521	24
6522	25
6523	55
6524	51
6525	26
6526	25
6527	22
6528	22
6529	25
6530	41
6531	30
6532	25
6533	25
6534	27
6535	40
6536	25
6537	24
6538	24
6539	23
6540	23
6541	22
6542	23
6543	23
6544	30
6545	37
6546	24
6547	23
6548	29
6549	39
6550	29
6551	24
6552	24
6553	22
6554	28
6555	27
6556	32
6557	27
6558	41
6559	25
6560	34
6561	38
6562	24
6563	24
6564	24
6565	39
6566	23
6567	33
6568	25
6569	25
6570	46
6571	36
6572	23
6573	26
6574	24
6575	34
6576	49
6577	56
6578	22
6579	26
6580	28
6581	22
6582	26
6583	33
6584	46
6585	22
6586	24
6587	23
6588	22
6589	23
6590	40
6591	33
6592	25
6593	24
6594	29
6595	37
6596	26
6597	26
6598	34
6599	26
6600	39
6601	23
6602	22
6603	22
6604	34
6605	52
6606	24
6607	22
6608	24
6609	27
6610	27
6611	23
6612	23
6613	28
6614	23
6615	24
6616	38
6617	24
6618	39
6619	22
6620	24
6621	23
6622	26
6623	26
6624	37
6625	54
6626	27
6627	29
6628	24
6629	24
6630	41
6631	23
6632	38
6633	25
6634	22
6635	23
6636	34
6637	25
6638	23
6639	30
6640	29
6641	37
6642	23
6643	27
6644	22
6645	23
6646	23
6647	29
6648	22
6649	35
6650	25
6651	48
6652	24
6653	23
6654	24
6655	25
6656	28
6657	23
6658	22
6659	22
6660	49
6661	22
6662	26
6663	28
6664	24
6665	28
6666	37
6667	26
6668	23
6669	28
6670	27
6671	24
6672	23
6673	24
6674	23
6675	22
6676	22
6677	27
6678	34
6679	17
6680	22
6681	23
6682	26
6683	28
6684	22
6685	22
6686	23
6687	26
6688	33
6689	25
6690	28
6691	23
6692	24
6693	27
6694	30
6695	40
6696	25
6697	24
6698	23
6699	33
6700	24
6701	27
6702	22
6703	27
6704	36
6705	24
6706	24
6707	34
6708	47
6709	51
6710	22
6711	23
6712	24
6713	37
6714	25
6715	23
6716	25
6717	50
6718	59
6719	24
6720	22
6721	27
6722	25
6723	57
6724	26
6725	29
6726	50
6727	23
6728	25
6729	28
6730	52
6731	23
6732	22
6733	23
6734	62
6735	25
6736	28
6737	22
6738	24
6739	14
6740	23
6741	24
6742	38
6743	24
6744	24
6745	34
6746	41
6747	22
6748	26
6749	30
6750	35
6751	22
6752	24
6753	27
6754	28
6755	36
6756	19
6757	23
6758	23
6759	47
6760	24
6761	25
6762	26
6763	26
6764	29
6765	57
6766	26
6767	23
6768	43
6769	22
6770	41
6771	23
6772	24
6773	27
6774	26
6775	23
6776	26
6777	40
6778	27
6779	43
6780	34
6781	31
6782	42
6783	25
6784	43
6785	24
6786	23
6787	27
6788	24
6789	26
6790	22
6791	27
6792	23
6793	22
6794	26
6795	23
6796	23
6797	25
6798	24
6799	37
6800	33
6801	17
6802	40
6803	31
6804	41
6805	26
6806	29
6807	40
6808	29
6809	37
6810	24
6811	33
6812	23
6813	23
6814	26
6815	27
6816	39
6817	24
6818	22
6819	27
6820	24
6821	27
6822	27
6823	26
6824	29
6825	36
6826	24
6827	22
6828	32
6829	25
6830	49
6831	46
6832	29
6833	43
6834	25
6835	52
6836	28
6837	22
6838	22
6839	50
6840	26
6841	47
6842	23
6843	44
6844	38
6845	40
6846	24
6847	33
6848	23
6849	25
6850	25
6851	22
6852	23
6853	49
6854	29
6855	48
6856	26
6857	43
6858	23
6859	22
6860	24
6861	43
6862	29
6863	39
6864	24
6865	23
6866	38
6867	25
6868	25
6869	33
6870	26
6871	24
6872	26
6873	26
6874	24
6875	24
6876	23
6877	24
6878	22
6879	22
6880	25
6881	24
6882	22
6883	48
6884	25
6885	42
6886	28
6887	24
6888	43
6889	26
6890	22
6891	23
6892	23
6893	23
6894	44
6895	22
6896	23
6897	26
6898	23
6899	22
6900	29
6901	25
6902	24
6903	23
6904	25
6905	22
6906	25
6907	24
6908	25
6909	28
6910	25
6911	42
6912	36
6913	28
6914	37
6915	24
6916	36
6917	32
6918	30
6919	28
6920	25
6921	31
6922	28
6923	25
6924	40
6925	27
6926	27
6927	35
6928	32
6929	22
6930	24
6931	24
6932	22
6933	25
6934	22
6935	24
6936	46
6937	48
6938	28
6939	26
6940	24
6941	26
6942	35
6943	28
6944	24
6945	25
6946	29
6947	40
6948	50
6949	22
6950	27
6951	24
6952	23
6953	23
6954	23
6955	22
6956	22
6957	45
6958	22
6959	32
6960	26
6961	26
6962	57
6963	46
6964	22
6965	28
6966	24
6967	25
6968	38
6969	7
6970	22
6971	25
6972	44
6973	27
6974	25
6975	28
6976	25
6977	25
6978	28
6979	22
6980	26
6981	23
6982	23
6983	23
6984	23
6985	28
6986	37
6987	27
6988	26
6989	28
6990	44
6991	25
6992	26
6993	22
6994	26
6995	23
6996	23
6997	23
6998	32
6999	37
7000	24
7001	34
7002	22
7003	22
7004	24
7005	36
7006	27
7007	34
7008	22
7009	22
7010	27
7011	23
7012	24
7013	58
7014	22
7015	27
7016	37
7017	27
7018	40
7019	24
7020	26
7021	43
7022	24
7023	25
7024	26
7025	58
7026	24
7027	25
7028	24
7029	26
7030	36
7031	22
7032	26
7033	23
7034	22
7035	27
7036	25
7037	35
7038	30
7039	37
7040	28
7041	23
7042	22
7043	26
7044	52
7045	22
7046	22
7047	24
7048	27
7049	25
7050	22
7051	26
7052	46
7053	25
7054	23
7055	37
7056	36
7057	32
7058	36
7059	22
7060	25
7061	22
7062	25
7063	23
7064	24
7065	22
7066	23
7067	22
7068	25
7069	29
7070	41
7071	33
7072	22
7073	24
7074	31
7075	39
7076	23
7077	59
7078	24
7079	23
7080	24
7081	24
7082	24
7083	22
7084	22
7085	48
7086	28
7087	22
7088	24
7089	49
7090	24
7091	36
7092	75
7093	31
7094	28
7095	25
7096	25
7097	23
7098	23
7099	26
7100	23
7101	25
7102	26
7103	22
7104	24
7105	24
7106	48
7107	41
7108	40
7109	25
7110	23
7111	36
7112	22
7113	31
7114	40
7115	24
7116	23
7117	37
7118	30
7119	38
7120	23
7121	24
7122	29
7123	22
7124	37
7125	25
7126	23
7127	36
7128	24
7129	22
7130	25
7131	34
7132	24
7133	22
7134	12
7135	27
7136	27
7137	26
7138	34
7139	37
7140	33
7141	24
7142	39
7143	4
7144	23
7145	23
7146	44
7147	22
7148	24
7149	38
7150	44
7151	34
7152	23
7153	24
7154	23
7155	25
7156	25
7157	23
7158	36
7159	40
7160	25
7161	24
7162	23
7163	27
7164	43
7165	41
7166	22
7167	22
7168	28
7169	23
7170	23
7171	27
7172	28
7173	38
7174	26
7175	25
7176	50
7177	24
7178	36
7179	41
7180	43
7181	32
7182	43
7183	48
7184	19
7185	22
7186	23
7187	26
7188	28
7189	40
7190	23
7191	24
7192	49
7193	26
7194	22
7195	24
7196	26
7197	22
7198	24
7199	24
7200	33
7201	55
7202	23
7203	27
7204	29
7205	40
7206	23
7207	43
7208	23
7209	30
7210	38
7211	33
7212	59
7213	34
7214	26
7215	34
7216	23
7217	26
7218	31
7219	38
7220	24
7221	46
7222	27
7223	42
7224	25
7225	27
7226	40
7227	29
7228	24
7229	45
7230	24
7231	22
7232	23
7233	46
7234	26
7235	24
7236	25
7237	25
7238	49
7239	23
7240	27
7241	24
7242	24
7243	22
7244	23
7245	38
7246	41
7247	24
7248	27
7249	22
7250	38
7251	25
7252	22
7253	30
7254	37
7255	23
7256	34
7257	24
7258	25
7259	26
7260	25
7261	22
7262	23
7263	55
7264	24
7265	24
7266	27
7267	25
7268	41
7269	24
7270	24
7271	32
7272	23
7273	36
7274	24
7275	27
7276	23
7277	23
7278	27
7279	27
7280	23
7281	26
7282	42
7283	26
7284	24
7285	24
7286	22
7287	24
7288	36
7289	26
7290	24
7291	23
7292	22
7293	25
7294	23
7295	34
7296	23
7297	23
7298	28
7299	28
7300	41
7301	24
7302	29
7303	24
7304	26
7305	25
7306	23
7307	50
7308	25
7309	38
7310	36
7311	25
7312	26
7313	27
7314	25
7315	24
7316	24
7317	27
7318	24
7319	25
7320	39
7321	43
7322	24
7323	25
7324	32
7325	24
7326	24
7327	22
7328	24
7329	22
7330	16
7331	23
7332	27
7333	25
7334	29
7335	37
7336	28
7337	23
7338	23
7339	23
7340	23
7341	37
7342	26
7343	23
7344	23
7345	23
7346	26
7347	23
7348	23
7349	23
7350	23
7351	23
7352	28
7353	25
7354	23
7355	24
7356	23
7357	23
7358	23
7359	40
7360	26
7361	23
7362	31
7363	22
7364	22
7365	23
7366	25
7367	44
7368	23
7369	23
7370	34
7371	25
7372	34
7373	22
7374	23
7375	25
7376	35
7377	37
7378	24
7379	25
7380	27
7381	56
7382	50
7383	26
7384	35
7385	27
7386	23
7387	23
7388	23
7389	46
7390	27
7391	33
7392	24
7393	23
7394	24
7395	35
7396	27
7397	26
7398	43
7399	28
7400	34
7401	29
7402	34
7403	24
7404	24
7405	23
7406	24
7407	22
7408	24
7409	22
7410	43
7411	27
7412	24
7413	26
7414	22
7415	28
7416	35
7417	24
7418	26
7419	27
7420	25
7421	22
7422	22
7423	29
7424	42
7425	46
7426	22
7427	23
7428	27
7429	48
7430	22
7431	26
7432	23
7433	25
7434	23
7435	23
7436	22
7437	26
7438	34
7439	25
7440	23
7441	23
7442	27
7443	50
7444	24
7445	24
7446	29
7447	38
7448	24
7449	39
7450	55
7451	26
7452	24
7453	28
7454	37
7455	23
7456	35
7457	27
7458	26
7459	28
7460	38
7461	27
7462	23
7463	23
7464	25
7465	26
7466	25
7467	26
7468	30
7469	40
7470	22
7471	27
7472	30
7473	41
7474	22
7475	27
7476	24
7477	24
7478	27
7479	35
7480	24
7481	22
7482	34
7483	42
7484	25
7485	49
7486	25
7487	22
7488	52
7489	23
7490	19
7491	30
7492	36
7493	24
7494	25
7495	22
7496	25
7497	34
7498	29
7499	39
7500	24
7501	23
7502	22
7503	50
7504	41
7505	46
7506	35
7507	26
7508	25
7509	23
7510	23
7511	35
7512	48
7513	52
7514	23
7515	25
7516	23
7517	25
7518	25
7519	29
7520	23
7521	24
7522	28
7523	34
7524	29
7525	37
7526	26
7527	45
7528	27
7529	31
7530	30
7531	38
7532	24
7533	22
7534	38
7535	27
7536	27
7537	35
7538	28
7539	40
7540	25
7541	24
7542	25
7543	26
7544	24
7545	25
7546	25
7547	33
7548	23
7549	25
7550	25
7551	25
7552	24
7553	24
7554	22
7555	46
7556	33
7557	82
7558	23
7559	24
7560	24
7561	23
7562	23
7563	26
7564	22
7565	45
7566	43
7567	38
7568	62
7569	24
7570	27
7571	34
7572	52
7573	23
7574	29
7575	23
7576	28
7577	22
7578	24
7579	25
7580	23
7581	25
7582	27
7583	25
7584	25
7585	23
7586	26
7587	36
7588	28
7589	40
7590	27
7591	34
7592	35
7593	33
7594	22
7595	24
7596	48
7597	23
7598	25
7599	25
7600	23
7601	24
7602	23
7603	24
7604	23
7605	25
7606	26
7607	28
7608	41
7609	27
7610	23
7611	26
7612	23
7613	27
7614	28
7615	38
7616	23
7617	23
7618	24
7619	23
7620	25
7621	27
7622	24
7623	36
7624	22
7625	31
7626	41
7627	22
7628	24
7629	23
7630	25
7631	43
7632	38
7633	26
7634	27
7635	36
7636	23
7637	28
7638	44
7639	25
7640	43
7641	34
7642	26
7643	23
7644	21
7645	22
7646	29
7647	25
7648	25
7649	29
7650	38
7651	28
7652	48
7653	28
7654	29
7655	40
7656	27
7657	38
7658	24
7659	25
7660	23
7661	25
7662	24
7663	22
7664	24
7665	23
7666	25
7667	22
7668	23
7669	27
7670	35
7671	23
7672	22
7673	23
7674	25
7675	24
7676	23
7677	25
7678	61
7679	25
7680	54
7681	33
7682	22
7683	25
7684	33
7685	28
7686	22
7687	38
7688	33
7689	23
7690	29
7691	24
7692	22
7693	53
7694	53
7695	25
7696	26
7697	49
7698	29
7699	23
7700	23
7701	27
7702	29
7703	40
7704	33
7705	24
7706	28
7707	25
7708	39
7709	22
7710	26
7711	27
7712	23
7713	23
7714	23
7715	30
7716	40
7717	25
7718	31
7719	39
7720	25
7721	23
7722	23
7723	39
7724	24
7725	24
7726	23
7727	29
7728	36
7729	44
7730	25
7731	29
7732	23
7733	29
7734	40
7735	46
7736	28
7737	27
7738	23
7739	25
7740	24
7741	28
7742	26
7743	48
7744	70
7745	28
7746	27
7747	23
7748	22
7749	26
7750	44
7751	22
7752	26
7753	22
7754	60
7755	22
7756	16
7757	22
7758	37
7759	52
7760	50
7761	27
7762	25
7763	48
7764	23
7765	24
7766	25
7767	26
7768	41
7769	25
7770	22
7771	55
7772	25
7773	40
7774	44
7775	28
7776	48
7777	23
7778	51
7779	35
7780	34
7781	23
7782	24
7783	27
7784	26
7785	25
7786	27
7787	24
7788	22
7789	24
7790	48
7791	25
7792	33
7793	27
7794	37
7795	23
7796	38
7797	27
7798	26
7799	24
7800	30
7801	23
7802	29
7803	26
7804	24
7805	26
7806	28
7807	42
7808	23
7809	34
7810	37
7811	27
7812	34
7813	37
7814	22
7815	26
7816	33
7817	23
7818	24
7819	23
7820	3
7821	25
7822	41
7823	22
7824	49
7825	28
7826	22
7827	41
7828	26
7829	27
7830	38
7831	26
7832	26
7833	23
7834	28
7835	41
7836	28
7837	26
7838	26
7839	45
7840	24
7841	34
7842	24
7843	24
7844	23
7845	52
7846	50
7847	26
7848	23
7849	22
7850	42
7851	24
7852	23
7853	25
7854	25
7855	22
7856	27
7857	27
7858	22
7859	34
7860	28
7861	44
7862	25
7863	23
7864	25
7865	23
7866	23
7867	23
7868	33
7869	33
7870	25
7871	41
7872	27
7873	36
7874	26
7875	23
7876	25
7877	27
7878	23
7879	25
7880	23
7881	24
7882	48
7883	24
7884	43
7885	26
7886	23
7887	24
7888	23
7889	23
7890	25
7891	24
7892	23
7893	22
7894	26
7895	29
7896	25
7897	50
7898	34
7899	61
7900	24
7901	30
7902	25
7903	22
7904	26
7905	26
7906	31
7907	39
7908	48
7909	23
7910	23
7911	34
7912	30
7913	29
7914	23
7915	22
7916	46
7917	22
7918	52
7919	45
7920	28
7921	23
7922	59
7923	26
7924	34
7925	24
7926	23
7927	32
7928	26
7929	23
7930	57
7931	25
7932	36
7933	28
7934	38
7935	24
7936	5
7937	24
7938	22
7939	23
7940	21
7941	28
7942	31
7943	34
7944	38
7945	24
7946	27
7947	26
7948	25
7949	24
7950	23
7951	26
7952	23
7953	23
7954	25
7955	24
7956	27
7957	42
7958	26
7959	24
7960	36
7961	26
7962	22
7963	23
7964	35
7965	23
7966	27
7967	44
7968	24
7969	33
7970	25
7971	33
7972	43
7973	23
7974	23
7975	23
7976	23
7977	32
7978	23
7979	34
7980	26
7981	32
7982	44
7983	34
7984	23
7985	32
7986	25
7987	22
7988	40
7989	24
7990	23
7991	36
7992	25
7993	48
7994	4
7995	27
7996	28
7997	27
7998	23
7999	28
8000	40
8001	28
8002	49
8003	57
8004	24
8005	24
8006	28
8007	26
8008	22
8009	49
8010	30
8011	28
8012	26
8013	26
8014	22
8015	23
8016	23
8017	25
8018	26
8019	34
8020	22
8021	23
8022	43
8023	27
8024	25
8025	22
8026	26
8027	23
8028	23
8029	46
8030	27
8031	40
8032	25
8033	25
8034	23
8035	23
8036	23
8037	24
8038	49
8039	26
8040	27
8041	23
8042	23
8043	25
8044	25
8045	47
8046	29
8047	23
8048	23
8049	54
8050	42
8051	31
8052	24
8053	23
8054	38
8055	26
8056	24
8057	36
8058	24
8059	27
8060	22
8061	23
8062	37
8063	22
8064	23
8065	62
8066	29
8067	23
8068	24
8069	24
8070	23
8071	22
8072	25
8073	33
8074	27
8075	23
8076	24
8077	23
8078	30
8079	40
8080	23
8081	35
8082	23
8083	25
8084	43
8085	25
8086	34
8087	29
8088	37
8089	25
8090	25
8091	30
8092	47
8093	23
8094	24
8095	45
8096	48
8097	26
8098	31
8099	28
8100	38
8101	24
8102	39
8103	23
8104	35
8105	26
8106	27
8107	24
8108	23
8109	23
8110	24
8111	24
8112	46
8113	24
8114	47
8115	40
8116	27
8117	37
8118	23
8119	30
8120	47
8121	37
8122	26
8123	26
8124	43
8125	26
8126	33
8127	22
8128	25
8129	29
8130	47
8131	29
8132	25
8133	22
8134	18
8135	33
8136	25
8137	46
8138	24
8139	32
8140	41
8141	24
8142	34
8143	22
8144	23
8145	42
8146	26
8147	22
8148	23
8149	24
8150	22
8151	27
8152	26
8153	26
8154	25
8155	23
8156	26
8157	25
8158	22
8159	23
8160	22
8161	24
8162	27
8163	23
8164	24
8165	31
8166	38
8167	43
8168	24
8169	24
8170	39
8171	23
8172	22
8173	46
8174	30
8175	26
8176	28
8177	26
8178	42
8179	38
8180	45
8181	24
8182	25
8183	29
8184	37
8185	25
8186	43
8187	24
8188	41
8189	27
8190	35
8191	41
8192	44
8193	28
8194	36
8195	22
8196	24
8197	23
8198	39
8199	21
8200	22
8201	24
8202	23
8203	24
8204	41
8205	22
8206	25
8207	23
8208	49
8209	25
8210	23
8211	22
8212	48
8213	34
8214	40
8215	26
8216	37
8217	23
8218	22
8219	28
8220	36
8221	47
8222	22
8223	24
8224	25
8225	25
8226	22
8227	23
8228	25
8229	23
8230	27
8231	25
8232	33
8233	23
8234	23
8235	22
8236	58
8237	22
8238	65
8239	24
8240	27
8241	54
8242	27
8243	57
8244	23
8245	22
8246	34
8247	23
8248	25
8249	25
8250	46
8251	23
8252	23
8253	23
8254	43
8255	28
8256	31
8257	44
8258	34
8259	26
8260	42
8261	15
8262	27
8263	41
8264	24
8265	44
8266	44
8267	23
8268	22
8269	25
8270	22
8271	22
8272	24
8273	25
8274	27
8275	23
8276	23
8277	23
8278	27
8279	22
8280	36
8281	23
8282	28
8283	23
8284	23
8285	45
8286	24
8287	23
8288	29
8289	28
8290	24
8291	40
8292	28
8293	23
8294	27
8295	34
8296	29
8297	23
8298	46
8299	33
8300	35
8301	25
8302	34
8303	27
8304	38
8305	22
8306	25
8307	51
8308	35
8309	28
8310	26
8311	26
8312	24
8313	34
8314	44
8315	34
8316	24
8317	27
8318	23
8319	23
8320	23
8321	42
8322	37
8323	29
8324	31
8325	23
8326	27
8327	47
8328	22
8329	23
8330	23
8331	24
8332	23
8333	27
8334	26
8335	22
8336	38
8337	24
8338	23
8339	30
8340	44
8341	39
8342	23
8343	27
8344	25
8345	38
8346	46
8347	24
8348	26
8349	25
8350	23
8351	23
8352	26
8353	22
8354	39
8355	33
8356	24
8357	27
8358	23
8359	22
8360	27
8361	52
8362	27
8363	25
8364	24
8365	22
8366	39
8367	28
8368	37
8369	25
8370	38
8371	22
8372	40
8373	34
8374	27
8375	25
8376	31
8377	44
8378	24
8379	24
8380	22
8381	23
8382	23
8383	23
8384	25
8385	24
8386	25
8387	45
8388	34
8389	34
8390	23
8391	25
8392	23
8393	24
8394	48
8395	38
8396	24
8397	27
8398	26
8399	34
8400	29
8401	37
8402	36
8403	23
8404	27
8405	22
8406	26
8407	28
8408	24
8409	25
8410	23
8411	24
8412	28
8413	26
8414	24
8415	25
8416	25
8417	23
8418	23
8419	33
8420	23
8421	25
8422	29
8423	26
8424	23
8425	23
8426	26
8427	29
8428	22
8429	24
8430	23
8431	24
8432	28
8433	29
8434	22
8435	26
8436	22
8437	23
8438	44
8439	22
8440	26
8441	23
8442	50
8443	34
8444	26
8445	24
8446	24
8447	24
8448	51
8449	23
8450	23
8451	24
8452	39
8453	49
8454	27
8455	26
8456	22
8457	33
8458	24
8459	24
8460	35
8461	34
8462	33
8463	26
8464	53
8465	48
8466	24
8467	24
8468	47
8469	35
8470	22
8471	36
8472	24
8473	28
8474	41
8475	34
8476	27
8477	23
8478	41
8479	62
8480	24
8481	38
8482	28
8483	31
8484	37
8485	50
8486	24
8487	36
8488	44
8489	26
8490	25
8491	22
8492	28
8493	37
8494	42
8495	16
8496	34
8497	37
8498	22
8499	27
8500	24
8501	28
8502	23
8503	24
8504	25
8505	41
8506	25
8507	23
8508	22
8509	24
8510	24
8511	51
8512	22
8513	26
8514	26
8515	25
8516	56
8517	34
8518	36
8519	24
8520	23
8521	22
8522	25
8523	22
8524	23
8525	23
8526	26
8527	28
8528	25
8529	35
8530	27
8531	22
8532	23
8533	42
8534	28
8535	49
8536	19
8537	23
8538	23
8539	23
8540	23
8541	26
8542	34
8543	25
8544	22
8545	24
8546	23
8547	11
8548	24
8549	23
8550	26
8551	24
8552	25
8553	26
8554	23
8555	26
8556	27
8557	50
8558	26
8559	26
8560	23
8561	23
8562	26
8563	24
8564	23
8565	46
8566	28
8567	23
8568	23
8569	30
8570	41
8571	22
8572	37
8573	22
8574	5
8575	25
8576	22
8577	23
8578	23
8579	25
8580	34
8581	47
8582	17
8583	22
8584	25
8585	26
8586	25
8587	43
8588	23
8589	23
8590	27
8591	23
8592	28
8593	39
8594	24
8595	37
8596	24
8597	23
8598	40
8599	25
8600	45
8601	23
8602	26
8603	28
8604	37
8605	24
8606	23
8607	22
8608	26
8609	28
8610	40
8611	24
8612	23
8613	22
8614	46
8615	23
8616	22
8617	34
8618	24
8619	22
8620	26
8621	25
8622	22
8623	26
8624	25
8625	23
8626	22
8627	23
8628	24
8629	22
8630	22
8631	22
8632	23
8633	25
8634	23
8635	25
8636	43
8637	23
8638	23
8639	22
8640	26
8641	23
8642	23
8643	23
8644	27
8645	24
8646	23
8647	23
8648	28
8649	41
8650	24
8651	24
8652	23
8653	26
8654	26
8655	24
8656	23
8657	23
8658	25
8659	34
8660	22
8661	28
8662	22
8663	23
8664	28
8665	41
8666	24
8667	25
8668	45
8669	28
8670	26
8671	40
8672	38
8673	23
8674	23
8675	23
8676	22
8677	26
8678	28
8679	23
8680	24
8681	23
8682	23
8683	22
8684	39
8685	26
8686	46
8687	26
8688	26
8689	23
8690	26
8691	37
8692	27
8693	24
8694	23
8695	23
8696	22
8697	24
8698	26
8699	25
8700	7
8701	56
8702	25
8703	29
8704	38
8705	26
8706	23
8707	27
8708	27
8709	27
8710	27
8711	35
8712	46
8713	22
8714	50
8715	25
8716	23
8717	24
8718	26
8719	25
8720	23
8721	35
8722	29
8723	44
8724	23
8725	40
8726	22
8727	50
8728	25
8729	27
8730	27
8731	23
8732	29
8733	27
8734	15
8735	39
8736	30
8737	25
8738	23
8739	23
8740	23
8741	47
8742	35
8743	22
8744	28
8745	25
8746	29
8747	40
8748	52
8749	39
8750	24
8751	25
8752	37
8753	22
8754	25
8755	26
8756	22
8757	38
8758	48
8759	25
8760	26
8761	25
8762	51
8763	55
8764	22
8765	28
8766	36
8767	24
8768	23
8769	26
8770	22
8771	25
8772	44
8773	37
8774	23
8775	22
8776	46
8777	23
8778	24
8779	24
8780	26
8781	26
8782	24
8783	25
8784	27
8785	36
8786	43
8787	22
8788	23
8789	34
8790	25
8791	25
8792	43
8793	24
8794	36
8795	46
8796	24
8797	23
8798	23
8799	23
8800	25
8801	36
8802	23
8803	55
8804	26
8805	25
8806	26
8807	25
8808	38
8809	22
8810	23
8811	25
8812	24
8813	22
8814	23
8815	36
8816	26
8817	24
8818	27
8819	27
8820	34
8821	25
8822	23
8823	46
8824	44
8825	25
8826	23
8827	35
8828	29
8829	38
8830	22
8831	24
8832	22
8833	22
8834	28
8835	25
8836	34
8837	50
8838	22
8839	22
8840	26
8841	35
8842	25
8843	27
8844	38
8845	22
8846	27
8847	46
8848	22
8849	25
8850	27
8851	46
8852	23
8853	47
8854	29
8855	25
8856	28
8857	37
8858	25
8859	28
8860	41
8861	25
8862	53
8863	29
8864	26
8865	25
8866	28
8867	43
8868	22
8869	29
8870	22
8871	36
8872	22
8873	45
8874	24
8875	38
8876	24
8877	42
8878	24
8879	23
8880	25
8881	23
8882	24
8883	23
8884	22
8885	25
8886	41
8887	40
8888	22
8889	23
8890	23
8891	22
8892	35
8893	34
8894	24
8895	27
8896	24
8897	22
8898	23
8899	25
8900	27
8901	60
8902	24
8903	53
8904	36
8905	29
8906	22
8907	25
8908	26
8909	24
8910	9
8911	25
8912	26
8913	42
8914	23
8915	26
8916	51
8917	29
8918	36
8919	24
8920	24
8921	27
8922	22
8923	27
8924	25
8925	27
8926	29
8927	40
8928	23
8929	24
8930	24
8931	41
8932	22
8933	28
8934	36
8935	28
8936	38
8937	23
8938	28
8939	23
8940	41
8941	33
8942	24
8943	28
8944	23
8945	34
8946	24
8947	23
8948	23
8949	29
8950	40
8951	26
8952	27
8953	25
8954	29
8955	27
8956	34
8957	36
8958	22
8959	47
8960	28
8961	22
8962	20
8963	52
8964	26
8965	37
8966	24
8967	46
8968	28
8969	38
8970	25
8971	34
8972	22
8973	50
8974	46
8975	22
8976	38
8977	46
8978	23
8979	23
8980	24
8981	23
8982	23
8983	23
8984	23
8985	27
8986	28
8987	37
8988	50
8989	23
8990	26
8991	23
8992	34
8993	24
8994	33
8995	23
8996	23
8997	25
8998	23
8999	26
9000	24
9001	24
9002	24
9003	29
9004	36
9005	23
9006	23
9007	26
9008	38
9009	22
9010	23
9011	35
9012	48
9013	23
9014	23
9015	23
9016	32
9017	28
9018	23
9019	25
9020	25
9021	46
9022	40
9023	23
9024	16
9025	36
9026	26
9027	22
9028	27
9029	27
9030	26
9031	24
9032	60
9033	25
9034	22
9035	25
9036	26
9037	23
9038	23
9039	23
9040	35
9041	30
9042	37
9043	26
9044	22
9045	23
9046	27
9047	26
9048	42
9049	24
9050	22
9051	27
9052	42
9053	27
9054	23
9055	29
9056	26
9057	23
9058	24
9059	47
9060	42
9061	26
9062	24
9063	56
9064	23
9065	24
9066	24
9067	22
9068	30
9069	39
9070	30
9071	38
9072	26
9073	23
9074	51
9075	23
9076	34
9077	22
9078	22
9079	35
9080	27
9081	25
9082	24
9083	26
9084	22
9085	23
9086	30
9087	39
9088	27
9089	36
9090	45
9091	26
9092	23
9093	36
9094	25
9095	26
9096	26
9097	26
9098	43
9099	39
9100	23
9101	26
9102	46
9103	22
9104	23
9105	23
9106	23
9107	46
9108	24
9109	34
9110	24
9111	23
9112	22
9113	32
9114	22
9115	22
9116	28
9117	40
9118	22
9119	25
9120	24
9121	27
9122	24
9123	36
9124	23
9125	29
9126	48
9127	41
9128	25
9129	23
9130	23
9131	41
9132	25
9133	26
9134	24
9135	32
9136	23
9137	26
9138	23
9139	35
9140	25
9141	44
9142	34
9143	26
9144	49
9145	26
9146	24
9147	36
9148	44
9149	23
9150	23
9151	24
9152	22
9153	31
9154	38
9155	26
9156	3
9157	26
9158	37
9159	24
9160	34
9161	24
9162	43
9163	25
9164	24
9165	41
9166	24
9167	39
9168	22
9169	23
9170	61
9171	27
9172	24
9173	35
9174	25
9175	25
9176	39
9177	36
9178	25
9179	46
9180	26
9181	24
9182	23
9183	23
9184	26
9185	23
9186	46
9187	42
9188	59
9189	28
9190	36
9191	23
9192	33
9193	40
9194	24
9195	34
9196	24
9197	24
9198	24
9199	22
9200	23
9201	33
9202	24
9203	26
9204	34
9205	26
9206	22
9207	33
9208	22
9209	23
9210	54
9211	23
9212	23
9213	28
9214	36
9215	22
9216	26
9217	24
9218	24
9219	24
9220	25
9221	38
9222	22
9223	33
9224	27
9225	25
9226	22
9227	24
9228	38
9229	22
9230	26
9231	22
9232	22
9233	23
9234	22
9235	26
9236	24
9237	53
9238	23
9239	22
9240	22
9241	24
9242	25
9243	25
9244	23
9245	45
9246	22
9247	24
9248	24
9249	24
9250	23
9251	24
9252	45
9253	23
9254	45
9255	23
9256	24
9257	25
9258	46
9259	35
9260	23
9261	49
9262	37
9263	24
9264	25
9265	42
9266	43
9267	35
9268	25
9269	23
9270	29
9271	35
9272	29
9273	42
9274	23
9275	37
9276	47
9277	23
9278	26
9279	22
9280	23
9281	27
9282	26
9283	34
9284	23
9285	29
9286	24
9287	50
9288	33
9289	34
9290	26
9291	12
9292	25
9293	23
9294	22
9295	28
9296	37
9297	27
9298	25
9299	24
9300	26
9301	29
9302	26
9303	23
9304	35
9305	36
9306	55
9307	26
9308	34
9309	22
9310	40
9311	34
9312	27
9313	44
9314	25
9315	25
9316	23
9317	37
9318	43
9319	24
9320	24
9321	24
9322	25
9323	29
9324	22
9325	65
9326	24
9327	27
9328	53
9329	53
9330	30
9331	23
9332	27
9333	23
9334	23
9335	38
9336	56
9337	24
9338	23
9339	23
9340	24
9341	50
9342	24
9343	24
9344	25
9345	23
9346	24
9347	25
9348	29
9349	26
9350	24
9351	25
9352	24
9353	44
9354	25
9355	49
9356	31
9357	23
9358	26
9359	19
9360	44
9361	29
9362	27
9363	54
9364	26
9365	23
9366	27
9367	23
9368	34
9369	37
9370	25
9371	25
9372	37
9373	23
9374	24
9375	26
9376	24
9377	31
9378	32
9379	24
9380	27
9381	52
9382	25
9383	25
9384	24
9385	32
9386	25
9387	37
9388	44
9389	41
9390	29
9391	28
9392	51
9393	83
9394	23
9395	43
9396	41
9397	24
9398	22
9399	37
9400	24
9401	22
9402	25
9403	23
9404	23
9405	23
9406	22
9407	26
9408	24
9409	41
9410	41
9411	23
9412	25
9413	23
9414	27
9415	22
9416	26
9417	26
9418	25
9419	25
9420	24
9421	26
9422	41
9423	24
9424	29
9425	43
9426	25
9427	23
9428	26
9429	25
9430	28
9431	23
9432	23
9433	29
9434	23
9435	53
9436	23
9437	23
9438	54
9439	22
9440	24
9441	24
9442	24
9443	23
9444	27
9445	23
9446	27
9447	35
9448	26
9449	39
9450	23
9451	23
9452	22
9453	23
9454	24
9455	22
9456	27
9457	51
9458	41
9459	32
9460	41
9461	26
9462	24
9463	41
9464	28
9465	27
9466	62
9467	29
9468	28
9469	22
9470	27
9471	22
9472	27
9473	49
9474	51
9475	25
9476	23
9477	23
9478	23
9479	25
9480	23
9481	28
9482	27
9483	54
9484	25
9485	36
9486	40
9487	37
9488	28
9489	24
9490	41
9491	24
9492	45
9493	23
9494	23
9495	29
9496	40
9497	34
9498	35
9499	34
9500	25
9501	25
9502	22
9503	23
9504	22
9505	24
9506	23
9507	55
9508	23
9509	31
9510	47
9511	41
9512	32
9513	29
9514	26
9515	22
9516	29
9517	39
9518	39
9519	22
9520	42
9521	24
9522	26
9523	27
9524	23
9525	25
9526	28
9527	41
9528	26
9529	25
9530	32
9531	42
9532	28
9533	33
9534	47
9535	29
9536	22
9537	24
9538	57
9539	47
9540	26
9541	49
9542	26
9543	22
9544	43
9545	26
9546	45
9547	52
9548	27
9549	35
9550	26
9551	23
9552	30
9553	25
9554	24
9555	23
9556	23
9557	36
9558	22
9559	25
9560	23
9561	26
9562	24
9563	29
9564	38
9565	35
9566	28
9567	26
9568	27
9569	40
9570	25
9571	25
9572	27
9573	28
9574	29
9575	47
9576	27
9577	22
9578	26
9579	28
9580	29
9581	24
9582	23
9583	28
9584	24
9585	29
9586	26
9587	34
9588	26
9589	39
9590	26
9591	25
9592	27
9593	23
9594	25
9595	36
9596	23
9597	23
9598	26
9599	29
9600	38
9601	26
9602	37
9603	22
9604	24
9605	26
9606	23
9607	24
9608	23
9609	24
9610	22
9611	34
9612	23
9613	23
9614	28
9615	25
9616	22
9617	24
9618	51
9619	23
9620	39
9621	32
9622	33
9623	26
9624	26
9625	22
9626	27
9627	22
9628	23
9629	25
9630	56
9631	23
9632	26
9633	52
9634	26
9635	37
9636	22
9637	24
9638	23
9639	36
9640	26
9641	23
9642	27
9643	25
9644	29
9645	39
9646	25
9647	23
9648	24
9649	24
9650	24
9651	43
9652	25
9653	23
9654	47
9655	23
9656	47
9657	25
9658	70
9659	28
9660	28
9661	42
9662	29
9663	22
9664	62
9665	37
9666	26
9667	38
9668	23
9669	23
9670	28
9671	42
9672	22
9673	27
9674	24
9675	25
9676	43
9677	27
9678	35
9679	50
9680	23
9681	25
9682	26
9683	24
9684	27
9685	25
9686	27
9687	38
9688	26
9689	55
9690	23
9691	24
9692	34
9693	42
9694	51
9695	23
9696	30
9697	40
9698	53
9699	29
9700	23
9701	22
9702	29
9703	25
9704	23
9705	26
9706	28
9707	38
9708	26
9709	23
9710	28
9711	23
9712	58
9713	39
9714	28
9715	38
9716	40
9717	35
9718	38
9719	23
9720	42
9721	23
9722	53
9723	29
9724	51
9725	53
9726	25
9727	6
9728	35
9729	25
9730	23
9731	23
9732	22
9733	29
9734	43
9735	50
9736	23
9737	26
9738	29
9739	48
9740	52
9741	60
9742	22
9743	22
9744	24
9745	23
9746	30
9747	24
9748	28
9749	23
9750	23
9751	24
9752	24
9753	29
9754	27
9755	25
9756	26
9757	23
9758	29
9759	22
9760	23
9761	26
9762	40
9763	41
9764	25
9765	26
9766	25
9767	27
9768	23
9769	46
9770	42
9771	25
9772	26
9773	51
9774	28
9775	25
9776	26
9777	23
9778	29
9779	26
9780	28
9781	49
9782	23
9783	25
9784	31
9785	28
9786	23
9787	36
9788	23
9789	23
9790	41
9791	28
9792	22
9793	23
9794	24
9795	24
9796	22
9797	29
9798	24
9799	36
9800	38
9801	24
9802	25
9803	45
9804	25
9805	26
9806	25
9807	25
9808	25
9809	25
9810	33
9811	29
9812	23
9813	26
9814	33
9815	55
9816	48
9817	22
9818	25
9819	46
9820	41
9821	27
9822	43
9823	24
9824	23
9825	33
9826	26
9827	33
9828	29
9829	22
9830	22
9831	25
9832	23
9833	23
9834	30
9835	40
9836	27
9837	25
9838	31
9839	44
9840	37
9841	47
9842	44
9843	30
9844	24
9845	25
9846	22
9847	26
9848	25
9849	43
9850	25
9851	24
9852	22
9853	25
9854	29
9855	24
9856	58
9857	28
9858	32
9859	29
9860	27
9861	23
9862	25
9863	25
9864	30
9865	25
9866	44
9867	22
9868	64
9869	25
9870	46
9871	24
9872	25
9873	46
9874	22
9875	25
9876	27
9877	24
9878	25
9879	23
9880	23
9881	26
9882	26
9883	35
9884	24
9885	23
9886	25
9887	40
9888	25
9889	25
9890	22
9891	23
9892	25
9893	27
9894	23
9895	23
9896	63
9897	40
9898	23
9899	22
9900	22
9901	28
9902	35
9903	24
9904	27
9905	27
9906	57
9907	25
9908	27
9909	24
9910	26
9911	24
9912	39
9913	35
9914	25
9915	23
9916	24
9917	22
9918	26
9919	23
9920	23
9921	23
9922	22
9923	25
9924	30
9925	24
9926	22
9927	28
9928	40
9929	31
9930	25
9931	45
9932	45
9933	43
9934	22
9935	23
9936	39
9937	25
9938	23
9939	30
9940	44
9941	37
9942	30
9943	41
9944	47
9945	23
9946	26
9947	26
9948	58
9949	25
9950	34
9951	24
9952	39
9953	26
9954	49
9955	40
9956	28
9957	24
9958	24
9959	31
9960	30
9961	27
9962	60
9963	23
9964	22
9965	57
9966	26
9967	39
9968	24
9969	31
9970	40
9971	27
9972	25
9973	24
9974	24
9975	47
9976	23
9977	23
9978	23
9979	23
9980	27
9981	25
9982	23
9983	28
9984	31
9985	35
9986	22
9987	24
9988	41
9989	42
9990	27
9991	49
9992	28
9993	36
9994	48
9995	29
9996	41
9997	24
9998	23
9999	34
10000	26
10001	23
10002	24
10003	39
10004	24
10005	29
10006	42
10007	28
10008	25
10009	28
10010	22
10011	37
10012	49
10013	23
10014	23
10015	22
10016	25
10017	31
10018	36
10019	38
10020	72
10021	24
10022	32
10023	22
10024	26
10025	26
10026	23
10027	24
10028	22
10029	29
10030	22
10031	33
10032	23
10033	23
10034	25
10035	29
10036	24
10037	22
10038	26
10039	22
10040	23
10041	23
10042	25
10043	34
10044	26
10045	24
10046	44
10047	24
10048	25
10049	46
10050	25
10051	23
10052	25
10053	27
10054	23
10055	25
10056	36
10057	24
10058	25
10059	40
10060	26
10061	27
10062	26
10063	35
10064	23
10065	23
10066	44
10067	23
10068	25
10069	40
10070	37
10071	29
10072	22
10073	46
10074	22
10075	22
10076	26
10077	24
10078	24
10079	31
10080	22
10081	23
10082	30
10083	61
10084	43
10085	24
10086	27
10087	24
10088	42
10089	28
10090	25
10091	27
10092	43
10093	26
10094	30
10095	40
10096	26
10097	22
10098	35
10099	23
10100	28
10101	28
10102	30
10103	23
10104	23
10105	50
10106	24
10107	26
10108	42
10109	35
10110	27
10111	27
10112	27
10113	37
10114	23
10115	43
10116	29
10117	24
10118	23
10119	24
10120	27
10121	24
10122	28
10123	34
10124	26
10125	27
10126	24
10127	25
10128	24
10129	25
10130	24
10131	22
10132	27
10133	38
10134	35
10135	26
10136	25
10137	37
10138	22
10139	29
10140	49
10141	27
10142	22
10143	22
10144	50
10145	22
10146	32
10147	32
10148	43
10149	26
10150	26
10151	29
10152	25
10153	22
10154	22
10155	23
10156	23
10157	25
10158	25
10159	49
10160	30
10161	23
10162	43
10163	26
10164	34
10165	26
10166	24
10167	45
10168	57
10169	29
10170	22
10171	23
10172	47
10173	44
10174	22
10175	25
10176	22
10177	27
10178	39
10179	22
10180	27
10181	38
10182	23
10183	25
10184	26
10185	24
10186	18
10187	26
10188	24
10189	59
10190	27
10191	26
10192	26
10193	27
10194	33
10195	46
10196	61
10197	25
10198	46
10199	23
10200	28
10201	45
10202	22
10203	24
10204	26
10205	28
10206	24
10207	23
10208	62
10209	22
10210	36
10211	36
10212	34
10213	60
10214	27
10215	40
10216	49
10217	24
10218	40
10219	45
10220	30
10221	44
10222	23
10223	33
10224	24
10225	25
10226	26
10227	23
10228	27
10229	59
10230	25
10231	35
10232	24
10233	28
10234	34
10235	40
10236	26
10237	25
10238	25
10239	24
10240	62
10241	24
10242	28
10243	26
10244	29
10245	44
10246	24
10247	27
10248	44
10249	27
10250	48
10251	29
10252	27
10253	24
10254	22
10255	67
10256	33
10257	24
10258	25
10259	25
10260	26
10261	28
10262	57
10263	22
10264	41
10265	41
10266	24
10267	25
10268	26
10269	24
10270	42
10271	24
10272	25
10273	23
10274	28
10275	25
10276	35
10277	48
10278	25
10279	23
10280	28
10281	40
10282	29
10283	22
10284	23
10285	29
10286	23
10287	23
10288	25
10289	22
10290	24
10291	23
10292	22
10293	25
10294	29
10295	26
10296	22
10297	25
10298	32
10299	22
10300	25
10301	23
10302	49
10303	29
10304	40
10305	44
10306	23
10307	25
10308	34
10309	26
10310	27
10311	22
10312	22
10313	27
10314	24
10315	24
10316	25
10317	23
10318	44
10319	22
10320	22
10321	24
10322	24
10323	23
10324	27
10325	24
10326	41
10327	27
10328	30
10329	37
10330	24
10331	22
10332	24
10333	26
10334	22
10335	28
10336	40
10337	25
10338	28
10339	32
10340	41
10341	26
10342	36
10343	43
10344	25
10345	46
10346	27
10347	22
10348	24
10349	26
10350	37
10351	23
10352	23
10353	59
10354	26
10355	80
10356	23
10357	38
10358	25
10359	43
10360	24
10361	47
10362	23
10363	56
10364	24
10365	23
10366	53
10367	25
10368	24
10369	22
10370	28
10371	22
10372	60
10373	26
10374	23
10375	42
10376	49
10377	23
10378	47
10379	22
10380	38
10381	26
10382	23
10383	25
10384	23
10385	26
10386	50
10387	47
10388	22
10389	24
10390	25
10391	29
10392	24
10393	35
10394	33
10395	38
10396	23
10397	29
10398	29
10399	23
10400	29
10401	69
10402	28
10403	57
10404	23
10405	35
10406	47
10407	26
10408	28
10409	34
10410	24
10411	23
10412	27
10413	41
10414	23
10415	26
10416	27
10417	26
10418	29
10419	23
10420	23
10421	29
10422	31
10423	25
10424	24
10425	75
10426	22
10427	29
10428	26
10429	49
10430	24
10431	23
10432	22
10433	39
10434	23
10435	60
10436	25
10437	37
10438	40
10439	26
10440	34
10441	24
10442	36
10443	23
10444	27
10445	22
10446	28
10447	41
10448	27
10449	37
10450	27
10451	29
10452	25
10453	25
10454	48
10455	28
10456	44
10457	36
10458	48
10459	34
10460	22
10461	35
10462	23
10463	23
10464	22
10465	26
10466	26
10467	23
10468	23
10469	29
10470	31
10471	64
10472	22
10473	23
10474	25
10475	27
10476	23
10477	48
10478	23
10479	24
10480	16
10481	22
10482	25
10483	23
10484	48
10485	24
10486	25
10487	34
10488	30
10489	22
10490	28
10491	25
10492	34
10493	25
10494	37
10495	28
10496	22
10497	26
10498	33
10499	24
10500	22
10501	22
10502	25
10503	23
10504	7
10505	53
10506	22
10507	23
10508	24
10509	24
10510	23
10511	23
10512	26
10513	31
10514	31
10515	25
10516	26
10517	23
10518	24
10519	24
10520	23
10521	28
10522	49
10523	23
10524	22
10525	25
10526	23
10527	36
10528	49
10529	23
10530	25
10531	29
10532	26
10533	23
10534	25
10535	23
10536	22
10537	47
10538	24
10539	22
10540	32
10541	22
10542	24
10543	24
10544	47
10545	24
10546	22
10547	22
10548	30
10549	40
10550	28
10551	22
10552	29
10553	39
10554	26
10555	23
10556	61
10557	24
10558	47
10559	22
10560	38
10561	23
10562	22
10563	25
10564	34
10565	22
10566	24
10567	24
10568	23
10569	24
10570	2
10571	24
10572	43
10573	42
10574	38
10575	22
10576	29
10577	44
10578	42
10579	22
10580	31
10581	25
10582	22
10583	22
10584	45
10585	26
10586	25
10587	31
10588	28
10589	25
10590	41
10591	42
10592	23
10593	23
10594	29
10595	27
10596	54
10597	24
10598	33
10599	24
10600	47
10601	29
10602	22
10603	54
10604	48
10605	25
10606	23
10607	27
10608	28
10609	23
10610	23
10611	23
10612	58
10613	30
10614	37
10615	26
10616	26
10617	25
10618	59
10619	26
10620	26
10621	36
10622	39
10623	26
10624	23
10625	28
10626	47
10627	68
10628	49
10629	53
10630	26
10631	36
10632	23
10633	48
10634	26
10635	30
10636	23
10637	27
10638	29
10639	25
10640	26
10641	26
10642	24
10643	27
10644	24
10645	22
10646	26
10647	40
10648	24
10649	24
10650	23
10651	40
10652	56
10653	23
10654	25
10655	43
10656	39
10657	26
10658	26
10659	23
10660	32
10661	30
10662	61
10663	44
10664	23
10665	69
10666	29
10667	25
10668	22
10669	47
10670	26
10671	28
10672	22
10673	23
10674	30
10675	27
10676	24
10677	25
10678	47
10679	33
10680	23
10681	26
10682	57
10683	24
10684	31
10685	39
10686	22
10687	25
10688	26
10689	23
10690	27
10691	23
10692	24
10693	28
10694	27
10695	28
10696	31
10697	29
10698	23
10699	23
10700	24
10701	27
10702	29
10703	28
10704	70
10705	22
10706	22
10707	24
10708	33
10709	24
10710	25
10711	24
10712	37
10713	23
10714	24
10715	22
10716	23
10717	28
10718	40
10719	22
10720	23
10721	28
10722	24
10723	27
10724	32
10725	29
10726	41
10727	24
10728	24
10729	26
10730	27
10731	27
10732	22
10733	24
10734	23
10735	24
10736	25
10737	23
10738	42
10739	24
10740	23
10741	50
10742	54
10743	27
10744	39
10745	24
10746	25
10747	46
10748	39
10749	27
10750	33
10751	25
10752	38
10753	37
10754	22
10755	23
10756	23
10757	23
10758	26
10759	25
10760	43
10761	22
10762	26
10763	49
10764	22
10765	22
10766	28
10767	50
10768	24
10769	25
10770	24
10771	23
10772	58
10773	46
10774	49
10775	28
10776	41
10777	25
10778	26
10779	54
10780	66
10781	36
10782	51
10783	59
10784	22
10785	27
10786	24
10787	22
10788	47
10789	51
10790	22
10791	50
10792	30
10793	27
10794	63
10795	41
10796	63
10797	23
10798	56
10799	24
10800	24
10801	23
10802	35
10803	32
10804	25
10805	22
10806	47
10807	60
10808	26
10809	25
10810	22
10811	53
10812	23
10813	22
10814	24
10815	35
10816	24
10817	27
10818	24
10819	28
10820	40
10821	52
10822	33
10823	24
10824	22
10825	22
10826	22
10827	23
10828	24
10829	23
10830	23
10831	29
10832	41
10833	48
10834	30
10835	39
10836	27
10837	24
10838	24
10839	50
10840	27
10841	26
10842	35
10843	24
10844	42
10845	23
10846	25
10847	29
10848	23
10849	38
10850	28
10851	23
10852	32
10853	38
10854	23
10855	23
10856	29
10857	22
10858	24
10859	32
10860	63
10861	22
10862	22
10863	31
10864	29
10865	22
10866	53
10867	26
10868	37
10869	23
10870	24
10871	22
10872	23
10873	23
10874	35
10875	24
10876	25
10877	23
10878	12
10879	24
10880	25
10881	48
10882	23
10883	28
10884	28
10885	27
10886	44
10887	23
10888	51
10889	36
10890	28
10891	30
10892	38
10893	40
10894	23
10895	23
10896	22
10897	23
10898	25
10899	27
10900	24
10901	32
10902	25
10903	25
10904	46
10905	33
10906	26
10907	28
10908	36
10909	23
10910	36
10911	26
10912	23
10913	27
10914	28
10915	27
10916	25
10917	24
10918	24
10919	42
10920	25
10921	23
10922	37
10923	26
10924	22
10925	23
10926	22
10927	22
10928	22
10929	24
10930	49
10931	25
10932	43
10933	23
10934	26
10935	24
10936	22
10937	24
10938	22
10939	26
10940	24
10941	23
10942	27
10943	24
10944	41
10945	23
10946	23
10947	25
10948	36
10949	22
10950	22
10951	22
10952	24
10953	22
10954	22
10955	22
10956	40
10957	25
